0.112500  0.500000
0.225000  0.500000
0.337500  0.500000
0.450000  0.500000
0.562500  0.500000
0.675000  0.500000
0.787500  0.500000
0.900000  0.500000
1.012500  0.500000
1.062500  1.000000
1.175000  1.000000
1.428125  1.000000
1.681250  1.500000
2.250781  1.500000
2.503906  2.000000
3.073437  2.000000
3.326562  2.500000
3.896094  2.500000
4.149219  3.000000
4.718750  3.000000
4.971875  3.500000
5.541406  3.500000
5.794531  3.500000
5.907031  4.000000
6.160156  4.000000
6.729687  4.000000
6.982812  4.500000
7.552344  4.500000
8.121875  5.000000
9.403320  5.500000
10.684766  6.000000
11.966211  6.500000
13.247656  7.000000
14.529102  7.500000
15.810547  8.000000
17.091992  8.000000
17.661523  8.500000
18.942969  9.000000
20.224414  9.500000
21.505859  9.500000
22.075391  10.000000
23.356836  10.000000
23.926367  10.500000
25.207813  11.000000
26.489258  11.000000
27.058789  11.500000
28.340234  11.500000
28.909766  12.000000
30.191211  12.000000
30.760742  12.500000
32.042188  12.500000
32.611719  13.000000
33.893164  13.000000
34.462695  13.500000
35.744141  13.500000
36.313672  14.000000
37.595117  14.000000
38.164648  14.500000
39.446094  14.500000
40.015625  15.000000
41.297070  15.000000
41.866602  15.500000
43.148047  15.500000
43.717578  16.000000
44.999023  16.000000
45.853320  16.500000
47.775488  17.000000
49.697656  17.000000
50.551953  17.500000
52.474121  18.000000
54.396289  19.000000
56.318457  19.000000
57.443457  19.000000
58.193457  21.250000
59.862194  23.500000
61.334818  28.750000
63.032434  29.000000
64.734894  29.500000
66.457716  29.750000
68.207504  35.000000
69.965467  35.500000
71.743107  36.000000
73.544832  36.000000
75.368255  36.500000
77.204839  37.000000
79.054138  37.250000
80.915129  40.000000
82.793386  43.000000
84.683121  43.500000
86.592126  43.750000
88.517443  44.000000
90.450776  44.500000
92.396129  45.000000
94.360296  45.000000
96.342879  45.500000
98.335924  46.000000
100.328969  47.000000
102.322014  47.500000
104.315059  48.000000
106.308104  48.500000
108.301149  48.500000
110.294194  49.000000
112.287239  49.500000
114.280284  49.750000
116.273329  50.000000
118.266374  50.500000
120.259419  50.750000
122.252464  51.000000
124.245509  51.500000
126.238554  51.750000
128.231599  52.000000
130.224644  52.500000
132.217689  52.750000
134.210734  53.000000
136.203779  53.500000
138.196824  53.750000
140.189869  54.000000
142.182914  54.500000
144.175959  54.750000
146.169004  55.000000
148.162049  55.500000
150.155094  55.750000
152.148139  56.000000
154.141184  56.500000
156.134229  56.500000
158.127274  57.000000
160.120318  57.250000
162.113363  57.500000
164.106408  58.000000
166.099453  58.250000
168.092498  58.500000
170.085543  59.000000
172.078588  59.000000
174.071633  59.500000
176.064678  59.750000
178.057723  60.000000
180.050768  60.500000
182.043813  60.500000
184.036858  61.000000
186.029903  61.250000
188.022948  61.500000
190.015993  62.000000
192.009038  62.000000
194.002083  62.500000
195.995128  62.500000
197.988173  63.000000
199.981218  63.250000
201.974263  63.500000
203.967308  64.000000
205.960353  64.000000
207.953398  64.500000
209.946443  64.500000
211.939488  65.000000
213.932533  65.250000
215.925578  65.500000
217.918623  65.750000
219.911668  66.000000
221.904713  66.500000
223.897758  66.500000
225.890803  67.000000
227.883848  67.000000
229.876893  67.500000
231.869938  67.500000
233.862983  68.000000
235.856027  68.250000
237.849072  68.500000
239.842117  68.750000
241.835162  69.000000
243.828207  69.500000
245.821252  69.500000
247.814297  70.000000
249.807342  70.000000
251.800387  70.500000
253.793432  70.500000
255.786477  71.000000
257.779522  71.000000
259.772567  71.500000
261.765612  71.500000
263.758657  72.000000
265.751702  72.000000
267.744747  72.500000
269.737792  72.500000
271.730837  73.000000
273.723882  73.000000
275.716927  73.500000
277.709972  73.500000
279.703017  74.000000
281.696062  74.000000
283.689107  74.500000
285.682152  74.500000
287.675197  75.000000
289.668242  75.000000
291.661287  75.500000
293.654332  75.500000
295.647377  76.000000
297.640422  76.000000
299.633467  76.500000
301.626512  76.500000
303.619557  77.000000
305.612602  77.000000
307.605647  77.500000
309.598692  77.500000
311.591736  78.000000
313.584781  78.000000
315.577826  78.500000
317.570871  78.500000
319.563916  79.000000
321.556961  79.000000
323.550006  79.500000
325.543051  79.500000
327.536096  80.000000
329.529141  80.000000
331.522186  80.500000
333.515231  80.500000
335.508276  81.000000
337.501321  81.000000
339.494366  81.500000
341.487411  81.500000
343.480456  82.000000
345.473501  82.000000
347.466546  82.500000
349.459591  82.500000
351.452636  83.000000
353.445681  83.000000
355.438726  83.500000
357.431771  83.500000
359.424816  84.000000
361.417861  84.000000
363.410906  84.500000
365.403951  84.500000
367.396996  85.000000
369.390041  85.000000
371.383086  85.500000
373.376131  85.500000
375.369176  86.000000
377.362221  86.000000
379.355266  86.500000
381.348311  86.500000
383.341356  87.000000
385.334401  87.000000
387.327445  87.500000
389.320490  87.500000
391.313535  88.000000
393.306580  88.000000
395.299625  88.500000
397.292670  88.500000
399.285715  89.000000
401.278760  89.000000
403.271805  89.500000
405.264850  89.500000
407.257895  90.000000
409.250940  90.000000
411.243985  90.500000
413.237030  90.500000
415.230075  91.000000
417.223120  91.000000
419.216165  91.250000
421.209210  91.500000
423.202255  91.500000
425.195300  92.000000
427.188345  92.000000
429.181390  92.500000
431.174435  92.500000
433.167480  93.000000
435.160525  93.000000
437.153570  93.500000
439.146615  93.500000
441.139660  94.000000
443.132705  94.000000
445.125750  94.000000
447.118795  94.500000
449.111840  94.500000
451.104885  95.000000
453.097930  95.000000
455.090975  95.500000
457.084020  95.500000
459.077065  96.000000
461.070110  96.000000
463.063154  96.000000
465.056199  96.500000
467.049244  96.500000
469.042289  97.000000
471.035334  97.000000
473.028379  97.500000
475.021424  97.500000
477.014469  98.000000
479.007514  98.000000
481.000559  98.000000
