   1.0184435e+00
   1.0184435e+00
   1.1174550e+00
   1.1174550e+00
   1.7057694e+00
   1.7057694e+00
   1.7285636e+00
   1.7285636e+00
   1.5222759e+00
   1.5222759e+00
   1.2000037e+00
   1.2000037e+00
   1.0914413e+00
   1.0914413e+00
   1.1371605e+00
   1.1371605e+00
   1.1949366e+00
   1.1949366e+00
   1.4356738e+00
   1.4356738e+00
   1.4638618e+00
   1.4638618e+00
   1.4141588e+00
   1.4141588e+00
   1.3201390e+00
   1.3201390e+00
   1.1969394e+00
   1.1969394e+00
   1.0534484e+00
   1.0534484e+00
   1.6549517e+00
   1.6549517e+00
   1.1726424e+00
   1.1726424e+00
   9.0861150e-01
   9.0861150e-01
   1.3421806e+00
   1.3421806e+00
   1.5460951e+00
   1.5460951e+00
   9.6191915e-01
   9.6191915e-01
   1.2514463e+00
   1.2514463e+00
   1.3478230e+00
   1.3478230e+00
   1.3778850e+00
   1.3778850e+00
   1.3690560e+00
   1.3690560e+00
   1.3336816e+00
   1.3336816e+00
   1.2784649e+00
   1.2784649e+00
   1.2073361e+00
   1.2073361e+00
   1.1227789e+00
   1.1227789e+00
   1.0264365e+00
   1.0264365e+00
   9.1958885e-01
   9.1958885e-01
   1.0282239e+00
   1.0282239e+00
   9.0934019e-01
   9.0934019e-01
   1.4602472e+00
   1.4602472e+00
   1.1083315e+00
   1.1083315e+00
   9.4379217e-01
   9.4379217e-01
   1.0729554e+00
   1.8156737e+00
   1.7071070e+00
   1.1587094e+00
   1.0380458e+00
   1.9865485e+00
   1.8348575e+00
   1.2700915e+00
   1.1573419e+00
   9.4961801e-01
   1.9725699e+00
   1.8387757e+00
   1.2801820e+00
   1.1935315e+00
   9.6948000e-01
   2.0120362e+00
   1.8438589e+00
   1.3199348e+00
   1.2013361e+00
   1.0111627e+00
   9.1409843e-01
   1.8943095e+00
   1.7814573e+00
   1.2483176e+00
   1.1612140e+00
   9.5774294e-01
   1.9648088e+00
   1.8294220e+00
   1.2973766e+00
   1.2071557e+00
   9.9437181e-01
   9.1978569e-01
   1.8264871e+00
   1.7494651e+00
   1.1814243e+00
   1.1243237e+00
   1.9266430e+00
   1.8692537e+00
   1.2351645e+00
   1.1916209e+00
   9.1520669e-01
   1.9098588e+00
   1.6899265e+00
   1.2113968e+00
   1.0527187e+00
   1.9127328e+00
   1.7470775e+00
   1.2050211e+00
   1.0748953e+00
   1.8904874e+00
   1.7450832e+00
   1.1797244e+00
   1.0630993e+00
   1.8493600e+00
   1.7157998e+00
   1.1404074e+00
   1.0328647e+00
   1.7940376e+00
   1.6688486e+00
   1.0906341e+00
   9.8998325e-01
   1.7274766e+00
   1.6083979e+00
   1.0326329e+00
   9.3732361e-01
   1.6513531e+00
   1.5365856e+00
   9.6777907e-01
   1.7933650e+00
   1.5665820e+00
   1.0379122e+00
   1.8142958e+00
   1.6070158e+00
   1.0513970e+00
   9.1489646e-01
   1.6171471e+00
   1.4752801e+00
   9.2033400e-01
   1.7046475e+00
   1.4775481e+00
   9.5428279e-01
   1.7024252e+00
   1.4847254e+00
   9.5049086e-01
   1.6874151e+00
   1.4763446e+00
   9.3113223e-01
   1.6755422e+00
   1.4411079e+00
   9.1998658e-01
   1.6314214e+00
   1.4243379e+00
   1.7474998e+00
   1.6122797e+00
   9.5859385e-01
   1.7264645e+00
   1.4463866e+00
   9.4039760e-01
   1.6126530e+00
   1.4215809e+00
   1.7101266e+00
   1.5864020e+00
   9.2082222e-01
   1.6830964e+00
   1.3862444e+00
   1.7499320e+00
   1.5411264e+00
   9.4455730e-01
   1.6295706e+00
   1.4039317e+00
   1.6894104e+00
   1.5484157e+00
   1.7330006e+00
   1.6285390e+00
   9.2253583e-01
   1.6816060e+00
   1.3626030e+00
   1.7193132e+00
   1.4945650e+00
   9.0890493e-01
   1.5644954e+00
   1.3408758e+00
   1.6090417e+00
   1.4686407e+00
   1.6396590e+00
   1.5352662e+00
   1.6612989e+00
   1.5769445e+00
   1.6764400e+00
   1.6047925e+00
   1.6864859e+00
   1.6236290e+00
   1.6923561e+00
   1.6360174e+00
   1.6947283e+00
   1.6435109e+00
   1.6941349e+00
   1.6471332e+00
   1.6910032e+00
   1.6475966e+00
   1.6856776e+00
   1.6454162e+00
   1.6784348e+00
   1.6409745e+00
   1.6694965e+00
   1.6345615e+00
   1.6590404e+00
   1.6264014e+00
   1.6472092e+00
   1.6166694e+00
   1.6341174e+00
   1.6055048e+00
   1.6198577e+00
   1.5930195e+00
   1.6045053e+00
   1.5793043e+00
   1.5881216e+00
   1.5644338e+00
   1.5707568e+00
   1.5484695e+00
   1.5524526e+00
   1.5314628e+00
   1.5332431e+00
   1.5134566e+00
   1.5131566e+00
   1.4944870e+00
   1.4922163e+00
   1.4745841e+00
   1.4704412e+00
   1.4537734e+00
   1.4478467e+00
   1.4320758e+00
   1.4244448e+00
   1.4095085e+00
   1.4002444e+00
   1.3860853e+00
   1.3752517e+00
   1.3618166e+00
   1.3494705e+00
   1.3367101e+00
   1.3229017e+00
   1.3107703e+00
   1.2955440e+00
   1.2839993e+00
   1.2673934e+00
   1.2563960e+00
   1.2384437e+00
   1.2279569e+00
   1.2086860e+00
   1.1986757e+00
   1.1781086e+00
   1.1685431e+00
   1.1466976e+00
   1.1375471e+00
   1.1144359e+00
   1.1056729e+00
   1.0812984e+00
   1.0728968e+00
   1.0472676e+00
   1.0392033e+00
   1.0123191e+00
   1.0045694e+00
   9.7642482e-01
   9.6896870e-01
   9.3955327e-01
   9.3237100e-01
   9.0167071e-01
   1.3886167e+00
   1.3558474e+00
   1.1926322e+00
   1.1610340e+00
   1.0978375e+00
   1.0655536e+00
   1.0263698e+00
   9.9302892e-01
   9.6431179e-01
   9.2973711e-01
   9.0682758e-01
   1.3540717e+00
   1.3363744e+00
   1.1430798e+00
   1.1290278e+00
   1.0347443e+00
   1.0225165e+00
   9.5096978e-01
   9.3996476e-01
   1.3535730e+00
   1.3438456e+00
   1.1311585e+00
   1.1228076e+00
   1.0138114e+00
   1.0060958e+00
   9.2209715e-01
   9.1480870e-01
   0.0000000e+00
