   2.2434095e-03
   2.2434076e-03
   2.2431669e-03
   2.2431612e-03
   2.2427170e-03
   2.2427074e-03
   2.2420747e-03
   2.2420614e-03
   2.2412497e-03
   2.2412324e-03
   2.2402488e-03
   2.2402276e-03
   2.2390777e-03
   2.2390526e-03
   2.2377409e-03
   2.2377118e-03
   2.2362423e-03
   2.2362091e-03
   2.2345853e-03
   2.2345479e-03
   2.2327728e-03
   2.2327311e-03
   2.2308074e-03
   2.2307614e-03
   2.2286916e-03
   2.2286411e-03
   2.2264275e-03
   2.2263723e-03
   2.2240169e-03
   2.2239570e-03
   2.2214618e-03
   2.2213970e-03
   2.2187638e-03
   2.2186938e-03
   2.2159243e-03
   2.2158490e-03
   2.2129448e-03
   2.2128640e-03
   2.2098267e-03
   2.2097401e-03
   2.2065712e-03
   2.2064785e-03
   2.2031795e-03
   2.2030803e-03
   2.1996526e-03
   2.1995467e-03
   2.1959916e-03
   2.1958785e-03
   2.1921976e-03
   2.1920769e-03
   2.1882716e-03
   2.1881427e-03
   2.1842145e-03
   2.1840769e-03
   2.1800273e-03
   2.1798802e-03
   2.1757110e-03
   2.1755537e-03
   2.1712668e-03
   2.1710983e-03
   2.1666959e-03
   2.1665149e-03
   2.1619995e-03
   2.1618048e-03
   2.1571796e-03
   2.1569694e-03
   2.1522384e-03
   2.1520104e-03
   2.1471795e-03
   2.1469308e-03
   2.1420085e-03
   2.1417350e-03
   2.1367366e-03
   2.1364323e-03
   2.1313909e-03
   2.1310458e-03
   2.1260753e-03
   2.1221151e-03
   2.1196253e-03
   2.1256681e-03
   2.1215709e-03
   2.1186636e-03
  -0.0000000e+00
  -0.0000000e+00
  -0.0000000e+00
  -0.0000000e+00
  -0.0000000e+00
  -0.0000000e+00
  -0.0000000e+00
  -0.0000000e+00
  -0.0000000e+00
  -0.0000000e+00
   2.1135366e-03
  -0.0000000e+00
  -0.0000000e+00
  -0.0000000e+00
  -0.0000000e+00
  -0.0000000e+00
  -0.0000000e+00
  -0.0000000e+00
  -0.0000000e+00
  -0.0000000e+00
  -0.0000000e+00
   2.1140680e-03
   2.1075489e-03
  -0.0000000e+00
  -0.0000000e+00
  -0.0000000e+00
  -0.0000000e+00
  -0.0000000e+00
  -0.0000000e+00
  -0.0000000e+00
  -0.0000000e+00
  -0.0000000e+00
  -0.0000000e+00
  -0.0000000e+00
  -0.0000000e+00
  -0.0000000e+00
  -0.0000000e+00
  -0.0000000e+00
  -0.0000000e+00
  -0.0000000e+00
  -0.0000000e+00
  -0.0000000e+00
  -0.0000000e+00
   2.1079975e-03
   2.1013429e-03
   2.1017174e-03
   2.0950180e-03
   2.0953412e-03
  -0.0000000e+00
  -0.0000000e+00
  -0.0000000e+00
  -0.0000000e+00
  -0.0000000e+00
  -0.0000000e+00
  -0.0000000e+00
  -0.0000000e+00
  -0.0000000e+00
  -0.0000000e+00
  -0.0000000e+00
  -0.0000000e+00
  -0.0000000e+00
  -0.0000000e+00
  -0.0000000e+00
  -0.0000000e+00
  -0.0000000e+00
  -0.0000000e+00
  -0.0000000e+00
  -0.0000000e+00
   2.0885747e-03
   2.0888594e-03
   2.0820109e-03
   2.0822647e-03
   2.0753247e-03
   2.0755527e-03
   2.0685152e-03
   2.0687209e-03
   2.0615813e-03
   2.0617675e-03
  -0.0000000e+00
  -0.0000000e+00
  -0.0000000e+00
  -0.0000000e+00
  -0.0000000e+00
  -0.0000000e+00
  -0.0000000e+00
  -0.0000000e+00
  -0.0000000e+00
  -0.0000000e+00
   2.0545225e-03
   2.0546912e-03
  -0.0000000e+00
  -0.0000000e+00
  -0.0000000e+00
  -0.0000000e+00
  -0.0000000e+00
  -0.0000000e+00
  -0.0000000e+00
  -0.0000000e+00
  -0.0000000e+00
  -0.0000000e+00
   2.0473382e-03
   2.0474909e-03
   2.0400279e-03
   2.0401660e-03
   2.0325912e-03
   2.0327158e-03
   2.0250276e-03
   2.0251396e-03
   2.0173369e-03
   2.0174371e-03
   2.0095186e-03
   2.0096075e-03
   2.0015723e-03
   2.0016506e-03
  -0.0000000e+00
  -0.0000000e+00
  -0.0000000e+00
  -0.0000000e+00
   1.9934975e-03
   1.9935657e-03
   1.9852939e-03
   1.9853524e-03
   1.9769610e-03
   1.9770101e-03
   1.9684983e-03
   1.9685385e-03
   1.9599053e-03
   1.9599369e-03
   1.9511816e-03
   1.9512048e-03
   1.9423266e-03
   1.9423416e-03
   1.9333396e-03
   1.9333468e-03
   1.9242202e-03
   1.9242197e-03
   1.9149677e-03
   1.9149597e-03
   1.9055815e-03
   1.9055662e-03
   1.8960608e-03
   1.8960383e-03
   1.8864050e-03
   1.8863755e-03
   1.8766133e-03
   1.8765769e-03
   1.8666849e-03
   1.8666417e-03
   1.8566191e-03
   1.8565692e-03
   1.8464149e-03
   1.8463584e-03
   1.8360714e-03
   1.8360085e-03
   1.8255879e-03
   1.8255186e-03
   1.8149631e-03
   1.8148876e-03
   1.8041963e-03
   1.8041145e-03
   1.7932863e-03
   1.7931984e-03
   1.7822320e-03
   1.7821380e-03
   1.7710323e-03
   1.7709323e-03
   1.7596861e-03
   1.7595801e-03
   1.7481920e-03
   1.7480801e-03
   1.7365488e-03
   1.7364311e-03
   1.7247551e-03
   1.7246316e-03
   1.7128096e-03
   1.7126804e-03
   1.7007109e-03
   1.7005759e-03
   1.6884574e-03
   1.6883167e-03
   1.6760475e-03
   1.6759012e-03
   1.6634796e-03
   1.6633277e-03
   1.6507521e-03
   1.6505946e-03
   1.6378632e-03
   1.6377002e-03
   1.6248110e-03
   1.6246424e-03
   1.6115936e-03
   1.6114196e-03
   1.5982091e-03
   1.5980296e-03
   1.5846553e-03
   1.5844703e-03
   1.5709302e-03
   1.5707398e-03
   1.5570314e-03
   1.5568355e-03
   1.5429566e-03
   1.5427554e-03
   1.5287033e-03
   1.5284968e-03
   1.5142691e-03
   1.5140572e-03
   1.4996513e-03
   1.4994340e-03
   1.4848469e-03
   1.4846244e-03
   1.4698533e-03
   1.4696254e-03
   1.4546673e-03
   1.4544341e-03
   1.4392857e-03
   1.4390472e-03
   1.4237052e-03
   1.4234615e-03
   1.4079224e-03
   1.4076734e-03
   1.3919335e-03
   1.3916793e-03
   1.3757348e-03
   1.3754754e-03
   1.3593223e-03
   1.3590577e-03
   1.3426917e-03
   1.3424218e-03
   1.3258386e-03
   1.3255635e-03
   1.3087583e-03
   1.3084781e-03
   1.2914460e-03
   1.2911606e-03
   1.2738964e-03
   1.2736059e-03
   1.2561041e-03
   1.2558085e-03
   1.2380634e-03
   1.2377626e-03
   1.2197681e-03
   1.2194622e-03
   1.2012118e-03
   1.2009008e-03
   1.1823876e-03
   1.1820716e-03
   1.1632883e-03
   1.1629673e-03
   1.1439063e-03
   1.1435802e-03
   1.1242331e-03
   1.1239020e-03
   1.1042602e-03
   1.1039241e-03
   1.0839782e-03
   1.0836371e-03
   1.0633769e-03
   1.0630309e-03
   1.0424458e-03
   1.0420949e-03
   1.0211733e-03
   1.0208174e-03
   9.9954691e-04
   9.9918619e-04
   9.7755331e-04
   9.7718775e-04
   9.5517798e-04
   9.5480762e-04
   9.3240520e-04
   9.3203008e-04
   9.0921788e-04
   9.0883804e-04
   8.8559735e-04
   8.8521282e-04
   8.6152316e-04
   8.6113400e-04
   8.3697285e-04
   8.3657911e-04
   8.1192165e-04
   8.1152338e-04
   7.8634208e-04
   7.8593934e-04
   7.6020357e-04
   7.5979642e-04
   7.3347189e-04
   7.3306041e-04
   7.0610852e-04
   7.0569278e-04
   6.7806983e-04
   6.7764991e-04
   6.4930602e-04
   6.4888201e-04
   6.1975986e-04
   6.1933186e-04
   5.8936491e-04
   5.8893302e-04
   5.5804328e-04
   5.5760762e-04
   5.2570261e-04
   5.2526331e-04
   4.9223180e-04
   4.9178901e-04
   4.5749509e-04
   4.5704898e-04
   4.2132330e-04
   4.2087411e-04
   3.8350067e-04
   3.8304869e-04
   3.4374370e-04
   3.4328941e-04
   3.0166558e-04
   3.0120976e-04
   2.5671060e-04
   2.5625486e-04
   2.0801846e-04
   2.0756659e-04
   1.5408279e-04
   1.5364571e-04
   9.1482246e-05
   9.1102599e-05
