   2.5272128e+01
   2.5272128e+01
   2.5271425e+01
   2.5271426e+01
   2.5270725e+01
   2.5270726e+01
   2.5270025e+01
   2.5270027e+01
   2.5269328e+01
   2.5269330e+01
   2.5268631e+01
   2.5268634e+01
   2.5267936e+01
   2.5267939e+01
   2.5267242e+01
   2.5267244e+01
   2.5266548e+01
   2.5266551e+01
   2.5265855e+01
   2.5265859e+01
   2.5265162e+01
   2.5265166e+01
   2.5264470e+01
   2.5264475e+01
   2.5263778e+01
   2.5263783e+01
   2.5263086e+01
   2.5263092e+01
   2.5262394e+01
   2.5262400e+01
   2.5261703e+01
   2.5261708e+01
   2.5261010e+01
   2.5261017e+01
   2.5260318e+01
   2.5260324e+01
   2.5259624e+01
   2.5259631e+01
   2.5258931e+01
   2.5258938e+01
   2.5258236e+01
   2.5258244e+01
   2.5257541e+01
   2.5257549e+01
   2.5256844e+01
   2.5256853e+01
   2.5256147e+01
   2.5256155e+01
   2.5255448e+01
   2.5255457e+01
   2.5254748e+01
   2.5254757e+01
   2.5254046e+01
   2.5254056e+01
   2.5253343e+01
   2.5253353e+01
   2.5252638e+01
   2.5252649e+01
   2.5251932e+01
   2.5251942e+01
   2.5251223e+01
   2.5251234e+01
   2.5250513e+01
   2.5250524e+01
   2.5249800e+01
   2.5249811e+01
   2.5249085e+01
   2.5249096e+01
   2.5248367e+01
   2.5248379e+01
   2.5247647e+01
   2.5247659e+01
   2.5246925e+01
   2.5246937e+01
   2.5246200e+01
   2.5246212e+01
   2.5245472e+01
   2.5244924e+01
   2.5244558e+01
   2.5245484e+01
   2.5244937e+01
   2.5244571e+01
   2.5244571e+01
   2.5211691e+01
   2.5162082e+01
   2.5095935e+01
   2.5030054e+01
   2.5244571e+01
   2.5211691e+01
   2.5162082e+01
   2.5095935e+01
   2.5030054e+01
   2.5244019e+01
   2.5244558e+01
   2.5211389e+01
   2.5161357e+01
   2.5094641e+01
   2.5028188e+01
   2.5244558e+01
   2.5211389e+01
   2.5161357e+01
   2.5094641e+01
   2.5028188e+01
   2.5244007e+01
   2.5243281e+01
   2.4964860e+01
   2.4900789e+01
   2.4838290e+01
   2.4777815e+01
   2.4719817e+01
   2.4964860e+01
   2.4900789e+01
   2.4838290e+01
   2.4777815e+01
   2.4719817e+01
   2.4962421e+01
   2.4897781e+01
   2.4834720e+01
   2.4773695e+01
   2.4715165e+01
   2.4962421e+01
   2.4897781e+01
   2.4834720e+01
   2.4773695e+01
   2.4715165e+01
   2.5243269e+01
   2.5242540e+01
   2.5242528e+01
   2.5241795e+01
   2.5241783e+01
   2.4664747e+01
   2.4613043e+01
   2.4565131e+01
   2.4521415e+01
   2.4482271e+01
   2.4664747e+01
   2.4613043e+01
   2.4565131e+01
   2.4521415e+01
   2.4482271e+01
   2.4659584e+01
   2.4607396e+01
   2.4559032e+01
   2.4514899e+01
   2.4475379e+01
   2.4659584e+01
   2.4607396e+01
   2.4559032e+01
   2.4514899e+01
   2.4475379e+01
   2.5241046e+01
   2.5241034e+01
   2.5240294e+01
   2.5240281e+01
   2.5239537e+01
   2.5239524e+01
   2.5238776e+01
   2.5238763e+01
   2.5238010e+01
   2.5237997e+01
   2.4448043e+01
   2.4419037e+01
   2.4395513e+01
   2.4377686e+01
   2.4365715e+01
   2.4448043e+01
   2.4419037e+01
   2.4395513e+01
   2.4377686e+01
   2.4365715e+01
   2.5237240e+01
   2.5237226e+01
   2.4440820e+01
   2.4411531e+01
   2.4387778e+01
   2.4369775e+01
   2.4357686e+01
   2.4440820e+01
   2.4411531e+01
   2.4387778e+01
   2.4369775e+01
   2.4357686e+01
   2.5236465e+01
   2.5236451e+01
   2.5235685e+01
   2.5235671e+01
   2.5234900e+01
   2.5234886e+01
   2.5234110e+01
   2.5234095e+01
   2.5233315e+01
   2.5233299e+01
   2.5232514e+01
   2.5232498e+01
   2.5231707e+01
   2.5231691e+01
   2.4359705e+01
   2.4359705e+01
   2.4351617e+01
   2.4351617e+01
   2.5230894e+01
   2.5230878e+01
   2.5230075e+01
   2.5230058e+01
   2.5229250e+01
   2.5229232e+01
   2.5228418e+01
   2.5228400e+01
   2.5227580e+01
   2.5227561e+01
   2.5226734e+01
   2.5226715e+01
   2.5225881e+01
   2.5225861e+01
   2.5225021e+01
   2.5225000e+01
   2.5224153e+01
   2.5224132e+01
   2.5223277e+01
   2.5223255e+01
   2.5222393e+01
   2.5222371e+01
   2.5221500e+01
   2.5221478e+01
   2.5220599e+01
   2.5220576e+01
   2.5219689e+01
   2.5219665e+01
   2.5218769e+01
   2.5218744e+01
   2.5217840e+01
   2.5217814e+01
   2.5216901e+01
   2.5216875e+01
   2.5215951e+01
   2.5215924e+01
   2.5214991e+01
   2.5214964e+01
   2.5214021e+01
   2.5213992e+01
   2.5213038e+01
   2.5213009e+01
   2.5212045e+01
   2.5212015e+01
   2.5211039e+01
   2.5211008e+01
   2.5210020e+01
   2.5209989e+01
   2.5208989e+01
   2.5208957e+01
   2.5207944e+01
   2.5207911e+01
   2.5206886e+01
   2.5206852e+01
   2.5205813e+01
   2.5205778e+01
   2.5204726e+01
   2.5204690e+01
   2.5203623e+01
   2.5203586e+01
   2.5202504e+01
   2.5202466e+01
   2.5201369e+01
   2.5201330e+01
   2.5200217e+01
   2.5200177e+01
   2.5199047e+01
   2.5199006e+01
   2.5197859e+01
   2.5197817e+01
   2.5196652e+01
   2.5196608e+01
   2.5195425e+01
   2.5195380e+01
   2.5194177e+01
   2.5194131e+01
   2.5192909e+01
   2.5192861e+01
   2.5191617e+01
   2.5191569e+01
   2.5190303e+01
   2.5190253e+01
   2.5188965e+01
   2.5188914e+01
   2.5187602e+01
   2.5187549e+01
   2.5186212e+01
   2.5186158e+01
   2.5184795e+01
   2.5184740e+01
   2.5183350e+01
   2.5183293e+01
   2.5181875e+01
   2.5181816e+01
   2.5180369e+01
   2.5180309e+01
   2.5178831e+01
   2.5178769e+01
   2.5177258e+01
   2.5177195e+01
   2.5175650e+01
   2.5175585e+01
   2.5174005e+01
   2.5173938e+01
   2.5172320e+01
   2.5172251e+01
   2.5170595e+01
   2.5170523e+01
   2.5168826e+01
   2.5168752e+01
   2.5167011e+01
   2.5166936e+01
   2.5165149e+01
   2.5165071e+01
   2.5163235e+01
   2.5163156e+01
   2.5161269e+01
   2.5161187e+01
   2.5159246e+01
   2.5159161e+01
   2.5157163e+01
   2.5157076e+01
   2.5155016e+01
   2.5154926e+01
   2.5152802e+01
   2.5152710e+01
   2.5150517e+01
   2.5150422e+01
   2.5148155e+01
   2.5148057e+01
   2.5145713e+01
   2.5145611e+01
   2.5143183e+01
   2.5143078e+01
   2.5140560e+01
   2.5140452e+01
   2.5137837e+01
   2.5137726e+01
   2.5135007e+01
   2.5134892e+01
   2.5132062e+01
   2.5131943e+01
   2.5128992e+01
   2.5128869e+01
   2.5125787e+01
   2.5125659e+01
   2.5122435e+01
   2.5122303e+01
   2.5118923e+01
   2.5118787e+01
   2.5115238e+01
   2.5115096e+01
   2.5111361e+01
   2.5111214e+01
   2.5107274e+01
   2.5107121e+01
   2.5102956e+01
   2.5102796e+01
   2.5098380e+01
   2.5098214e+01
   2.5093518e+01
   2.5093345e+01
   2.5088336e+01
   2.5088155e+01
   2.5082793e+01
   2.5082603e+01
   2.5076842e+01
   2.5076642e+01
   2.5070425e+01
   2.5070215e+01
   2.5063472e+01
   2.5063251e+01
   2.5055900e+01
   2.5055666e+01
   2.5047604e+01
   2.5047355e+01
   2.5038451e+01
   2.5038185e+01
   2.5028273e+01
   2.5027987e+01
   2.5016852e+01
   2.5016543e+01
   2.5003896e+01
   2.5003559e+01
   2.4989012e+01
   2.4988640e+01
   2.4971643e+01
   2.4971228e+01
   2.4950986e+01
   2.4950512e+01
   2.4925816e+01
   2.4925263e+01
   2.4894174e+01
   2.4893506e+01
   2.4852689e+01
   2.4851841e+01
   2.4795007e+01
   2.4793847e+01
   2.4707683e+01
   2.4705898e+01
   2.4560070e+01
   2.4556775e+01
