  -1.0589674e-14
  -9.5785113e-15
  -1.1609723e-14
  -8.5723044e-15
  -1.2642742e-14
  -7.5671920e-15
  -1.3693046e-14
  -6.5593057e-15
  -1.4765287e-14
  -5.5446901e-15
  -1.5864560e-14
  -4.5192191e-15
  -1.6996542e-14
  -3.4784982e-15
  -1.8167652e-14
  -2.4177507e-15
  -1.9385263e-14
  -1.3316757e-15
  -2.0657947e-14
  -2.1426760e-16
  -2.1995812e-14
   9.4142050e-16
  -2.3410921e-14
   2.1435967e-15
  -2.4917833e-14
   3.4021678e-15
  -2.6534322e-14
   4.7293499e-15
  -2.8282317e-14
   6.1405321e-15
  -3.0189140e-14
   7.6555116e-15
  -3.2289171e-14
   9.3002812e-15
  -3.4626058e-14
   1.1109633e-14
  -3.7255702e-14
   1.3130981e-14
  -4.0250260e-14
   1.5429989e-14
  -4.3703552e-14
   1.8098888e-14
  -4.7738331e-14
   2.1268751e-14
  -5.2516020e-14
   2.5127543e-14
  -5.8249634e-14
   2.9946461e-14
  -6.5220615e-14
   3.6117807e-14
  -7.3800123e-14
   4.4208159e-14
  -8.4474422e-14
   5.5030117e-14
  -9.7871736e-14
   6.9732586e-14
  -1.1478232e-13
   8.9899565e-14
  -1.3615087e-13
   1.1762319e-13
  -1.6299296e-13
   1.5546437e-13
  -1.9613235e-13
   2.0611217e-13
  -2.3556102e-13
   2.7137530e-13
  -2.7913141e-13
   3.4987404e-13
  -3.2056092e-13
   4.3248889e-13
  -3.4900876e-13
   4.9425629e-13
  -3.6156606e-13
   4.7951737e-13
  -4.0932656e-13
   2.6044711e-13
  -4.4906009e-13
   1.4491859e-12
   3.7772073e-12
  -5.6117023e-13
  -2.7244808e-12
  -4.4410558e-12
  -1.6371038e-06
  -2.0440364e-11
   5.6390958e-12
   2.2610663e-12
  -1.2512431e-12
   1.6370898e-06
  -2.4614923e-14
   2.8128955e-15
  -1.1158685e-16
   4.7681302e-16
  -4.3975469e-12
   2.6311721e-06
   2.0585818e-11
  -4.0633980e-19
   3.4478489e-11
  -1.6913432e-11
  -2.6311595e-06
  -5.0533067e-20
  -2.8349913e-11
   0.0000000e+00
   0.0000000e+00
   3.3943453e-12
  -1.0259195e-12
   1.4690043e-11
  -6.8031597e-12
   5.9549225e-14
  -1.8292301e-13
   4.0288356e-14
  -1.8202971e-13
   1.8975490e-12
   2.5408935e-11
  -6.0879067e-13
  -5.9661359e-11
   3.5854307e-13
  -4.8601481e-13
   3.5126229e-11
  -3.7257176e-13
   4.8356965e-14
  -7.1311182e-12
  -2.1650066e-11
   6.6554228e-13
  -1.8560498e-11
   1.0028455e-11
   7.3650722e-14
  -1.1798547e-14
  -1.0421325e-13
   2.8696797e-13
  -1.4574567e-13
   2.7442385e-11
  -2.2615876e-11
   2.2258024e-11
  -3.9063873e-12
  -1.9656311e-12
   4.3553728e-12
   1.8200180e-13
  -3.8996666e-13
  -3.5044481e-12
   1.6495761e-11
   1.8081703e-11
  -1.1083061e-11
   1.0052798e-11
  -5.7176261e-12
  -1.0183994e-11
  -2.0592083e-11
  -4.7983932e-13
   8.2489508e-12
   9.9036236e-12
   0.0000000e+00
   3.4559627e-13
  -1.8214783e-13
   3.1173977e-13
  -1.8472895e-13
   2.4850958e-13
  -1.6477825e-13
   1.8430637e-13
  -1.3699216e-13
   1.3005692e-13
  -1.0967772e-13
  -7.1964385e-12
   8.2941776e-12
  -1.6058401e-12
   1.2065453e-11
  -2.1417678e-11
  -1.0693251e-12
  -6.5117972e-13
   8.2414097e-13
  -5.9437190e-14
  -1.5897755e-11
   8.8182841e-14
  -8.6148422e-14
   2.5858404e-12
   2.1262139e-14
   3.3131153e-11
  -2.7500839e-11
   2.2307717e-11
   1.0703405e-12
  -2.0704184e-11
   1.3319546e-12
  -5.2061991e-12
   0.0000000e+00
   5.7518623e-14
  -6.7131577e-14
   3.5793878e-14
  -5.2271391e-14
   2.0732078e-14
  -4.0869995e-14
   1.0441061e-14
  -3.2206033e-14
   3.4815982e-15
  -2.5650862e-14
  -1.1877873e-15
  -2.0696127e-14
  -4.2982683e-15
  -1.6946385e-14
   1.9636869e-11
   2.5698007e-13
  -3.3854613e-12
  -4.2033886e-12
  -6.3535463e-15
  -1.4100566e-14
  -7.6965675e-15
  -1.1932206e-14
  -8.5592183e-15
  -1.0272046e-14
  -9.0977387e-15
  -8.9939396e-15
  -9.4172855e-15
  -8.0039162e-15
  -9.5886862e-15
  -7.2318905e-15
  -9.6597442e-15
  -6.6254738e-15
  -9.6628221e-15
  -6.1453882e-15
  -9.6199113e-15
  -5.7620815e-15
  -9.5460177e-15
  -5.4532339e-15
  -9.4514257e-15
  -5.2019193e-15
  -9.3432134e-15
  -4.9952491e-15
  -9.2262717e-15
  -4.8233682e-15
  -9.1039910e-15
  -4.6787088e-15
  -8.9787262e-15
  -4.5554371e-15
  -8.8521138e-15
  -4.4490366e-15
  -8.7252894e-15
  -4.3559975e-15
  -8.5990366e-15
  -4.2735816e-15
  -8.4738912e-15
  -4.1996445e-15
  -8.3502128e-15
  -4.1325011e-15
  -8.2282360e-15
  -4.0708222e-15
  -8.1081065e-15
  -4.0135558e-15
  -7.9899053e-15
  -3.9598663e-15
  -7.8736687e-15
  -3.9090882e-15
  -7.7594000e-15
  -3.8606888e-15
  -7.6470794e-15
  -3.8142415e-15
  -7.5366711e-15
  -3.7694025e-15
  -7.4281281e-15
  -3.7258942e-15
  -7.3213958e-15
  -3.6834917e-15
  -7.2164146e-15
  -3.6420120e-15
  -7.1131223e-15
  -3.6013057e-15
  -7.0114550e-15
  -3.5612504e-15
  -6.9113483e-15
  -3.5217452e-15
  -6.8127384e-15
  -3.4827067e-15
  -6.7155619e-15
  -3.4440656e-15
  -6.6197569e-15
  -3.4057640e-15
  -6.5252628e-15
  -3.3677528e-15
  -6.4320207e-15
  -3.3299911e-15
  -6.3399731e-15
  -3.2924427e-15
  -6.2490646e-15
  -3.2550776e-15
  -6.1592412e-15
  -3.2178694e-15
  -6.0704506e-15
  -3.1807948e-15
  -5.9826422e-15
  -3.1438333e-15
  -5.8957670e-15
  -3.1069665e-15
  -5.8097775e-15
  -3.0701775e-15
  -5.7246272e-15
  -3.0334510e-15
  -5.6402714e-15
  -2.9967724e-15
  -5.5566663e-15
  -2.9601284e-15
  -5.4737694e-15
  -2.9235061e-15
  -5.3915388e-15
  -2.8868931e-15
  -5.3099342e-15
  -2.8502774e-15
  -5.2289154e-15
  -2.8136472e-15
  -5.1484433e-15
  -2.7769909e-15
  -5.0684794e-15
  -2.7402970e-15
  -4.9889854e-15
  -2.7035535e-15
  -4.9099237e-15
  -2.6667489e-15
  -4.8312567e-15
  -2.6298710e-15
  -4.7529473e-15
  -2.5929076e-15
  -4.6749580e-15
  -2.5558459e-15
  -4.5972517e-15
  -2.5186732e-15
  -4.5197908e-15
  -2.4813756e-15
  -4.4425375e-15
  -2.4439394e-15
  -4.3654534e-15
  -2.4063498e-15
  -4.2884996e-15
  -2.3685914e-15
  -4.2116364e-15
  -2.3306483e-15
  -4.1348232e-15
  -2.2925033e-15
  -4.0580179e-15
  -2.2541384e-15
  -3.9811776e-15
  -2.2155347e-15
  -3.9042573e-15
  -2.1766719e-15
  -3.8272104e-15
  -2.1375283e-15
  -3.7499882e-15
  -2.0980809e-15
  -3.6725393e-15
  -2.0583046e-15
  -3.5948096e-15
  -2.0181728e-15
  -3.5167416e-15
  -1.9776565e-15
  -3.4382741e-15
  -1.9367242e-15
  -3.3593414e-15
  -1.8953419e-15
  -3.2798729e-15
  -1.8534721e-15
  -3.1997921e-15
  -1.8110738e-15
  -3.1190154e-15
  -1.7681016e-15
  -3.0374515e-15
  -1.7245056e-15
  -2.9549998e-15
  -1.6802299e-15
  -2.8715484e-15
  -1.6352120e-15
  -2.7869724e-15
  -1.5893815e-15
  -2.7011314e-15
  -1.5426586e-15
  -2.6138659e-15
  -1.4949523e-15
  -2.5249934e-15
  -1.4461578e-15
  -2.4343030e-15
  -1.3961534e-15
  -2.3415487e-15
  -1.3447965e-15
  -2.2464395e-15
  -1.2919183e-15
  -2.1486274e-15
  -1.2373158e-15
  -2.0476895e-15
  -1.1807420e-15
  -1.9431024e-15
  -1.1218908e-15
  -1.8342056e-15
  -1.0603752e-15
  -1.7201441e-15
  -9.9569394e-16
  -1.5997771e-15
  -9.2717769e-16
  -1.4715233e-15
  -8.5389844e-16
  -1.3330793e-15
  -7.7450438e-16
  -1.1808548e-15
  -6.8688908e-16
  -1.0086817e-15
  -5.8743516e-16
  -8.0419187e-16
  -4.6889419e-16
  -5.3431207e-16
  -3.1189850e-16
