0.112500  1  0.000088	
0.225000  1  0.000165	
0.337500  1  0.000214	
0.450000  1  0.000236	
0.562500  1  0.000245	
0.675000  1  0.000255	
0.787500  1  0.000267	
0.900000  1  0.000277	
1.012500  1  0.000286	
1.062500  1  0.000289	
1.175000  1  0.000297	
1.428125  1  0.000315	
1.681250  1  0.000330	
2.250781  1  0.000359	
2.503906  1  0.000373	
3.073437  1  0.000399	
3.326562  1  0.000411	
3.896094  1  0.000434	
4.149219  1  0.000443	
4.718750  1  0.000463	
4.971875  1  0.000471	
5.541406  1  0.000488	
5.794531  1  0.000495	
5.907031  1  0.000499	
6.160156  1  0.000506	
6.729687  1  0.000521	
6.982812  1  0.000528	
7.552344  1  0.000542	
8.121875  1  0.000556	
9.403320  1  0.000584	
10.684766  1  0.000611	
11.966211  1  0.000636	
13.247656  1  0.000658	
14.529102  1  0.000679	
15.810547  1  0.000699	
17.091992  1  0.000717	
17.661523  1  0.000725	
18.942969  1  0.000744	
20.224414  1  0.000761	
21.505859  1  0.000776	
22.075391  1  0.000783	
23.356836  1  0.000798	
23.926367  1  0.000805	
25.207813  1  0.000820	
26.489258  1  0.000834	
27.058789  1  0.000840	
28.340234  1  0.000854	
28.909766  1  0.000859	
30.191211  1  0.000872	
30.760742  1  0.000878	
32.042188  1  0.000891	
32.611719  1  0.000896	
33.893164  1  0.000908	
34.462695  1  0.000913	
35.744141  1  0.000925	
36.313672  1  0.000930	
37.595117  1  0.000941	
38.164648  1  0.000946	
39.446094  1  0.000957	
40.015625  1  0.000962	
41.297070  1  0.000972	
41.866602  1  0.000976	
43.148047  1  0.000986	
43.717578  1  0.000991	
44.999023  1  0.001000	
45.853320  1  0.001007	
47.775488  1  0.001020	
49.697656  1  0.001034	
50.551953  1  0.001040	
52.474121  1  0.001053	
54.396289  1  0.001067	
56.318457  1  0.001079	
57.443457  1  0.001086	
58.193457  1  0.001091	
59.862194  1  0.001101	
61.334818  1  0.001110	
63.032434  1  0.001122	
64.734894  1  0.001133	
66.457716  1  0.001144	
68.207504  1  0.001155	
69.965467  1  0.001166	
71.743107  1  0.001177	
73.544832  1  0.001187	
75.368255  1  0.001197	
77.204839  1  0.001208	
79.054138  1  0.001218	
80.915129  1  0.001228	
82.793386  1  0.001238	
84.683121  1  0.001248	
86.592126  1  0.001257	
88.517443  1  0.001267	
90.450776  1  0.001276	
92.396129  1  0.001285	
94.360296  1  0.001294	
96.342879  1  0.001303	
98.335924  1  0.001313	
100.328969  1  0.001322	
102.322014  1  0.001331	
104.315059  1  0.001339	
106.308104  1  0.001348	
108.301149  1  0.001357	
110.294194  1  0.001365	
112.287239  1  0.001374	
114.280284  1  0.001382	
116.273329  1  0.001390	
118.266374  1  0.001398	
120.259419  1  0.001407	
122.252464  1  0.001414	
124.245509  1  0.001422	
126.238554  1  0.001430	
128.231599  1  0.001438	
130.224644  1  0.001445	
132.217689  1  0.001453	
134.210734  1  0.001460	
136.203779  1  0.001468	
138.196824  1  0.001475	
140.189869  1  0.001482	
142.182914  1  0.001489	
144.175959  1  0.001497	
146.169004  1  0.001503	
148.162049  1  0.001510	
150.155094  1  0.001517	
152.148139  1  0.001524	
154.141184  1  0.001530	
156.134229  1  0.001537	
158.127274  1  0.001543	
160.120318  1  0.001550	
162.113363  1  0.001556	
164.106408  1  0.001563	
166.099453  1  0.001569	
168.092498  1  0.001576	
170.085543  1  0.001582	
172.078588  1  0.001588	
174.071633  1  0.001594	
176.064678  1  0.001600	
178.057723  1  0.001606	
180.050768  1  0.001612	
182.043813  1  0.001619	
184.036858  1  0.001624	
186.029903  1  0.001630	
188.022948  1  0.001636	
190.015993  1  0.001642	
192.009038  1  0.001648	
194.002083  1  0.001654	
195.995128  1  0.001659	
197.988173  1  0.001665	
199.981218  1  0.001671	
201.974263  1  0.001676	
203.967308  1  0.001682	
205.960353  1  0.001688	
207.953398  1  0.001693	
209.946443  1  0.001699	
211.939488  1  0.001704	
213.932533  1  0.001709	
215.925578  1  0.001715	
217.918623  1  0.001720	
219.911668  1  0.001726	
221.904713  1  0.001731	
223.897758  1  0.001736	
225.890803  1  0.001742	
227.883848  1  0.001747	
229.876893  1  0.001752	
231.869938  1  0.001757	
233.862983  1  0.001762	
235.856027  1  0.001767	
237.849072  1  0.001773	
239.842117  1  0.001778	
241.835162  1  0.001783	
243.828207  1  0.001788	
245.821252  1  0.001793	
247.814297  1  0.001798	
249.807342  1  0.001803	
251.800387  1  0.001808	
253.793432  1  0.001812	
255.786477  1  0.001817	
257.779522  1  0.001822	
259.772567  1  0.001827	
261.765612  1  0.001831	
263.758657  1  0.001836	
265.751702  1  0.001841	
267.744747  1  0.001846	
269.737792  1  0.001850	
271.730837  1  0.001855	
273.723882  1  0.001860	
275.716927  1  0.001865	
277.709972  1  0.001869	
279.703017  1  0.001874	
281.696062  1  0.001879	
283.689107  1  0.001883	
285.682152  1  0.001888	
287.675197  1  0.001892	
289.668242  1  0.001897	
291.661287  1  0.001901	
293.654332  1  0.001906	
295.647377  1  0.001910	
297.640422  1  0.001915	
299.633467  1  0.001919	
301.626512  1  0.001924	
303.619557  1  0.001928	
305.612602  1  0.001933	
307.605647  1  0.001937	
309.598692  1  0.001941	
311.591736  1  0.001946	
313.584781  1  0.001950	
315.577826  1  0.001954	
317.570871  1  0.001958	
319.563916  1  0.001962	
321.556961  1  0.001967	
323.550006  1  0.001971	
325.543051  1  0.001975	
327.536096  1  0.001979	
329.529141  1  0.001983	
331.522186  1  0.001987	
333.515231  1  0.001991	
335.508276  1  0.001995	
337.501321  1  0.001999	
339.494366  1  0.002003	
341.487411  1  0.002007	
343.480456  1  0.002011	
345.473501  1  0.002015	
347.466546  1  0.002019	
349.459591  1  0.002023	
351.452636  1  0.002026	
353.445681  1  0.002030	
355.438726  1  0.002034	
357.431771  1  0.002038	
359.424816  1  0.002041	
361.417861  1  0.002045	
363.410906  1  0.002049	
365.403951  1  0.002053	
367.396996  1  0.002056	
369.390041  1  0.002060	
371.383086  1  0.002064	
373.376131  1  0.002067	
375.369176  1  0.002071	
377.362221  1  0.002074	
379.355266  1  0.002078	
381.348311  1  0.002081	
383.341356  1  0.002085	
385.334401  1  0.002088	
387.327445  1  0.002092	
389.320490  1  0.002095	
391.313535  1  0.002099	
393.306580  1  0.002102	
395.299625  1  0.002106	
397.292670  1  0.002109	
399.285715  1  0.002113	
401.278760  1  0.002116	
403.271805  1  0.002119	
405.264850  1  0.002123	
407.257895  1  0.002126	
409.250940  1  0.002129	
411.243985  1  0.002133	
413.237030  1  0.002136	
415.230075  1  0.002139	
417.223120  1  0.002142	
419.216165  1  0.002146	
421.209210  1  0.002149	
423.202255  1  0.002152	
425.195300  1  0.002155	
427.188345  1  0.002158	
429.181390  1  0.002162	
431.174435  1  0.002165	
433.167480  1  0.002168	
435.160525  1  0.002171	
437.153570  1  0.002174	
439.146615  1  0.002178	
441.139660  1  0.002181	
443.132705  1  0.002184	
445.125750  1  0.002187	
447.118795  1  0.002191	
449.111840  1  0.002194	
451.104885  1  0.002197	
453.097930  1  0.002200	
455.090975  1  0.002203	
457.084020  1  0.002206	
459.077065  1  0.002209	
461.070110  1  0.002212	
463.063154  1  0.002216	
465.056199  1  0.002219	
467.049244  1  0.002222	
469.042289  1  0.002225	
471.035334  1  0.002228	
473.028379  1  0.002231	
475.021424  1  0.002234	
477.014469  1  0.002237	
479.007514  1  0.002240	
481.000559  1  0.002244	
