0.112500  1  26.434447	
0.225000  1  27.595133	
0.337500  1  28.109849	
0.450000  1  27.992824	
0.562500  1  27.615019	
0.675000  1  27.320724	
0.787500  1  27.171716	
0.900000  1  27.081999	
1.012500  1  26.990478	
1.062500  1  26.946951	
1.175000  1  26.866466	
1.428125  1  26.752094	
1.681250  1  26.650899	
2.250781  1  26.490366	
2.503906  1  26.436193	
3.073437  1  26.357531	
3.326562  1  26.322251	
3.896094  1  26.266054	
4.149219  1  26.238972	
4.718750  1  26.193603	
4.971875  1  26.172673	
5.541406  1  26.134261	
5.794531  1  26.117946	
5.907031  1  26.110504	
6.160156  1  26.095550	
6.729687  1  26.067179	
6.982812  1  26.054029	
7.552344  1  26.029158	
8.121875  1  26.004845	
9.403320  1  25.958007	
10.684766  1  25.921178	
11.966211  1  25.890250	
13.247656  1  25.862884	
14.529102  1  25.838144	
15.810547  1  25.815593	
17.091992  1  25.794961	
17.661523  1  25.785339	
18.942969  1  25.769359	
20.224414  1  25.754560	
21.505859  1  25.739848	
22.075391  1  25.732853	
23.356836  1  25.719699	
23.926367  1  25.713668	
25.207813  1  25.702751	
26.489258  1  25.692526	
27.058789  1  25.687602	
28.340234  1  25.677491	
28.909766  1  25.672875	
30.191211  1  25.663842	
30.760742  1  25.659730	
32.042188  1  25.651577	
32.611719  1  25.647850	
33.893164  1  25.640316	
34.462695  1  25.636878	
35.744141  1  25.629807	
36.313672  1  25.626600	
37.595117  1  25.619904	
38.164648  1  25.616890	
39.446094  1  25.610519	
40.015625  1  25.607675	
41.297070  1  25.601597	
41.866602  1  25.598905	
43.148047  1  25.593100	
43.717578  1  25.590545	
44.999023  1  25.584998	
45.853320  1  25.581281	
47.775488  1  25.573291	
49.697656  1  25.565817	
50.551953  1  25.562322	
52.474121  1  25.555483	
54.396289  1  25.549472	
56.318457  1  25.543859	
57.443457  1  25.540533	
58.193457  1  25.538191	
59.862194  1  25.532451	
61.334818  1  25.528077	
63.032434  1  25.523600	
64.734894  1  25.519620	
66.457716  1  25.516220	
68.207504  1  25.512493	
69.965467  1  25.508716	
71.743107  1  25.505383	
73.544832  1  25.502101	
75.368255  1  25.497913	
77.204839  1  25.494284	
79.054138  1  25.491120	
80.915129  1  25.487567	
82.793386  1  25.483904	
84.683121  1  25.480688	
86.592126  1  25.477654	
88.517443  1  25.474216	
90.450776  1  25.470657	
92.396129  1  25.467493	
94.360296  1  25.464560	
96.342879  1  25.461076	
98.335924  1  25.457970	
100.328969  1  25.455325	
102.322014  1  25.452756	
104.315059  1  25.449650	
106.308104  1  25.446742	
108.301149  1  25.444214	
110.294194  1  25.441373	
112.287239  1  25.438802	
114.280284  1  25.436607	
116.273329  1  25.434297	
118.266374  1  25.431871	
120.259419  1  25.429621	
122.252464  1  25.427347	
124.245509  1  25.425044	
126.238554  1  25.422946	
128.231599  1  25.420852	
130.224644  1  25.418720	
132.217689  1  25.416756	
134.210734  1  25.414798	
136.203779  1  25.412793	
138.196824  1  25.410925	
140.189869  1  25.409065	
142.182914  1  25.407161	
144.175959  1  25.405366	
146.169004  1  25.403587	
148.162049  1  25.401768	
150.155094  1  25.400036	
152.148139  1  25.398326	
154.141184  1  25.396584	
156.134229  1  25.394911	
158.127274  1  25.393160	
160.120318  1  25.391463	
162.113363  1  25.389839	
164.106408  1  25.388262	
166.099453  1  25.386797	
168.092498  1  25.385373	
170.085543  1  25.383922	
172.078588  1  25.382502	
174.071633  1  25.381018	
176.064678  1  25.379541	
178.057723  1  25.378108	
180.050768  1  25.376706	
182.043813  1  25.375378	
184.036858  1  25.374025	
186.029903  1  25.372682	
188.022948  1  25.371376	
190.015993  1  25.370094	
192.009038  1  25.368870	
194.002083  1  25.367627	
195.995128  1  25.366383	
197.988173  1  25.365104	
199.981218  1  25.363858	
201.974263  1  25.362679	
203.967308  1  25.361547	
205.960353  1  25.360474	
207.953398  1  25.359391	
209.946443  1  25.358297	
211.939488  1  25.357165	
213.932533  1  25.356046	
215.925578  1  25.354974	
217.918623  1  25.353941	
219.911668  1  25.352906	
221.904713  1  25.351870	
223.897758  1  25.350880	
225.890803  1  25.349903	
227.883848  1  25.348928	
229.876893  1  25.347932	
231.869938  1  25.346941	
233.862983  1  25.345946	
235.856027  1  25.344977	
237.849072  1  25.344057	
239.842117  1  25.343175	
241.835162  1  25.342294	
243.828207  1  25.341407	
245.821252  1  25.340546	
247.814297  1  25.339695	
249.807342  1  25.338842	
251.800387  1  25.337968	
253.793432  1  25.337089	
255.786477  1  25.336203	
257.779522  1  25.335328	
259.772567  1  25.334460	
261.765612  1  25.333611	
263.758657  1  25.332773	
265.751702  1  25.331956	
267.744747  1  25.331151	
269.737792  1  25.330363	
271.730837  1  25.329586	
273.723882  1  25.328824	
275.716927  1  25.328071	
277.709972  1  25.327332	
279.703017  1  25.326599	
281.696062  1  25.325878	
283.689107  1  25.325162	
285.682152  1  25.324457	
287.675197  1  25.323757	
289.668242  1  25.323066	
291.661287  1  25.322378	
293.654332  1  25.321699	
295.647377  1  25.321023	
297.640422  1  25.320354	
299.633467  1  25.319688	
301.626512  1  25.319029	
303.619557  1  25.318373	
305.612602  1  25.317723	
307.605647  1  25.317076	
309.598692  1  25.316434	
311.591736  1  25.315795	
313.584781  1  25.315161	
315.577826  1  25.314530	
317.570871  1  25.313903	
319.563916  1  25.313279	
321.556961  1  25.312659	
323.550006  1  25.312042	
325.543051  1  25.311430	
327.536096  1  25.310820	
329.529141  1  25.310213	
331.522186  1  25.309610	
333.515231  1  25.309010	
335.508276  1  25.308413	
337.501321  1  25.307820	
339.494366  1  25.307229	
341.487411  1  25.306642	
343.480456  1  25.306058	
345.473501  1  25.305477	
347.466546  1  25.304898	
349.459591  1  25.304323	
351.452636  1  25.303751	
353.445681  1  25.303182	
355.438726  1  25.302615	
357.431771  1  25.302052	
359.424816  1  25.301491	
361.417861  1  25.300933	
363.410906  1  25.300379	
365.403951  1  25.299826	
367.396996  1  25.299277	
369.390041  1  25.298731	
371.383086  1  25.298187	
373.376131  1  25.297646	
375.369176  1  25.297108	
377.362221  1  25.296573	
379.355266  1  25.296040	
381.348311  1  25.295510	
383.341356  1  25.294983	
385.334401  1  25.294458	
387.327445  1  25.293936	
389.320490  1  25.293417	
391.313535  1  25.292900	
393.306580  1  25.292386	
395.299625  1  25.291875	
397.292670  1  25.291366	
399.285715  1  25.290860	
401.278760  1  25.290356	
403.271805  1  25.289855	
405.264850  1  25.289357	
407.257895  1  25.288861	
409.250940  1  25.288367	
411.243985  1  25.287876	
413.237030  1  25.287388	
415.230075  1  25.286902	
417.223120  1  25.286418	
419.216165  1  25.285938	
421.209210  1  25.285457	
423.202255  1  25.284973	
425.195300  1  25.284484	
427.188345  1  25.283991	
429.181390  1  25.283497	
431.174435  1  25.283010	
433.167480  1  25.282533	
435.160525  1  25.282068	
437.153570  1  25.281615	
439.146615  1  25.281172	
441.139660  1  25.280736	
443.132705  1  25.280307	
445.125750  1  25.279882	
447.118795  1  25.279458	
449.111840  1  25.279027	
451.104885  1  25.278587	
453.097930  1  25.278144	
455.090975  1  25.277705	
457.084020  1  25.277276	
459.077065  1  25.276856	
461.070110  1  25.276447	
463.063154  1  25.276045	
465.056199  1  25.275649	
467.049244  1  25.275248	
469.042289  1  25.274840	
471.035334  1  25.274430	
473.028379  1  25.274023	
475.021424  1  25.273624	
477.014469  1  25.273234	
479.007514  1  25.272853	
481.000559  1  25.272479	
