0.112500  1  0.013250	
0.225000  1  0.013250	
0.337500  1  0.013250	
0.450000  1  0.013250	
0.562500  1  0.013250	
0.675000  1  0.013250	
0.787500  1  0.013250	
0.900000  1  0.013250	
1.012500  1  0.013250	
1.062500  1  0.013250	
1.175000  1  0.013250	
1.428125  1  0.013250	
1.681250  1  0.013250	
2.250781  1  0.013250	
2.503906  1  0.013250	
3.073437  1  0.013250	
3.326562  1  0.013250	
3.896094  1  0.013250	
4.149219  1  0.013250	
4.718750  1  0.013250	
4.971875  1  0.013250	
5.541406  1  0.013250	
5.794531  1  0.013250	
5.907031  1  0.013250	
6.160156  1  0.013250	
6.729687  1  0.013250	
6.982812  1  0.013250	
7.552344  1  0.013250	
8.121875  1  0.013250	
9.403320  1  0.013250	
10.684766  1  0.013250	
11.966211  1  0.013250	
13.247656  1  0.013250	
14.529102  1  0.013250	
15.810547  1  0.013250	
17.091992  1  0.013250	
17.661523  1  0.013250	
18.942969  1  0.013250	
20.224414  1  0.013250	
21.505859  1  0.013250	
22.075391  1  0.013250	
23.356836  1  0.013250	
23.926367  1  0.013250	
25.207813  1  0.013250	
26.489258  1  0.013250	
27.058789  1  0.013250	
28.340234  1  0.013250	
28.909766  1  0.013250	
30.191211  1  0.013250	
30.760742  1  0.013250	
32.042188  1  0.013250	
32.611719  1  0.013250	
33.893164  1  0.013250	
34.462695  1  0.013250	
35.744141  1  0.013250	
36.313672  1  0.013250	
37.595117  1  0.013250	
38.164648  1  0.013250	
39.446094  1  0.013250	
40.015625  1  0.013250	
41.297070  1  0.013250	
41.866602  1  0.013250	
43.148047  1  0.013250	
43.717578  1  0.013250	
44.999023  1  0.013250	
45.853320  1  0.013250	
47.775488  1  0.013250	
49.697656  1  0.013250	
50.551953  1  0.013250	
52.474121  1  0.013250	
54.396289  1  0.013250	
56.318457  1  0.013250	
57.443457  1  0.013250	
58.193457  1  0.013250	
59.862194  1  0.013250	
61.334818  1  0.013250	
63.032434  1  0.013250	
64.734894  1  0.013250	
66.457716  1  0.013250	
68.207504  1  0.013250	
69.965467  1  0.013250	
71.743107  1  0.013250	
73.544832  1  0.013250	
75.368255  1  0.013250	
77.204839  1  0.013250	
79.054138  1  0.013250	
80.915129  1  0.013250	
82.793386  1  0.013250	
84.683121  1  0.013250	
86.592126  1  0.013250	
88.517443  1  0.013250	
90.450776  1  0.013250	
92.396129  1  0.013250	
94.360296  1  0.013250	
96.342879  1  0.013250	
98.335924  1  0.013250	
100.328969  1  0.013250	
102.322014  1  0.013250	
104.315059  1  0.013250	
106.308104  1  0.013250	
108.301149  1  0.013250	
110.294194  1  0.013250	
112.287239  1  0.013250	
114.280284  1  0.013250	
116.273329  1  0.013250	
118.266374  1  0.013250	
120.259419  1  0.013250	
122.252464  1  0.013250	
124.245509  1  0.013250	
126.238554  1  0.013250	
128.231599  1  0.013250	
130.224644  1  0.013250	
132.217689  1  0.013250	
134.210734  1  0.013250	
136.203779  1  0.013250	
138.196824  1  0.013250	
140.189869  1  0.013250	
142.182914  1  0.013250	
144.175959  1  0.013250	
146.169004  1  0.013250	
148.162049  1  0.013250	
150.155094  1  0.013250	
152.148139  1  0.013250	
154.141184  1  0.013250	
156.134229  1  0.013250	
158.127274  1  0.013250	
160.120318  1  0.013250	
162.113363  1  0.013250	
164.106408  1  0.013250	
166.099453  1  0.013250	
168.092498  1  0.013250	
170.085543  1  0.013250	
172.078588  1  0.013250	
174.071633  1  0.013250	
176.064678  1  0.013250	
178.057723  1  0.013250	
180.050768  1  0.013250	
182.043813  1  0.013250	
184.036858  1  0.013250	
186.029903  1  0.013250	
188.022948  1  0.013250	
190.015993  1  0.013250	
192.009038  1  0.013250	
194.002083  1  0.013250	
195.995128  1  0.013250	
197.988173  1  0.013250	
199.981218  1  0.013250	
201.974263  1  0.013250	
203.967308  1  0.013250	
205.960353  1  0.013250	
207.953398  1  0.013250	
209.946443  1  0.013250	
211.939488  1  0.013250	
213.932533  1  0.013250	
215.925578  1  0.013250	
217.918623  1  0.013250	
219.911668  1  0.013250	
221.904713  1  0.013250	
223.897758  1  0.013250	
225.890803  1  0.013250	
227.883848  1  0.013250	
229.876893  1  0.013250	
231.869938  1  0.013250	
233.862983  1  0.013250	
235.856027  1  0.013250	
237.849072  1  0.013250	
239.842117  1  0.013250	
241.835162  1  0.013250	
243.828207  1  0.013250	
245.821252  1  0.013250	
247.814297  1  0.013250	
249.807342  1  0.013250	
251.800387  1  0.013250	
253.793432  1  0.013250	
255.786477  1  0.013250	
257.779522  1  0.013250	
259.772567  1  0.013250	
261.765612  1  0.013250	
263.758657  1  0.013250	
265.751702  1  0.013250	
267.744747  1  0.013250	
269.737792  1  0.013250	
271.730837  1  0.013250	
273.723882  1  0.013250	
275.716927  1  0.013250	
277.709972  1  0.013250	
279.703017  1  0.013250	
281.696062  1  0.013250	
283.689107  1  0.013250	
285.682152  1  0.013250	
287.675197  1  0.013250	
289.668242  1  0.013250	
291.661287  1  0.013250	
293.654332  1  0.013250	
295.647377  1  0.013250	
297.640422  1  0.013250	
299.633467  1  0.013250	
301.626512  1  0.013250	
303.619557  1  0.013250	
305.612602  1  0.013250	
307.605647  1  0.013250	
309.598692  1  0.013250	
311.591736  1  0.013250	
313.584781  1  0.013250	
315.577826  1  0.013250	
317.570871  1  0.013250	
319.563916  1  0.013250	
321.556961  1  0.013250	
323.550006  1  0.013250	
325.543051  1  0.013250	
327.536096  1  0.013250	
329.529141  1  0.013250	
331.522186  1  0.013250	
333.515231  1  0.013250	
335.508276  1  0.013250	
337.501321  1  0.013250	
339.494366  1  0.013250	
341.487411  1  0.013250	
343.480456  1  0.013250	
345.473501  1  0.013250	
347.466546  1  0.013250	
349.459591  1  0.013250	
351.452636  1  0.013250	
353.445681  1  0.013250	
355.438726  1  0.013250	
357.431771  1  0.013250	
359.424816  1  0.013250	
361.417861  1  0.013250	
363.410906  1  0.013250	
365.403951  1  0.013250	
367.396996  1  0.013250	
369.390041  1  0.013250	
371.383086  1  0.013250	
373.376131  1  0.013250	
375.369176  1  0.013250	
377.362221  1  0.013250	
379.355266  1  0.013250	
381.348311  1  0.013250	
383.341356  1  0.013250	
385.334401  1  0.013250	
387.327445  1  0.013250	
389.320490  1  0.013250	
391.313535  1  0.013250	
393.306580  1  0.013250	
395.299625  1  0.013250	
397.292670  1  0.013250	
399.285715  1  0.013250	
401.278760  1  0.013250	
403.271805  1  0.013250	
405.264850  1  0.013250	
407.257895  1  0.013250	
409.250940  1  0.013250	
411.243985  1  0.013250	
413.237030  1  0.013250	
415.230075  1  0.013250	
417.223120  1  0.013250	
419.216165  1  0.013250	
421.209210  1  0.013250	
423.202255  1  0.013250	
425.195300  1  0.013250	
427.188345  1  0.013250	
429.181390  1  0.013250	
431.174435  1  0.013250	
433.167480  1  0.013250	
435.160525  1  0.013250	
437.153570  1  0.013250	
439.146615  1  0.013250	
441.139660  1  0.013250	
443.132705  1  0.013250	
445.125750  1  0.013250	
447.118795  1  0.013250	
449.111840  1  0.013250	
451.104885  1  0.013250	
453.097930  1  0.013250	
455.090975  1  0.013250	
457.084020  1  0.013250	
459.077065  1  0.013250	
461.070110  1  0.013250	
463.063154  1  0.013250	
465.056199  1  0.013250	
467.049244  1  0.013250	
469.042289  1  0.013250	
471.035334  1  0.013250	
473.028379  1  0.013250	
475.021424  1  0.013250	
477.014469  1  0.013250	
479.007514  1  0.013250	
481.000559  1  0.013250	
