   9.9750000e+01
   1.0025000e+02
   9.9250000e+01
   1.0075000e+02
   9.8750000e+01
   1.0125000e+02
   9.8250000e+01
   1.0175000e+02
   9.7750000e+01
   1.0225000e+02
   9.7250000e+01
   1.0275000e+02
   9.6750000e+01
   1.0325000e+02
   9.6250000e+01
   1.0375000e+02
   9.5750000e+01
   1.0425000e+02
   9.5250000e+01
   1.0475000e+02
   9.4750000e+01
   1.0525000e+02
   9.4250000e+01
   1.0575000e+02
   9.3750000e+01
   1.0625000e+02
   9.3250000e+01
   1.0675000e+02
   9.2750000e+01
   1.0725000e+02
   9.2250000e+01
   1.0775000e+02
   9.1750000e+01
   1.0825000e+02
   9.1250000e+01
   1.0875000e+02
   9.0750000e+01
   1.0925000e+02
   9.0250000e+01
   1.0975000e+02
   8.9750000e+01
   1.1025000e+02
   8.9250000e+01
   1.1075000e+02
   8.8750000e+01
   1.1125000e+02
   8.8250000e+01
   1.1175000e+02
   8.7750000e+01
   1.1225000e+02
   8.7250000e+01
   1.1275000e+02
   8.6750000e+01
   1.1325000e+02
   8.6250000e+01
   1.1375000e+02
   8.5750000e+01
   1.1425000e+02
   8.5250000e+01
   1.1475000e+02
   8.4750000e+01
   1.1525000e+02
   8.4250000e+01
   1.1575000e+02
   8.3750000e+01
   1.1625000e+02
   8.3250000e+01
   1.1675000e+02
   8.2750000e+01
   1.1725000e+02
   8.2250000e+01
   1.1775000e+02
   8.1750000e+01
   1.1825000e+02
   8.1250000e+01
   1.1875000e+02
   8.0750000e+01
   8.0375000e+01
   8.0125000e+01
   1.1925000e+02
   1.1962500e+02
   1.1987500e+02
   1.2000000e+02
   1.2000000e+02
   1.2000000e+02
   1.2000000e+02
   1.2000000e+02
   1.2000000e+02
   1.2000000e+02
   1.2000000e+02
   1.2000000e+02
   1.2000000e+02
   1.2025000e+02
   8.0000000e+01
   8.0000000e+01
   8.0000000e+01
   8.0000000e+01
   8.0000000e+01
   8.0000000e+01
   8.0000000e+01
   8.0000000e+01
   8.0000000e+01
   8.0000000e+01
   7.9750000e+01
   1.2075000e+02
   1.2000000e+02
   1.2000000e+02
   1.2000000e+02
   1.2000000e+02
   1.2000000e+02
   1.2000000e+02
   1.2000000e+02
   1.2000000e+02
   1.2000000e+02
   1.2000000e+02
   8.0000000e+01
   8.0000000e+01
   8.0000000e+01
   8.0000000e+01
   8.0000000e+01
   8.0000000e+01
   8.0000000e+01
   8.0000000e+01
   8.0000000e+01
   8.0000000e+01
   7.9250000e+01
   1.2125000e+02
   7.8750000e+01
   1.2175000e+02
   7.8250000e+01
   1.2000000e+02
   1.2000000e+02
   1.2000000e+02
   1.2000000e+02
   1.2000000e+02
   1.2000000e+02
   1.2000000e+02
   1.2000000e+02
   1.2000000e+02
   1.2000000e+02
   8.0000000e+01
   8.0000000e+01
   8.0000000e+01
   8.0000000e+01
   8.0000000e+01
   8.0000000e+01
   8.0000000e+01
   8.0000000e+01
   8.0000000e+01
   8.0000000e+01
   1.2225000e+02
   7.7750000e+01
   1.2275000e+02
   7.7250000e+01
   1.2325000e+02
   7.6750000e+01
   1.2375000e+02
   7.6250000e+01
   1.2425000e+02
   7.5750000e+01
   1.2000000e+02
   1.2000000e+02
   1.2000000e+02
   1.2000000e+02
   1.2000000e+02
   1.2000000e+02
   1.2000000e+02
   1.2000000e+02
   1.2000000e+02
   1.2000000e+02
   1.2475000e+02
   7.5250000e+01
   8.0000000e+01
   8.0000000e+01
   8.0000000e+01
   8.0000000e+01
   8.0000000e+01
   8.0000000e+01
   8.0000000e+01
   8.0000000e+01
   8.0000000e+01
   8.0000000e+01
   1.2525000e+02
   7.4750000e+01
   1.2575000e+02
   7.4250000e+01
   1.2625000e+02
   7.3750000e+01
   1.2675000e+02
   7.3250000e+01
   1.2725000e+02
   7.2750000e+01
   1.2775000e+02
   7.2250000e+01
   1.2825000e+02
   7.1750000e+01
   1.2000000e+02
   1.2000000e+02
   8.0000000e+01
   8.0000000e+01
   1.2875000e+02
   7.1250000e+01
   1.2925000e+02
   7.0750000e+01
   1.2975000e+02
   7.0250000e+01
   1.3025000e+02
   6.9750000e+01
   1.3075000e+02
   6.9250000e+01
   1.3125000e+02
   6.8750000e+01
   1.3175000e+02
   6.8250000e+01
   1.3225000e+02
   6.7750000e+01
   1.3275000e+02
   6.7250000e+01
   1.3325000e+02
   6.6750000e+01
   1.3375000e+02
   6.6250000e+01
   1.3425000e+02
   6.5750000e+01
   1.3475000e+02
   6.5250000e+01
   1.3525000e+02
   6.4750000e+01
   1.3575000e+02
   6.4250000e+01
   1.3625000e+02
   6.3750000e+01
   1.3675000e+02
   6.3250000e+01
   1.3725000e+02
   6.2750000e+01
   1.3775000e+02
   6.2250000e+01
   1.3825000e+02
   6.1750000e+01
   1.3875000e+02
   6.1250000e+01
   1.3925000e+02
   6.0750000e+01
   1.3975000e+02
   6.0250000e+01
   1.4025000e+02
   5.9750000e+01
   1.4075000e+02
   5.9250000e+01
   1.4125000e+02
   5.8750000e+01
   1.4175000e+02
   5.8250000e+01
   1.4225000e+02
   5.7750000e+01
   1.4275000e+02
   5.7250000e+01
   1.4325000e+02
   5.6750000e+01
   1.4375000e+02
   5.6250000e+01
   1.4425000e+02
   5.5750000e+01
   1.4475000e+02
   5.5250000e+01
   1.4525000e+02
   5.4750000e+01
   1.4575000e+02
   5.4250000e+01
   1.4625000e+02
   5.3750000e+01
   1.4675000e+02
   5.3250000e+01
   1.4725000e+02
   5.2750000e+01
   1.4775000e+02
   5.2250000e+01
   1.4825000e+02
   5.1750000e+01
   1.4875000e+02
   5.1250000e+01
   1.4925000e+02
   5.0750000e+01
   1.4975000e+02
   5.0250000e+01
   1.5025000e+02
   4.9750000e+01
   1.5075000e+02
   4.9250000e+01
   1.5125000e+02
   4.8750000e+01
   1.5175000e+02
   4.8250000e+01
   1.5225000e+02
   4.7750000e+01
   1.5275000e+02
   4.7250000e+01
   1.5325000e+02
   4.6750000e+01
   1.5375000e+02
   4.6250000e+01
   1.5425000e+02
   4.5750000e+01
   1.5475000e+02
   4.5250000e+01
   1.5525000e+02
   4.4750000e+01
   1.5575000e+02
   4.4250000e+01
   1.5625000e+02
   4.3750000e+01
   1.5675000e+02
   4.3250000e+01
   1.5725000e+02
   4.2750000e+01
   1.5775000e+02
   4.2250000e+01
   1.5825000e+02
   4.1750000e+01
   1.5875000e+02
   4.1250000e+01
   1.5925000e+02
   4.0750000e+01
   1.5975000e+02
   4.0250000e+01
   1.6025000e+02
   3.9750000e+01
   1.6075000e+02
   3.9250000e+01
   1.6125000e+02
   3.8750000e+01
   1.6175000e+02
   3.8250000e+01
   1.6225000e+02
   3.7750000e+01
   1.6275000e+02
   3.7250000e+01
   1.6325000e+02
   3.6750000e+01
   1.6375000e+02
   3.6250000e+01
   1.6425000e+02
   3.5750000e+01
   1.6475000e+02
   3.5250000e+01
   1.6525000e+02
   3.4750000e+01
   1.6575000e+02
   3.4250000e+01
   1.6625000e+02
   3.3750000e+01
   1.6675000e+02
   3.3250000e+01
   1.6725000e+02
   3.2750000e+01
   1.6775000e+02
   3.2250000e+01
   1.6825000e+02
   3.1750000e+01
   1.6875000e+02
   3.1250000e+01
   1.6925000e+02
   3.0750000e+01
   1.6975000e+02
   3.0250000e+01
   1.7025000e+02
   2.9750000e+01
   1.7075000e+02
   2.9250000e+01
   1.7125000e+02
   2.8750000e+01
   1.7175000e+02
   2.8250000e+01
   1.7225000e+02
   2.7750000e+01
   1.7275000e+02
   2.7250000e+01
   1.7325000e+02
   2.6750000e+01
   1.7375000e+02
   2.6250000e+01
   1.7425000e+02
   2.5750000e+01
   1.7475000e+02
   2.5250000e+01
   1.7525000e+02
   2.4750000e+01
   1.7575000e+02
   2.4250000e+01
   1.7625000e+02
   2.3750000e+01
   1.7675000e+02
   2.3250000e+01
   1.7725000e+02
   2.2750000e+01
   1.7775000e+02
   2.2250000e+01
   1.7825000e+02
   2.1750000e+01
   1.7875000e+02
   2.1250000e+01
