0.045000  0.400000
0.090000  0.400000
0.135000  0.400000
0.180000  0.400000
0.225000  0.400000
0.270000  0.400000
0.315000  0.400000
0.360000  0.400000
0.405000  0.400000
0.450000  0.400000
0.495000  0.400000
0.540000  0.400000
0.585000  0.400000
0.630000  0.400000
0.675000  0.400000
0.720000  0.400000
0.765000  0.400000
0.810000  0.400000
0.855000  0.400000
0.900000  0.800000
1.001250  0.800000
1.229063  0.800000
1.380938  1.200000
1.722656  1.200000
1.950469  1.600000
2.463047  1.600000
2.690859  2.000000
3.203438  2.000000
3.431250  2.400000
3.943828  2.400000
4.171641  2.800000
4.684219  2.800000
4.912031  3.200000
5.424609  3.200000
5.766328  3.600000
6.535195  3.600000
6.876914  4.000000
7.645781  4.400000
8.414648  4.400000
8.756367  4.800000
9.525234  4.800000
9.866953  5.200000
10.635820  5.200000
10.977539  5.600000
11.746406  5.600000
12.088125  6.000000
12.856992  6.000000
13.198711  6.400000
13.967578  6.400000
14.309297  6.800000
15.078164  6.800000
15.590742  7.200000
16.744043  7.600000
17.897344  7.600000
18.409922  8.000000
19.563223  8.400000
20.716523  8.400000
21.229102  8.800000
22.382402  9.200000
23.535703  9.200000
24.048281  9.600000
25.201582  10.000000
26.354883  10.000000
26.867461  10.400000
28.020762  10.400000
28.533340  10.800000
29.686641  11.200000
30.839941  11.200000
31.352520  11.600000
32.505820  11.600000
33.018398  12.000000
34.171699  12.000000
34.684277  12.400000
35.837578  12.400000
36.350156  13.026080
37.503457  13.026080
37.703457  13.226080
38.153457  13.226080
38.603457  13.226080
39.053457  13.226080
39.253457  13.426080
39.553457  14.630254
39.922009  16.637211
40.441532  16.637211
41.111423  16.837211
42.099231  17.840690
43.365848  18.256499
44.619750  19.259978
45.855549  19.259978
47.080875  20.654128
47.440841  22.048279
48.020190  22.048279
48.874537  23.445492
50.020919  23.445492
51.229105  23.445492
52.441731  24.768846
53.667109  24.768846
54.910211  24.768846
56.177200  24.768846
57.476368  26.758379
58.810107  26.958379
60.173141  26.958379
61.569675  26.958379
63.013617  27.949179
64.500655  29.276757
66.029496  29.276757
67.613211  29.276757
69.234062  29.476757
70.893430  30.567556
72.611571  32.529837
74.366679  32.529837
76.165973  32.629837
78.007403  32.629837
79.876009  33.788578
81.820065  33.788578
83.849882  36.222385
85.914706  36.322385
87.989127  36.322385
90.182157  37.690862
92.363707  37.790862
94.652502  37.890862
96.899758  38.857043
99.264006  38.857043
101.695588  41.710778
104.157305  44.099310
106.559544  44.099310
109.144089  44.199310
111.705004  44.199310
114.255065  44.199310
116.788550  45.372324
119.256153  45.572324
121.466635  47.848306
123.775724  49.799463
126.044058  49.799463
128.300114  49.799463
129.680381  49.799463
131.835776  50.577874
133.945190  50.577874
136.024568  50.577874
137.855199  50.577874
139.846060  50.577874
141.738094  52.719089
143.461824  52.719089
144.930795  52.719089
146.454520  52.719089
148.193461  52.819089
149.982079  52.819089
151.362468  52.819089
153.076202  54.194152
153.482676  56.358529
154.124141  56.358529
154.902133  56.358529
155.846448  57.930031
156.931520  57.930031
158.052630  57.930031
159.339652  59.201669
160.594464  60.178011
161.940782  60.178011
163.149811  60.178011
164.582573  60.178011
165.764462  61.087763
167.171276  61.187763
168.307818  62.101851
170.014990  62.101851
171.138395  62.101851
172.490089  63.429359
173.545666  63.429359
174.821492  63.429359
175.841096  63.429359
177.091468  63.794994
178.087286  63.794994
179.304613  63.794994
180.269975  64.771336
181.461794  64.771336
182.399218  64.771336
183.597679  66.657260
184.516001  66.657260
185.649719  66.757260
186.537081  66.757260
187.645670  66.757260
188.508725  66.757260
189.626734  66.857260
190.477143  66.857260
191.545991  67.834631
192.374601  67.834631
193.423644  67.834631
194.232534  67.834631
195.286475  68.034631
196.082950  68.964037
197.094025  69.920555
197.865385  69.920555
198.852520  69.920555
199.605137  69.920555
200.592978  69.920555
201.334698  70.506360
202.311319  70.506360
203.039993  70.506360
203.998606  70.506360
204.714810  70.506360
205.660625  71.483730
206.366462  71.483730
207.281601  71.483730
207.970878  71.483730
208.888183  71.483730
209.554273  71.483730
210.455538  71.483730
211.110589  72.041374
212.001328  72.041374
212.644885  72.997892
213.520200  73.197892
214.158046  73.197892
215.007089  73.197892
215.624896  73.197892
216.474623  73.197892
217.092853  73.197892
217.937573  73.197892
218.547528  73.197892
219.383803  73.197892
219.986381  73.197892
220.814161  73.197892
221.408752  73.197892
