0.045000  1  0.013250	
0.090000  1  0.013250	
0.135000  1  0.013250	
0.180000  1  0.013250	
0.225000  1  0.013250	
0.270000  1  0.013250	
0.315000  1  0.013250	
0.360000  1  0.013250	
0.405000  1  0.013250	
0.450000  1  0.013250	
0.495000  1  0.013250	
0.540000  1  0.013250	
0.585000  1  0.013250	
0.630000  1  0.013250	
0.675000  1  0.013250	
0.720000  1  0.013250	
0.765000  1  0.013250	
0.810000  1  0.013250	
0.855000  1  0.013250	
0.900000  1  0.013250	
1.001250  1  0.013250	
1.229063  1  0.013250	
1.380938  1  0.013250	
1.722656  1  0.013250	
1.950469  1  0.013250	
2.463047  1  0.013250	
2.690859  1  0.013250	
3.203438  1  0.013250	
3.431250  1  0.013250	
3.943828  1  0.013250	
4.171641  1  0.013250	
4.684219  1  0.013250	
4.912031  1  0.013250	
5.424609  1  0.013250	
5.766328  1  0.013250	
6.535195  1  0.013250	
6.876914  1  0.013250	
7.645781  1  0.013250	
8.414648  1  0.013250	
8.756367  1  0.013250	
9.525234  1  0.013250	
9.866953  1  0.013250	
10.635820  1  0.013250	
10.977539  1  0.013250	
11.746406  1  0.013250	
12.088125  1  0.013250	
12.856992  1  0.013250	
13.198711  1  0.013250	
13.967578  1  0.013250	
14.309297  1  0.013250	
15.078164  1  0.013250	
15.590742  1  0.013250	
16.744043  1  0.013250	
17.897344  1  0.013250	
18.409922  1  0.013250	
19.563223  1  0.013250	
20.716523  1  0.013250	
21.229102  1  0.013250	
22.382402  1  0.013250	
23.535703  1  0.013250	
24.048281  1  0.013250	
25.201582  1  0.013250	
26.354883  1  0.013250	
26.867461  1  0.013250	
28.020762  1  0.013250	
28.533340  1  0.013250	
29.686641  1  0.013250	
30.839941  1  0.013250	
31.352520  1  0.013250	
32.505820  1  0.013250	
33.018398  1  0.013250	
34.171699  1  0.013250	
34.684277  1  0.013250	
35.837578  1  0.013250	
36.350156  1  0.013250	
37.503457  1  0.013250	
37.703457  1  0.013250	
38.153457  1  0.013250	
38.603457  1  0.013250	
39.053457  1  0.013250	
39.253457  1  0.013250	
39.553457  1  0.013250	
39.922009  1  0.013250	
40.441532  1  0.013250	
41.111423  1  0.013250	
42.099231  1  0.013250	
43.365848  1  0.013250	
44.619750  1  0.013250	
45.855549  1  0.013250	
47.080875  1  0.013250	
47.440841  1  0.013250	
48.020190  1  0.013250	
48.874537  1  0.013250	
50.020919  1  0.013250	
51.229105  1  0.013250	
52.441731  1  0.013250	
53.667109  1  0.013250	
54.910211  1  0.013250	
56.177200  1  0.013250	
57.476368  1  0.013250	
58.810107  1  0.013250	
60.173141  1  0.013250	
61.569675  1  0.013250	
63.013617  1  0.013250	
64.500655  1  0.013250	
66.029496  1  0.013250	
67.613211  1  0.013250	
69.234062  1  0.013250	
70.893430  1  0.013250	
72.611571  1  0.013250	
74.366679  1  0.013250	
76.165973  1  0.013250	
78.007403  1  0.013250	
79.876009  1  0.013250	
81.820065  1  0.013250	
83.849882  1  0.013250	
85.914706  1  0.013250	
87.989127  1  0.013250	
90.182157  1  0.013250	
92.363707  1  0.013250	
94.652502  1  0.013250	
96.899758  1  0.013250	
99.264006  1  0.013250	
101.695588  1  0.013250	
104.157305  1  0.013250	
106.559544  1  0.013250	
109.144089  1  0.013250	
111.705004  1  0.013250	
114.255065  1  0.013250	
116.788550  1  0.013250	
119.256153  1  0.013250	
121.466635  1  0.013250	
123.775724  1  0.013250	
126.044058  1  0.013250	
128.300114  1  0.013250	
129.680381  1  0.013250	
131.835776  1  0.013250	
133.945190  1  0.013250	
136.024568  1  0.013250	
137.855199  1  0.013250	
139.846060  1  0.013250	
141.738094  1  0.013250	
143.461824  1  0.013250	
144.930795  1  0.013250	
146.454520  1  0.013250	
148.193461  1  0.013250	
149.982079  1  0.013250	
151.362468  1  0.013250	
153.076202  1  0.013250	
153.482676  1  0.013250	
154.124141  1  0.013250	
154.902133  1  0.013250	
155.846448  1  0.013250	
156.931520  1  0.013250	
158.052630  1  0.013250	
159.339652  1  0.013250	
160.594464  1  0.013250	
161.940782  1  0.013250	
163.149811  1  0.013250	
164.582573  1  0.013250	
165.764462  1  0.013250	
167.171276  1  0.013250	
168.307818  1  0.013250	
170.014990  1  0.013250	
171.138395  1  0.013250	
172.490089  1  0.013250	
173.545666  1  0.013250	
174.821492  1  0.013250	
175.841096  1  0.013250	
177.091468  1  0.013250	
178.087286  1  0.013250	
179.304613  1  0.013250	
180.269975  1  0.013250	
181.461794  1  0.013250	
182.399218  1  0.013250	
183.597679  1  0.013250	
184.516001  1  0.013250	
185.649719  1  0.013250	
186.537081  1  0.013250	
187.645670  1  0.013250	
188.508725  1  0.013250	
189.626734  1  0.013250	
190.477143  1  0.013250	
191.545991  1  0.013250	
192.374601  1  0.013250	
193.423644  1  0.013250	
194.232534  1  0.013250	
195.286475  1  0.013250	
196.082950  1  0.013250	
197.094025  1  0.013250	
197.865385  1  0.013250	
198.852520  1  0.013250	
199.605137  1  0.013250	
200.592978  1  0.013250	
201.334698  1  0.013250	
202.311319  1  0.013250	
203.039993  1  0.013250	
203.998606  1  0.013250	
204.714810  1  0.013250	
205.660625  1  0.013250	
206.366462  1  0.013250	
207.281601  1  0.013250	
207.970878  1  0.013250	
208.888183  1  0.013250	
209.554273  1  0.013250	
210.455538  1  0.013250	
211.110589  1  0.013250	
212.001328  1  0.013250	
212.644885  1  0.013250	
213.520200  1  0.013250	
214.158046  1  0.013250	
215.007089  1  0.013250	
215.624896  1  0.013250	
216.474623  1  0.013250	
217.092853  1  0.013250	
217.937573  1  0.013250	
218.547528  1  0.013250	
219.383803  1  0.013250	
219.986381  1  0.013250	
220.814161  1  0.013250	
221.408752  1  0.013250	
