   9.4709535e-01
   9.4709535e-01
   1.1420428e+00
   1.1420428e+00
   1.0753313e+00
   1.0753313e+00
   9.0887688e-01
   9.0887688e-01
   1.0211268e+00
   1.0211268e+00
   1.0430220e+00
   1.0430220e+00
   1.0166084e+00
   1.0166084e+00
   9.6558905e-01
   9.6558905e-01
   9.0387104e-01
   9.0387104e-01
   9.4538696e-01
   9.4538696e-01
   9.6939344e-01
   9.6939344e-01
   9.8537005e-01
   9.8537005e-01
   9.0730881e-01
   9.0730881e-01
   9.3273093e-01
   9.3273093e-01
   9.5765037e-01
   9.5765037e-01
   9.0613004e-01
   9.0613004e-01
   9.4830070e-01
   9.4830070e-01
   9.1968873e-01
   9.1968873e-01
   9.0767050e-01
   9.0767050e-01
   9.0921929e-01
   9.0921929e-01
   9.2311838e-01
   9.2311838e-01
   9.2803599e-01
   9.3350020e-01
   9.1654604e-01
   9.2450412e-01
   9.5072846e-01
   9.3468505e-01
   9.5382680e-01
   9.2186653e-01
   9.4466404e-01
   9.3168213e-01
   9.5560017e-01
   9.5077481e-01
   9.3893164e-01
   9.2705136e-01
   9.2759230e-01
   9.4151822e-01
   9.0774898e-01
   9.2041978e-01
   9.7212093e-01
   9.2209022e-01
   9.4000915e-01
   9.0300136e-01
   9.2606178e-01
   9.4862545e-01
   9.4015854e-01
   9.3762180e-01
   9.3238674e-01
   9.4608112e-01
   9.2621201e-01
   9.4762748e-01
   9.2078141e-01
   9.3524079e-01
   9.0373056e-01
   9.4346636e-01
   9.6871150e-01
   9.2460441e-01
   9.4560011e-01
   9.2451735e-01
   9.3253567e-01
   9.0558412e-01
   9.0742864e-01
   9.0550242e-01
   9.5772290e-01
   9.4092279e-01
   9.1996192e-01
   9.2698636e-01
   9.5792698e-01
   9.0263865e-01
   9.3719225e-01
   9.3065816e-01
   9.4672382e-01
   9.2260752e-01
   9.3633890e-01
   9.2277557e-01
   9.2754881e-01
   9.2615977e-01
   9.3018025e-01
   9.1337046e-01
   9.0174137e-01
   9.2737699e-01
   9.1937973e-01
   9.0312969e-01
   9.2966479e-01
   9.2507242e-01
   9.0527161e-01
   9.2548849e-01
   9.3482053e-01
   9.1972066e-01
   9.4749211e-01
   9.2966634e-01
   9.3085038e-01
   9.0968116e-01
   9.2463365e-01
   9.2793973e-01
   9.1954013e-01
   9.0015627e-01
   9.0150332e-01
   9.2108257e-01
   9.0257924e-01
   9.3055648e-01
   9.1959241e-01
   9.1222805e-01
   9.0953490e-01
   9.3343990e-01
   9.4205066e-01
   9.3116535e-01
   9.2741198e-01
   9.4278406e-01
   9.4901025e-01
   9.0051719e-01
   9.3520222e-01
   9.0403045e-01
   9.4998545e-01
   9.1215903e-01
   9.0277831e-01
   9.0218110e-01
   9.0799880e-01
   9.1199376e-01
   9.1450761e-01
   9.4054283e-01
   9.0683652e-01
   9.0266492e-01
   9.1869950e-01
   9.0032833e-01
   9.0281179e-01
   9.2937073e-01
   9.1670742e-01
   9.1051416e-01
   9.1135749e-01
   9.2330262e-01
   9.0310152e-01
   9.0068002e-01
   9.3016564e-01
   9.0482148e-01
   9.4285367e-01
   9.2851324e-01
   9.1891776e-01
   9.1866520e-01
   9.2645079e-01
   9.0420843e-01
   9.1756264e-01
   9.3549383e-01
   9.1377875e-01
   9.1708556e-01
   9.1540471e-01
   9.3854416e-01
   9.0175527e-01
   9.1598949e-01
   9.1366932e-01
   9.3842198e-01
   9.3190067e-01
   9.1645233e-01
   9.0486303e-01
   9.3753439e-01
   9.2289229e-01
   9.0486125e-01
   9.2093239e-01
   9.2102125e-01
   9.3719242e-01
   9.1458592e-01
   9.2680349e-01
   9.2495210e-01
   9.3799885e-01
   9.2386490e-01
   9.0606024e-01
   9.3604879e-01
   9.1416116e-01
   9.1063276e-01
   9.2630292e-01
   9.2453444e-01
   9.2619284e-01
   9.1331201e-01
   9.1524794e-01
   9.2298248e-01
   9.1329151e-01
   9.2275242e-01
   9.1608545e-01
   9.2910325e-01
   9.0813285e-01
   9.1012187e-01
   9.2049308e-01
   9.1454643e-01
   9.0898327e-01
   9.0997970e-01
   9.0504036e-01
   9.1032684e-01
   9.2518890e-01
   9.1683128e-01
   9.2394105e-01
   9.1332307e-01
   9.0246454e-01
   9.0205387e-01
   9.2064909e-01
   9.3203708e-01
   9.0295498e-01
   9.2028139e-01
   9.2988020e-01
   9.0425203e-01
   9.1599896e-01
   9.0943067e-01
   9.1782151e-01
   9.1765619e-01
   9.1130751e-01
   9.0436203e-01
   9.1289352e-01
   9.1455707e-01
   9.1041655e-01
   9.1328179e-01
   9.1796565e-01
   9.0258177e-01
   9.2706944e-01
   9.0005557e-01
   9.0542853e-01
   0.0000000e+00
