   2.2290171e-03
   2.2285108e-03
   2.2289558e-03
   2.2274360e-03
   2.2284251e-03
   2.2258894e-03
   2.2274647e-03
   2.2239089e-03
   2.2261002e-03
   2.2215187e-03
   2.2243506e-03
   2.2187364e-03
   2.2222315e-03
   2.2155759e-03
   2.2197557e-03
   2.2120485e-03
   2.2169345e-03
   2.2081639e-03
   2.2137776e-03
   2.2039306e-03
   2.2102943e-03
   2.1993563e-03
   2.2064930e-03
   2.1944479e-03
   2.2023817e-03
   2.1892121e-03
   2.1979681e-03
   2.1836555e-03
   2.1932603e-03
   2.1777847e-03
   2.1882668e-03
   2.1716064e-03
   2.1829975e-03
   2.1651281e-03
   2.1774656e-03
   2.1583576e-03
   2.1716910e-03
   2.1513034e-03
   2.1657104e-03
   2.1439769e-03
   2.1596016e-03
   2.1364023e-03
   2.1535518e-03
   2.1286478e-03
   2.1480488e-03
   2.1209142e-03
   2.1443374e-03
   2.1444673e-03
   2.1455027e-03
   2.1482476e-03
   2.1138389e-03
   2.1105741e-03
   2.1089306e-03
   2.1085183e-03
  -0.0000000e+00
  -0.0000000e+00
  -0.0000000e+00
  -0.0000000e+00
  -0.0000000e+00
  -0.0000000e+00
   2.0863929e-03
  -0.0000000e+00
  -0.0000000e+00
  -0.0000000e+00
  -0.0000000e+00
  -0.0000000e+00
  -0.0000000e+00
   2.1023543e-03
  -0.0000000e+00
  -0.0000000e+00
  -0.0000000e+00
  -0.0000000e+00
  -0.0000000e+00
  -0.0000000e+00
  -0.0000000e+00
  -0.0000000e+00
  -0.0000000e+00
  -0.0000000e+00
  -0.0000000e+00
  -0.0000000e+00
  -0.0000000e+00
  -0.0000000e+00
  -0.0000000e+00
  -0.0000000e+00
   2.0737240e-03
   2.1132183e-03
  -0.0000000e+00
  -0.0000000e+00
  -0.0000000e+00
  -0.0000000e+00
  -0.0000000e+00
  -0.0000000e+00
  -0.0000000e+00
  -0.0000000e+00
  -0.0000000e+00
  -0.0000000e+00
  -0.0000000e+00
  -0.0000000e+00
  -0.0000000e+00
  -0.0000000e+00
  -0.0000000e+00
  -0.0000000e+00
  -0.0000000e+00
  -0.0000000e+00
  -0.0000000e+00
  -0.0000000e+00
   2.0879616e-03
   2.0724858e-03
   2.1084706e-03
   2.0566059e-03
   2.0576178e-03
   2.0797317e-03
   2.1017469e-03
  -0.0000000e+00
  -0.0000000e+00
  -0.0000000e+00
  -0.0000000e+00
  -0.0000000e+00
  -0.0000000e+00
   2.0404230e-03
  -0.0000000e+00
  -0.0000000e+00
  -0.0000000e+00
  -0.0000000e+00
  -0.0000000e+00
  -0.0000000e+00
  -0.0000000e+00
  -0.0000000e+00
   2.0424424e-03
   2.0714020e-03
  -0.0000000e+00
  -0.0000000e+00
  -0.0000000e+00
  -0.0000000e+00
  -0.0000000e+00
  -0.0000000e+00
   2.0909551e-03
  -0.0000000e+00
  -0.0000000e+00
  -0.0000000e+00
  -0.0000000e+00
  -0.0000000e+00
  -0.0000000e+00
   2.0233781e-03
  -0.0000000e+00
  -0.0000000e+00
  -0.0000000e+00
  -0.0000000e+00
   2.0266615e-03
   2.0601203e-03
  -0.0000000e+00
  -0.0000000e+00
  -0.0000000e+00
  -0.0000000e+00
   2.0785652e-03
   2.0057471e-03
  -0.0000000e+00
  -0.0000000e+00
  -0.0000000e+00
  -0.0000000e+00
  -0.0000000e+00
  -0.0000000e+00
  -0.0000000e+00
  -0.0000000e+00
   2.0105101e-03
   2.0469277e-03
  -0.0000000e+00
  -0.0000000e+00
  -0.0000000e+00
  -0.0000000e+00
  -0.0000000e+00
  -0.0000000e+00
  -0.0000000e+00
   2.0661992e-03
   1.9879298e-03
   1.9944357e-03
  -0.0000000e+00
  -0.0000000e+00
  -0.0000000e+00
  -0.0000000e+00
   2.0350137e-03
  -0.0000000e+00
  -0.0000000e+00
  -0.0000000e+00
  -0.0000000e+00
  -0.0000000e+00
  -0.0000000e+00
   2.0507956e-03
  -0.0000000e+00
  -0.0000000e+00
   1.9707287e-03
   1.9774032e-03
   2.0210907e-03
   2.0327501e-03
  -0.0000000e+00
   1.9534405e-03
   1.9589589e-03
   2.0039218e-03
   2.0134827e-03
   1.9350381e-03
   1.9388930e-03
   1.9848289e-03
  -0.0000000e+00
  -0.0000000e+00
  -0.0000000e+00
  -0.0000000e+00
   1.9928964e-03
  -0.0000000e+00
  -0.0000000e+00
  -0.0000000e+00
  -0.0000000e+00
   1.9149545e-03
  -0.0000000e+00
  -0.0000000e+00
  -0.0000000e+00
  -0.0000000e+00
   1.9179308e-03
   1.9641909e-03
   1.9724335e-03
  -0.0000000e+00
  -0.0000000e+00
  -0.0000000e+00
  -0.0000000e+00
   1.8938753e-03
   1.8963625e-03
   1.9441206e-03
   1.9488461e-03
  -0.0000000e+00
  -0.0000000e+00
  -0.0000000e+00
  -0.0000000e+00
  -0.0000000e+00
  -0.0000000e+00
  -0.0000000e+00
  -0.0000000e+00
   1.8727145e-03
   1.8732773e-03
   1.9212681e-03
   1.9252931e-03
   1.8504887e-03
   1.8484352e-03
   1.8984246e-03
   1.8996667e-03
  -0.0000000e+00
  -0.0000000e+00
  -0.0000000e+00
  -0.0000000e+00
   1.8263627e-03
   1.8223982e-03
   1.8740577e-03
   1.8726228e-03
   1.8006491e-03
   1.7956058e-03
   1.8481556e-03
  -0.0000000e+00
  -0.0000000e+00
  -0.0000000e+00
  -0.0000000e+00
   1.8441993e-03
   1.7743026e-03
  -0.0000000e+00
  -0.0000000e+00
  -0.0000000e+00
  -0.0000000e+00
   1.7679940e-03
   1.8207925e-03
   1.8144423e-03
   1.7477641e-03
  -0.0000000e+00
  -0.0000000e+00
  -0.0000000e+00
  -0.0000000e+00
  -0.0000000e+00
  -0.0000000e+00
   1.7387504e-03
   1.7919625e-03
   1.7836933e-03
   1.7197004e-03
   1.7082390e-03
   1.7621023e-03
   1.7518469e-03
  -0.0000000e+00
  -0.0000000e+00
  -0.0000000e+00
  -0.0000000e+00
   1.6902259e-03
   1.6765525e-03
   1.7310941e-03
   1.7190346e-03
   1.6594179e-03
   1.6438042e-03
   1.6992075e-03
  -0.0000000e+00
   1.6849625e-03
   1.6275061e-03
   1.6660649e-03
   1.6098032e-03
   1.6497547e-03
   1.5941911e-03
   1.6317230e-03
   1.5747753e-03
  -0.0000000e+00
  -0.0000000e+00
  -0.0000000e+00
  -0.0000000e+00
  -0.0000000e+00
  -0.0000000e+00
  -0.0000000e+00
  -0.0000000e+00
  -0.0000000e+00
  -0.0000000e+00
   1.6132797e-03
   1.5595849e-03
  -0.0000000e+00
  -0.0000000e+00
  -0.0000000e+00
  -0.0000000e+00
   1.5959141e-03
   1.5381084e-03
   1.5758353e-03
   1.5230580e-03
   1.5589481e-03
   1.4987815e-03
   1.5367329e-03
   1.4809163e-03
   1.5200296e-03
   1.4433080e-03
   1.4948002e-03
   1.4412059e-03
   1.4753518e-03
   1.4366821e-03
  -0.0000000e+00
  -0.0000000e+00
  -0.0000000e+00
  -0.0000000e+00
  -0.0000000e+00
  -0.0000000e+00
   1.4080315e-03
   1.4062799e-03
   1.4312936e-03
  -0.0000000e+00
  -0.0000000e+00
  -0.0000000e+00
  -0.0000000e+00
   1.3752905e-03
   1.3974225e-03
   1.3708838e-03
   1.3938398e-03
   1.3401700e-03
   1.3619418e-03
   1.3346894e-03
   1.3562673e-03
  -0.0000000e+00
  -0.0000000e+00
  -0.0000000e+00
  -0.0000000e+00
   1.3045863e-03
   1.3245556e-03
   1.2962315e-03
   1.3176983e-03
  -0.0000000e+00
  -0.0000000e+00
  -0.0000000e+00
  -0.0000000e+00
  -0.0000000e+00
  -0.0000000e+00
   1.2667150e-03
   1.2860483e-03
  -0.0000000e+00
  -0.0000000e+00
  -0.0000000e+00
  -0.0000000e+00
   1.2564204e-03
   1.2777947e-03
   1.2275522e-03
   1.2463183e-03
   1.2143406e-03
   1.2365578e-03
   1.1860725e-03
   1.2055386e-03
   1.1700960e-03
   1.1933103e-03
   1.1420429e-03
   1.1627610e-03
   1.1239023e-03
   1.1480181e-03
  -0.0000000e+00
  -0.0000000e+00
  -0.0000000e+00
  -0.0000000e+00
  -0.0000000e+00
  -0.0000000e+00
  -0.0000000e+00
  -0.0000000e+00
   1.1177063e-03
   1.0957924e-03
   1.1009659e-03
   1.0757982e-03
  -0.0000000e+00
  -0.0000000e+00
  -0.0000000e+00
  -0.0000000e+00
   1.0708992e-03
  -0.0000000e+00
  -0.0000000e+00
  -0.0000000e+00
  -0.0000000e+00
   1.0475137e-03
   1.0516127e-03
   1.0254954e-03
   1.0217204e-03
   9.9683266e-04
   9.9981995e-04
   9.7320400e-04
  -0.0000000e+00
  -0.0000000e+00
  -0.0000000e+00
  -0.0000000e+00
  -0.0000000e+00
  -0.0000000e+00
   9.6975498e-04
   9.4405285e-04
   9.4582498e-04
   9.1841012e-04
   9.1534240e-04
   8.8862958e-04
  -0.0000000e+00
  -0.0000000e+00
  -0.0000000e+00
  -0.0000000e+00
   8.8935891e-04
   8.6110329e-04
   8.5829064e-04
  -0.0000000e+00
  -0.0000000e+00
  -0.0000000e+00
  -0.0000000e+00
   8.3048819e-04
   8.3010915e-04
   8.0089081e-04
   7.9820454e-04
   7.6921941e-04
   7.6781875e-04
   7.3737263e-04
   7.3477825e-04
   7.0428851e-04
  -0.0000000e+00
  -0.0000000e+00
  -0.0000000e+00
  -0.0000000e+00
   7.0195972e-04
   6.6967514e-04
   6.6736377e-04
   6.3408483e-04
   6.3165589e-04
   5.9338552e-04
   5.9442192e-04
   5.4993835e-04
   5.5320794e-04
  -0.0000000e+00
  -0.0000000e+00
  -0.0000000e+00
  -0.0000000e+00
  -0.0000000e+00
  -0.0000000e+00
  -0.0000000e+00
  -0.0000000e+00
   5.0882342e-04
  -0.0000000e+00
  -0.0000000e+00
  -0.0000000e+00
  -0.0000000e+00
   5.0564539e-04
   4.7105069e-04
   4.6229385e-04
   4.2066765e-04
   4.2776542e-04
   3.8553840e-04
   3.7375787e-04
   3.2619704e-04
   3.3810667e-04
   2.8980562e-04
  -0.0000000e+00
  -0.0000000e+00
  -0.0000000e+00
  -0.0000000e+00
  -0.0000000e+00
  -0.0000000e+00
  -0.0000000e+00
  -0.0000000e+00
   2.7225631e-04
   2.1468131e-04
  -0.0000000e+00
  -0.0000000e+00
  -0.0000000e+00
  -0.0000000e+00
   2.3530679e-04
   1.7667954e-04
   1.4549333e-04
   6.1324895e-05
   1.0514210e-04
   1.0869743e-05
  -0.0000000e+00
  -0.0000000e+00
  -0.0000000e+00
  -0.0000000e+00
