   5.0000000e+01
   5.0000000e+01
   5.0000000e+01
   5.0000000e+01
   5.0000000e+01
   5.0000000e+01
   5.0000000e+01
   5.0000000e+01
   5.0000000e+01
   5.0000000e+01
   5.0000000e+01
   5.0000000e+01
   5.0000000e+01
   5.0000000e+01
   5.0000000e+01
   5.0000000e+01
   5.0000000e+01
   5.0000000e+01
   5.0000000e+01
   5.0000000e+01
   5.0000000e+01
   5.0000000e+01
   5.0000000e+01
   5.0000000e+01
   5.0000000e+01
   5.0000000e+01
   5.0000000e+01
   5.0000000e+01
   5.0000000e+01
   5.0000000e+01
   5.0000000e+01
   5.0000000e+01
   5.0000000e+01
   5.0000000e+01
   5.0000000e+01
   5.0000000e+01
   5.0000000e+01
   5.0000000e+01
   5.0000000e+01
   5.0000000e+01
   5.0000000e+01
   5.0000000e+01
   5.0000000e+01
   5.0000000e+01
   5.0000000e+01
   5.0000000e+01
   5.0000000e+01
   5.0000000e+01
   5.0000000e+01
   5.0000000e+01
   5.0000000e+01
   5.0000000e+01
   5.0000000e+01
   5.0000000e+01
   4.9879928e+01
   4.9639785e+01
   4.9399642e+01
   5.0132168e+01
   5.0396505e+01
   5.0660842e+01
   5.0000000e+01
   4.9824626e+01
   4.9473879e+01
   4.9123132e+01
   5.0090709e+01
   5.0272127e+01
   5.0453545e+01
   5.0000000e+01
   4.8901210e+01
   4.8144489e+01
   4.7387769e+01
   4.6631048e+01
   5.1171371e+01
   5.1928091e+01
   5.2684812e+01
   5.3441532e+01
   5.0943377e+01
   5.1741625e+01
   5.2539872e+01
   5.3338119e+01
   4.8548635e+01
   4.7750388e+01
   4.6952140e+01
   4.6153893e+01
   4.9995811e+01
   4.9990716e+01
   4.5874328e+01
   4.5117608e+01
   4.4360887e+01
   4.3604167e+01
   5.4136367e+01
   5.4934614e+01
   5.5732861e+01
   5.6531109e+01
   5.4198253e+01
   5.4954973e+01
   5.5722222e+01
   5.5309524e+01
   5.5357143e+01
   5.6500000e+01
   4.5355645e+01
   4.4602484e+01
   4.4948161e+01
   4.4963768e+01
   4.3894410e+01
   4.3186335e+01
   4.9976789e+01
   4.9985968e+01
   4.9963351e+01
   4.9977486e+01
   4.9969004e+01
   4.9950158e+01
   4.9938011e+01
   4.4978261e+01
   4.4992754e+01
   4.4931438e+01
   4.4914716e+01
   4.4897993e+01
   4.4881271e+01
   4.9960522e+01
   5.5261905e+01
   5.5214286e+01
   5.5166667e+01
   5.5119048e+01
   5.5404762e+01
   5.5452381e+01
   5.5500000e+01
   5.5547619e+01
   4.9952040e+01
   4.9926388e+01
   4.2903226e+01
   4.2258065e+01
   4.1612903e+01
   4.0967742e+01
   4.3213262e+01
   4.3238140e+01
   4.9916161e+01
   5.7313953e+01
   5.8081395e+01
   5.8848837e+01
   5.9616279e+01
   5.6921053e+01
   5.6938953e+01
   4.9943558e+01
   5.7277778e+01
   5.8055556e+01
   5.8833333e+01
   5.9611111e+01
   4.9934727e+01
   4.9906632e+01
   4.2478261e+01
   4.1770186e+01
   4.1062112e+01
   4.0354037e+01
   4.9897731e+01
   4.9925721e+01
   4.3188172e+01
   4.3163082e+01
   4.3137993e+01
   4.3112903e+01
   4.3262808e+01
   4.3287476e+01
   4.3312144e+01
   4.3336812e+01
   4.9916646e+01
   4.9889144e+01
   5.6956395e+01
   5.6973837e+01
   5.6991279e+01
   5.6902693e+01
   5.6884333e+01
   5.6865973e+01
   5.6847613e+01
   4.9881814e+01
   4.9907536e+01
   4.9898495e+01
   4.4864548e+01
   4.4847826e+01
   4.4831104e+01
   4.4814381e+01
   4.9875112e+01
   5.5595238e+01
   5.5642857e+01
   5.5690476e+01
   5.5300000e+01
   5.6037037e+01
   5.5738095e+01
   4.9870295e+01
   5.5071429e+01
   5.5023810e+01
   4.9889490e+01
   4.9881322e+01
   4.9866420e+01
   4.9863942e+01
   4.0322581e+01
   4.9873573e+01
   4.9866661e+01
   4.9862162e+01
   4.9861080e+01
   4.9860169e+01
   4.9854444e+01
   4.9860347e+01
   4.3361480e+01
   4.3386148e+01
   4.3410816e+01
   4.3435484e+01
   4.9860102e+01
   4.3087814e+01
   4.3062724e+01
   4.3037634e+01
   4.3012545e+01
   4.9849104e+01
   5.6829253e+01
   5.6810894e+01
   5.6792534e+01
   5.6774174e+01
   4.9844182e+01
   4.9860102e+01
   4.9860800e+01
   4.4797659e+01
   4.4780936e+01
   4.4764214e+01
   4.4747492e+01
   4.9839469e+01
   4.9835525e+01
   4.9861848e+01
   4.9863593e+01
   5.4566667e+01
   5.3833333e+01
   5.3100000e+01
   5.2366667e+01
   5.6777778e+01
   5.7518519e+01
   5.8259259e+01
   5.9000000e+01
   4.9831965e+01
   4.9829521e+01
   4.9865687e+01
   4.9868410e+01
   4.9827636e+01
   4.9826868e+01
   4.9871447e+01
   4.9875601e+01
   5.5785714e+01
   5.5833333e+01
   5.5880952e+01
   5.5928571e+01
   4.9826659e+01
   4.9826868e+01
   4.9880313e+01
   4.9886003e+01
   4.9827287e+01
   4.9827636e+01
   4.9892181e+01
   4.3460152e+01
   4.3484820e+01
   4.3509488e+01
   4.3534156e+01
   4.9899197e+01
   4.9827950e+01
   5.6755814e+01
   5.6737454e+01
   5.6719094e+01
   5.6700734e+01
   4.9829172e+01
   4.9906632e+01
   4.9914556e+01
   4.9830848e+01
   4.4730676e+01
   4.4713768e+01
   4.4696860e+01
   4.4679952e+01
   4.4364674e+01
   4.5115942e+01
   4.9833640e+01
   4.9922723e+01
   4.9931520e+01
   4.9836991e+01
   4.9841459e+01
   4.9940630e+01
   4.9950089e+01
   5.9740741e+01
   6.0481481e+01
   6.1222222e+01
   6.1962963e+01
   4.9846486e+01
   4.9852210e+01
   4.9959723e+01
   4.9969915e+01
   4.9858284e+01
   4.9864776e+01
   4.9980387e+01
   5.5976190e+01
   4.9991277e+01
   4.9871478e+01
   5.0002377e+01
   4.9879297e+01
   5.0014244e+01
   4.9887674e+01
   5.0026495e+01
   4.9896820e+01
   4.3615761e+01
   4.2866848e+01
   4.2117935e+01
   4.1369022e+01
   4.5869565e+01
   4.6623188e+01
   4.3558824e+01
   4.3583491e+01
   4.3608159e+01
   4.3632827e+01
   5.0039863e+01
   4.9906349e+01
   5.6682375e+01
   5.6664015e+01
   5.6645655e+01
   5.6627295e+01
   5.0053790e+01
   4.9916157e+01
   5.0067926e+01
   4.9926105e+01
   5.0082166e+01
   4.9936402e+01
   5.0096616e+01
   4.9946873e+01
   5.0111171e+01
   4.9974086e+01
   5.0125865e+01
   5.0021322e+01
   5.0140629e+01
   5.0172130e+01
   6.2666667e+01
   6.3333333e+01
   6.4000000e+01
   6.4666667e+01
   6.2320513e+01
   6.2346377e+01
   5.0056593e+01
   5.0087471e+01
   5.0225009e+01
   4.4663043e+01
   4.4646135e+01
   4.4629227e+01
   4.4612319e+01
   5.0116153e+01
   5.0264460e+01
   5.0142534e+01
   5.0300009e+01
   5.0167764e+01
   5.0333606e+01
   5.0190622e+01
   5.0364764e+01
   4.0620109e+01
   3.9871196e+01
   3.9122283e+01
   3.8373370e+01
   5.0212294e+01
   5.0394701e+01
   5.0231664e+01
   5.0422616e+01
   4.3657834e+01
   4.3683180e+01
   4.3708525e+01
   4.3733871e+01
   4.3266392e+01
   4.3822581e+01
   5.0249882e+01
   5.0449520e+01
   5.6608935e+01
   5.6590575e+01
   5.6572215e+01
   5.6553856e+01
   5.0265868e+01
   5.0474611e+01
   5.0280736e+01
   5.0498794e+01
   5.0293092e+01
   5.0520955e+01
   5.0304192e+01
   5.0542104e+01
   5.0313337e+01
   5.0561020e+01
   5.0321505e+01
   5.0578820e+01
   5.0328347e+01
   5.0594805e+01
   6.2294872e+01
   6.2269231e+01
   6.2243590e+01
   6.2217949e+01
   6.2372464e+01
   6.2398551e+01
   6.2424638e+01
   6.2450725e+01
   5.0609883e+01
   5.0334525e+01
   5.0623216e+01
   5.0339307e+01
   4.2508852e+01
   4.1751313e+01
   4.0993773e+01
   4.0236234e+01
   5.0635677e+01
   4.4595411e+01
   4.4578502e+01
   4.4561594e+01
   4.4544686e+01
   5.0343391e+01
   5.0646044e+01
   5.0346498e+01
   5.0655364e+01
   5.0349116e+01
   5.0663148e+01
   5.0350756e+01
   3.7624457e+01
   3.6867188e+01
   3.7240385e+01
   3.7259615e+01
   3.6101563e+01
   3.5335938e+01
   5.0670164e+01
   5.0351908e+01
   5.0675993e+01
   5.0352083e+01
   5.0681229e+01
   5.0351769e+01
   5.6535496e+01
   5.6517136e+01
   5.6498776e+01
   5.6480416e+01
   5.0685208e+01
   5.0350756e+01
   5.0688559e+01
   4.3759217e+01
   4.3784562e+01
   4.3809908e+01
   4.3835253e+01
   5.0349395e+01
   5.0690863e+01
   5.0347056e+01
   5.0692643e+01
   5.0344229e+01
   5.0693516e+01
   5.0340983e+01
   5.0693935e+01
   5.0337527e+01
   3.9478695e+01
   3.8721155e+01
   3.7963616e+01
   3.7206077e+01
   5.0693376e+01
   5.0333443e+01
   5.0692329e+01
   5.0329045e+01
   5.0690514e+01
   5.0307202e+01
   5.0688315e+01
   5.0267843e+01
   5.0670064e+01
   6.2192308e+01
   6.2166667e+01
   6.2141026e+01
   6.2115385e+01
   4.4527778e+01
   4.4510870e+01
   4.4493961e+01
   4.4477053e+01
   5.0239370e+01
   6.2476812e+01
   6.2502899e+01
   6.2528986e+01
   6.2555072e+01
   5.0635727e+01
   5.0215082e+01
   5.0610497e+01
   5.0588685e+01
   5.0192887e+01
   5.0172924e+01
   5.0568583e+01
   5.0550783e+01
   5.0154077e+01
   5.0137394e+01
   3.7221154e+01
   3.7201923e+01
   3.7182692e+01
   3.7163462e+01
   3.7278846e+01
   3.7298077e+01
   3.7317308e+01
   3.7336538e+01
   5.0534135e+01
   5.0519092e+01
   5.6462056e+01
   5.6443696e+01
   5.6425337e+01
   5.6406977e+01
   5.0121793e+01
   5.0108146e+01
   5.0504851e+01
   5.0524802e+01
   5.0095475e+01
   5.0115602e+01
   4.3860599e+01
   4.3885945e+01
   4.3911290e+01
   4.3936636e+01
