   9.9600000e+01
   1.0040000e+02
   9.8800000e+01
   1.0120000e+02
   9.8000000e+01
   1.0200000e+02
   9.7200000e+01
   1.0280000e+02
   9.6400000e+01
   1.0360000e+02
   9.5600000e+01
   1.0440000e+02
   9.4800000e+01
   1.0520000e+02
   9.4000000e+01
   1.0600000e+02
   9.3200000e+01
   1.0680000e+02
   9.2400000e+01
   1.0760000e+02
   9.1600000e+01
   1.0840000e+02
   9.0800000e+01
   1.0920000e+02
   9.0000000e+01
   1.1000000e+02
   8.9200000e+01
   1.1080000e+02
   8.8400000e+01
   1.1160000e+02
   8.7600000e+01
   1.1240000e+02
   8.6800000e+01
   1.1320000e+02
   8.6000000e+01
   1.1400000e+02
   8.5200000e+01
   1.1480000e+02
   8.4400000e+01
   1.1560000e+02
   8.3600000e+01
   1.1640000e+02
   8.2800000e+01
   1.1720000e+02
   8.2000000e+01
   1.1800000e+02
   8.1200000e+01
   8.0666667e+01
   8.0400000e+01
   8.0133333e+01
   1.1880000e+02
   1.1933333e+02
   1.1960000e+02
   1.1986667e+02
   1.2000000e+02
   1.2000000e+02
   1.2000000e+02
   1.2000000e+02
   1.2000000e+02
   1.2000000e+02
   1.2040000e+02
   8.0000000e+01
   8.0000000e+01
   8.0000000e+01
   8.0000000e+01
   8.0000000e+01
   8.0000000e+01
   7.9600000e+01
   1.2000000e+02
   1.2000000e+02
   1.2000000e+02
   1.2000000e+02
   1.2000000e+02
   1.2000000e+02
   1.2000000e+02
   1.2000000e+02
   8.0000000e+01
   8.0000000e+01
   8.0000000e+01
   8.0000000e+01
   8.0000000e+01
   8.0000000e+01
   8.0000000e+01
   8.0000000e+01
   1.2119998e+02
   7.8800746e+01
   1.2000000e+02
   1.2000000e+02
   1.2000000e+02
   1.2000000e+02
   8.0000000e+01
   8.0000000e+01
   8.0000000e+01
   8.0000000e+01
   1.2000000e+02
   1.2000000e+02
   1.2000000e+02
   1.1964286e+02
   1.2035714e+02
   1.2000000e+02
   8.0000000e+01
   8.0000000e+01
   7.9615385e+01
   8.0333333e+01
   8.0000000e+01
   8.0000000e+01
   7.8200269e+01
   1.2199969e+02
   7.7600975e+01
   1.2259986e+02
   1.2319962e+02
   7.7000565e+01
   7.6401511e+01
   8.1000000e+01
   8.1666667e+01
   7.8846154e+01
   7.8076923e+01
   7.7307692e+01
   7.6538462e+01
   1.2379974e+02
   1.1892857e+02
   1.1821429e+02
   1.1750000e+02
   1.1678571e+02
   1.2107143e+02
   1.2178571e+02
   1.2250000e+02
   1.2321429e+02
   1.2439942e+02
   7.5800801e+01
   1.2000000e+02
   1.2000000e+02
   1.2000000e+02
   1.2000000e+02
   1.1961111e+02
   1.2038235e+02
   7.5201760e+01
   8.0000000e+01
   8.0000000e+01
   8.0000000e+01
   8.0000000e+01
   7.9605263e+01
   8.0375000e+01
   1.2499962e+02
   1.2000000e+02
   1.2000000e+02
   1.2000000e+02
   1.2000000e+02
   1.2559919e+02
   7.4600965e+01
   8.0000000e+01
   8.0000000e+01
   8.0000000e+01
   8.0000000e+01
   7.4002059e+01
   1.2619948e+02
   1.1883333e+02
   1.1805556e+02
   1.1727778e+02
   1.1650000e+02
   1.2114706e+02
   1.2191176e+02
   1.2267647e+02
   1.2344118e+02
   1.2679893e+02
   7.3401092e+01
   8.1125000e+01
   8.1875000e+01
   8.2625000e+01
   7.8815789e+01
   7.8026316e+01
   7.7236842e+01
   7.6447368e+01
   7.2802390e+01
   1.2739935e+02
   1.2799861e+02
   7.5769231e+01
   7.5000000e+01
   7.4230769e+01
   7.3461538e+01
   7.2201175e+01
   1.2392857e+02
   1.2464286e+02
   1.2535714e+02
   1.2500000e+02
   1.2500000e+02
   1.2607143e+02
   7.1602399e+01
   1.1607143e+02
   1.1535714e+02
   1.2859921e+02
   1.2919838e+02
   7.1001209e+01
   7.0402354e+01
   1.2000000e+02
   1.2979910e+02
   1.3039823e+02
   6.9801217e+01
   6.9202413e+01
   1.3099903e+02
   1.3159815e+02
   6.8601219e+01
   1.2420588e+02
   1.2497059e+02
   1.2573529e+02
   1.2650000e+02
   6.8002468e+01
   1.1572222e+02
   1.1494444e+02
   1.1416667e+02
   1.1338889e+02
   1.3219898e+02
   7.5657895e+01
   7.4868421e+01
   7.4078947e+01
   7.3289474e+01
   1.3279800e+02
   6.7401219e+01
   6.6802681e+01
   7.2692308e+01
   7.1923077e+01
   7.1153846e+01
   7.0384615e+01
   1.3339894e+02
   1.3399783e+02
   6.6201220e+01
   6.5602566e+01
   1.2500000e+02
   1.2500000e+02
   1.2500000e+02
   1.2500000e+02
   1.2500000e+02
   1.2500000e+02
   1.2500000e+02
   1.2500000e+02
   1.3459892e+02
   1.3519781e+02
   6.5001227e+01
   6.4402750e+01
   1.3579891e+02
   1.3639787e+02
   6.3801241e+01
   6.3202699e+01
   1.2678571e+02
   1.2750000e+02
   1.2821429e+02
   1.2892857e+02
   1.3699891e+02
   1.3759784e+02
   6.2601274e+01
   6.2002713e+01
   1.3819891e+02
   1.3879770e+02
   6.1401333e+01
   1.2726471e+02
   1.2802941e+02
   1.2879412e+02
   1.2955882e+02
   6.0802741e+01
   1.3939891e+02
   7.2500000e+01
   7.1710526e+01
   7.0921053e+01
   7.0131579e+01
   1.3999760e+02
   6.0201421e+01
   5.9602787e+01
   1.4059890e+02
   6.9611111e+01
   6.8833333e+01
   6.8055556e+01
   6.7277778e+01
   7.0000000e+01
   7.0000000e+01
   1.4119769e+02
   5.9001529e+01
   5.8402881e+01
   1.4179888e+02
   1.4239775e+02
   5.7801663e+01
   5.7203014e+01
   1.2500000e+02
   1.2500000e+02
   1.2500000e+02
   1.2500000e+02
   1.4299885e+02
   1.4359778e+02
   5.6601815e+01
   5.6003197e+01
   1.4419879e+02
   1.4479771e+02
   5.5401993e+01
   1.2964286e+02
   5.4803312e+01
   1.4539872e+02
   5.4202194e+01
   1.4599771e+02
   5.3603495e+01
   1.4659861e+02
   5.3002437e+01
   1.4719775e+02
   7.0000000e+01
   7.0000000e+01
   7.0000000e+01
   7.0000000e+01
   7.0000000e+01
   7.0000000e+01
   1.3032353e+02
   1.3108824e+02
   1.3185294e+02
   1.3261765e+02
   5.2403589e+01
   1.4779846e+02
   6.9342105e+01
   6.8552632e+01
   6.7763158e+01
   6.6973684e+01
   5.1802748e+01
   1.4839760e+02
   5.1203791e+01
   1.4899830e+02
   5.0603084e+01
   1.4959750e+02
   5.0004144e+01
   1.5019812e+02
   4.9403434e+01
   1.5079738e+02
   4.8804463e+01
   1.5159550e+02
   4.8203796e+01
   4.7604741e+01
   1.2500000e+02
   1.2500000e+02
   1.2500000e+02
   1.2500000e+02
   1.2461538e+02
   1.2539130e+02
   1.5219495e+02
   1.5279418e+02
   4.6806499e+01
   6.6500000e+01
   6.5722222e+01
   6.4944444e+01
   6.4166667e+01
   1.5339346e+02
   4.6207789e+01
   1.5399270e+02
   4.5608498e+01
   1.5459235e+02
   4.5009790e+01
   1.5519147e+02
   4.4410452e+01
   7.0000000e+01
   7.0000000e+01
   7.0000000e+01
   7.0000000e+01
   1.5579152e+02
   4.3811350e+01
   1.5639071e+02
   4.3212056e+01
   1.3339286e+02
   1.3417857e+02
   1.3496429e+02
   1.3575000e+02
   1.3300000e+02
   1.3300000e+02
   1.5699093e+02
   4.2612605e+01
   6.6184211e+01
   6.5394737e+01
   6.4605263e+01
   6.3815789e+01
   1.5759006e+02
   4.2013365e+01
   1.5819053e+02
   4.1413618e+01
   1.5878977e+02
   4.0814440e+01
   1.5939029e+02
   4.0214402e+01
   1.5998962e+02
   3.9615182e+01
   1.6059017e+02
   3.9014967e+01
   1.6118952e+02
   3.8415718e+01
   1.2384615e+02
   1.2307692e+02
   1.2230769e+02
   1.2153846e+02
   1.2617391e+02
   1.2695652e+02
   1.2773913e+02
   1.2852174e+02
   3.7815371e+01
   1.6179010e+02
   3.7216163e+01
   1.6238946e+02
   1.3300000e+02
   1.3300000e+02
   1.3300000e+02
   1.3300000e+02
   3.6615649e+01
   6.3388889e+01
   6.2611111e+01
   6.1833333e+01
   6.1055556e+01
   1.6299006e+02
   3.6016360e+01
   1.6358947e+02
   3.5415813e+01
   1.6419005e+02
   3.4816427e+01
   1.6478940e+02
   7.0000000e+01
   7.0000000e+01
   6.9615385e+01
   7.0384615e+01
   7.0000000e+01
   7.0000000e+01
   3.4215906e+01
   1.6539004e+02
   3.3616516e+01
   1.6598946e+02
   3.3015958e+01
   1.6659004e+02
   6.3026316e+01
   6.2236842e+01
   6.1447368e+01
   6.0657895e+01
   3.2416550e+01
   1.6718945e+02
   3.1815981e+01
   1.3653571e+02
   1.3732143e+02
   1.3810714e+02
   1.3889286e+02
   1.6779004e+02
   3.1216525e+01
   1.6838948e+02
   3.0615988e+01
   1.6899003e+02
   3.0016512e+01
   1.6958949e+02
   2.9415989e+01
   1.7019001e+02
   1.3300000e+02
   1.3300000e+02
   1.3300000e+02
   1.3300000e+02
   2.8816488e+01
   1.7078945e+02
   2.8215991e+01
   1.7138998e+02
   2.7616435e+01
   1.7198946e+02
   2.7015998e+01
   1.7278737e+02
   2.6416383e+01
   1.2076923e+02
   1.2000000e+02
   1.1923077e+02
   1.1846154e+02
   6.0277778e+01
   5.9500000e+01
   5.8722222e+01
   5.7944444e+01
   1.7338781e+02
   1.2930435e+02
   1.3008696e+02
   1.3086957e+02
   1.3165217e+02
   2.5617994e+01
   1.7398704e+02
   2.5017651e+01
   2.4418410e+01
   1.7458690e+02
   1.7518615e+02
   2.3818390e+01
   2.3219118e+01
   1.7578627e+02
   1.7638547e+02
   6.8846154e+01
   6.8076923e+01
   6.7307692e+01
   6.6538462e+01
   7.1153846e+01
   7.1923077e+01
   7.2692308e+01
   7.3461538e+01
   2.2618887e+01
   2.2019672e+01
   5.9868421e+01
   5.9078947e+01
   5.8289474e+01
   5.7500000e+01
   1.7698583e+02
   1.7758506e+02
   2.1419246e+01
   2.0820065e+01
   1.7818554e+02
   1.7878476e+02
   1.3967857e+02
   1.4046429e+02
   1.4125000e+02
   1.4203571e+02
