0.112500  0.800000
0.225000  0.800000
0.337500  0.800000
0.450000  0.800000
0.562500  0.800000
0.675000  0.800000
0.787500  0.800000
0.900000  0.800000
1.012500  0.800000
1.125000  0.800000
1.237500  0.800000
1.350000  0.800000
1.462500  0.800000
1.575000  0.800000
1.687500  0.800000
1.800000  0.800000
1.912500  0.800000
2.025000  0.800000
2.137500  1.600000
2.390625  1.600000
2.960156  1.600000
3.339844  2.400000
4.194141  2.400000
4.763672  3.200000
6.045117  3.200000
6.614648  4.000000
7.896094  4.000000
8.465625  4.800000
9.747070  4.800000
10.316602  5.600000
11.598047  5.600000
12.167578  6.400000
13.449023  6.400000
14.018555  7.200000
15.300000  7.200000
16.154297  8.000000
18.076465  8.000000
18.930762  8.800000
20.852930  8.800000
21.707227  9.600000
23.629395  10.400000
25.551562  10.400000
26.405859  11.200000
28.328027  11.200000
29.182324  12.000000
31.104492  12.000000
31.958789  12.800000
33.880957  12.800000
34.735254  13.600000
36.657422  13.600000
37.511719  13.600000
37.891406  14.400000
38.745703  14.400000
40.667871  14.400000
41.522168  15.200000
43.444336  15.200000
44.298633  16.000000
46.220801  16.000000
47.502246  16.800000
49.424414  16.800000
50.705859  18.400000
52.628027  18.400000
53.753027  18.400000
54.878027  18.400000
56.003027  18.400000
57.128027  18.400000
57.461361  20.670161
57.528027  23.064903
58.677768  26.952323
59.827510  32.194088
60.977251  32.194088
62.126992  32.194088
63.276733  32.194088
64.426474  32.194088
65.576215  32.194088
66.725956  32.194088
67.875697  32.194088
69.025438  32.194088
70.175179  32.194088
71.324920  32.194088
72.474661  34.634413
73.624402  38.005190
74.774144  39.928721
75.923885  45.452520
77.073626  45.452520
78.223367  47.222706
79.373108  47.222706
80.522849  47.222706
81.672590  47.222706
82.822331  47.222706
83.972072  47.222706
85.121813  47.222706
86.271554  47.222706
87.421295  47.222706
88.571037  51.080921
89.720778  54.180443
90.870519  54.180443
92.020260  54.180443
93.170001  54.180443
94.319742  54.180443
95.469483  54.180443
96.619224  54.180443
97.768965  54.180443
98.918706  54.180443
100.068447  54.180443
101.218188  54.180443
102.367930  54.180443
103.517671  54.503024
104.667412  54.503024
105.817153  54.860959
106.966894  54.860959
108.116635  54.860959
109.266376  54.860959
110.416117  56.784491
111.565858  59.311207
112.715599  59.311207
113.865340  59.311207
115.015081  59.311207
116.164822  59.311207
117.314564  59.311207
118.464305  59.311207
119.614046  59.311207
120.763787  59.311207
121.913528  59.311207
123.063269  59.311207
124.213010  59.311207
125.362751  59.311207
126.512492  59.311207
127.662233  60.478481
128.811974  60.478481
129.961715  60.478481
131.111457  60.478481
132.261198  62.391240
133.410939  62.391240
134.560680  62.391240
135.710421  64.365458
136.860162  64.365458
138.009903  64.365458
139.159644  64.365458
140.309385  64.365458
141.459126  64.365458
142.608867  64.365458
143.758608  64.365458
144.908350  64.365458
146.058091  64.365458
147.207832  67.683976
148.357573  67.683976
149.507314  67.683976
150.657055  67.683976
151.806796  67.683976
152.956537  67.683976
154.106278  67.683976
155.256019  67.683976
156.405760  67.683976
157.555501  67.683976
158.705242  67.683976
159.854984  67.683976
161.004725  67.683976
162.154466  67.683976
163.304207  70.371599
164.453948  70.371599
165.603689  70.371599
166.753430  70.371599
167.903171  70.371599
169.052912  70.371599
170.202653  70.371599
171.352394  70.371599
172.502135  70.371599
173.651877  70.371599
174.801618  70.371599
175.951359  70.371599
177.101100  70.371599
178.250841  70.371599
179.400582  70.371599
180.550323  71.445407
181.700064  71.445407
182.849805  71.445407
183.999546  71.445407
185.149287  71.445407
186.299028  71.445407
187.448770  71.445407
188.598511  71.445407
189.748252  71.445407
190.897993  71.445407
192.047734  71.445407
193.197475  71.445407
194.347216  71.445407
195.496957  71.445407
196.646698  73.358166
197.796439  73.358166
198.946180  73.358166
200.095921  73.358166
201.245662  73.358166
202.395404  75.332384
203.545145  75.332384
204.694886  75.332384
205.844627  75.332384
206.994368  75.332384
208.144109  75.332384
209.293850  75.332384
210.443591  75.332384
211.593332  77.886512
212.743073  77.886512
213.892814  77.886512
215.042555  77.886512
216.192297  77.886512
217.342038  77.886512
218.491779  77.886512
219.641520  77.886512
220.791261  77.886512
221.941002  77.886512
223.090743  80.512418
224.240484  80.512418
225.390225  80.512418
226.539966  80.512418
227.689707  80.512418
228.839448  80.512418
229.989190  80.512418
231.138931  80.512418
232.288672  80.512418
233.438413  80.512418
234.588154  80.512418
235.737895  80.512418
236.887636  80.512418
238.037377  80.512418
239.187118  80.512418
240.336859  80.512418
241.486600  80.512418
242.636341  80.512418
243.786082  80.512418
244.935824  80.512418
246.085565  80.512418
247.235306  80.512418
248.385047  80.512418
249.534788  82.457322
250.684529  82.457322
251.834270  82.457322
252.984011  82.457322
254.133752  82.457322
255.283493  82.457322
256.433234  82.457322
257.582975  82.457322
258.732717  82.457322
259.382926  82.457322
261.163185  82.457322
262.811338  82.457322
264.348582  82.457322
265.800178  82.457322
267.184150  82.457322
268.500862  82.457322
269.727311  82.457322
270.892608  82.457322
272.015354  82.457322
273.106134  82.457322
274.170995  82.457322
275.214876  82.457322
276.233224  82.457322
277.240923  82.457322
278.192253  84.968308
279.101189  84.968308
280.010474  84.968308
280.915147  84.968308
281.813700  84.968308
282.706597  84.968308
283.593417  84.968308
284.457799  86.942526
285.289147  86.942526
286.127637  86.942526
286.950569  86.942526
287.758589  86.942526
288.558478  86.942526
289.352660  86.942526
290.116170  86.942526
290.886391  86.942526
291.658568  86.942526
292.431921  86.942526
293.200878  86.942526
293.965407  86.942526
294.727851  86.942526
295.474475  86.942526
296.185356  86.942526
296.899063  86.942526
297.614954  86.942526
298.332724  86.942526
299.051793  86.942526
299.771856  86.942526
300.488026  86.942526
301.183158  86.942526
301.881913  86.942526
302.583250  86.942526
303.277571  88.866671
303.963759  91.516781
304.646069  91.516781
305.326569  91.516781
305.991801  91.516781
306.661859  91.516781
307.333999  91.516781
308.003490  91.516781
308.669843  91.516781
309.334838  91.516781
309.999027  91.516781
310.652023  91.516781
311.302877  91.516781
311.947426  91.516781
312.589343  93.474389
313.230855  93.474389
313.872520  93.474389
314.505089  93.474389
315.141993  93.474389
315.777233  93.474389
316.409843  93.474389
317.042728  93.474389
317.677166  93.474389
318.304974  93.474389
318.929605  93.474389
319.547360  93.474389
320.162309  93.474389
320.775938  93.474389
321.382987  93.474389
321.994001  93.474389
322.607419  94.141056
323.224083  94.141056
323.840444  94.141056
324.448629  94.141056
325.058799  94.141056
325.670127  94.141056
326.282933  94.141056
326.896594  94.141056
327.498156  94.141056
328.094234  94.141056
328.689037  94.141056
329.285133  94.141056
329.878641  94.141056
330.475497  94.141056
331.074441  94.141056
331.672209  96.085960
332.263368  96.085960
332.855312  96.085960
333.448859  96.085960
334.043856  96.085960
334.636577  96.085960
335.232968  96.085960
335.831096  96.085960
336.421131  96.085960
337.006235  96.085960
337.071247  96.085960
337.148109  96.085960
337.806523  96.085960
338.467279  96.085960
339.128326  96.085960
339.788987  96.085960
340.449566  96.085960
341.056383  96.085960
341.634066  96.085960
341.826627  96.085960
342.016007  96.085960
342.204493  96.085960
342.392423  96.085960
342.580051  96.085960
342.767558  96.085960
342.955136  96.085960
343.142579  96.085960
343.329986  96.085960
343.517451  96.085960
343.705056  96.085960
343.892919  96.085960
344.080782  96.085960
344.268707  96.085960
344.456760  96.085960
344.519445  96.085960
344.582206  96.085960
344.644966  96.085960
344.833306  113.907409
