   3.9102297e-03
   3.8869851e-03
   3.9316354e-03
   3.8618657e-03
   3.9512584e-03
   3.8348574e-03
   3.9691473e-03
   3.8059374e-03
   3.9853525e-03
   3.7750835e-03
   3.9999283e-03
   3.7422749e-03
   4.0129356e-03
   3.7074937e-03
   4.0244433e-03
   3.6707251e-03
   4.0345321e-03
   3.6319578e-03
   4.0432969e-03
   3.5911836e-03
   4.0508520e-03
   3.5483954e-03
   4.0573358e-03
   3.5035838e-03
   4.0629177e-03
   3.4567283e-03
   4.0678057e-03
   3.4077828e-03
   4.0722543e-03
   3.3566526e-03
   4.0765729e-03
   3.3031592e-03
   4.0811284e-03
   3.2469961e-03
   4.0863392e-03
   3.1876878e-03
   4.0926415e-03
   3.1245827e-03
   4.1004008e-03
   3.0569256e-03
   4.1096928e-03
   2.9840329e-03
   4.1197650e-03
   2.9054983e-03
   4.1277041e-03
   2.8212278e-03
   4.1262420e-03
   4.1130988e-03
   4.0998464e-03
   4.0808967e-03
   2.7319404e-03
   2.6686639e-03
   2.6216215e-03
   2.5758706e-03
   1.0984145e-05
   1.0630170e-05
   1.0460302e-05
   4.2073715e-04
   3.7768000e-04
   3.3559831e-04
   9.3562080e-04
   9.1279335e-04
   8.9522847e-04
   1.0657195e-05
   1.0504890e-05
   1.0398372e-05
   1.0237731e-05
   9.8539120e-06
   9.4300606e-06
   8.9882009e-06
   2.8166041e-04
   2.1244321e-04
   1.4950875e-04
   9.1308416e-05
   1.0238983e-05
   9.9277465e-06
   9.5706190e-06
   9.1898006e-06
   8.7912240e-04
   8.7403735e-04
   8.8133764e-04
   8.9060907e-04
   8.5304564e-06
   8.0572970e-06
   7.5695358e-06
   7.0693773e-06
   8.7929191e-06
   8.3849682e-06
   7.9697689e-06
   7.5513039e-06
   3.7309403e-05
   1.0438181e-05
   8.7913715e-06
   1.8069886e-03
   9.2264654e-06
   9.3655546e-06
   8.7575267e-04
   8.5581202e-06
   9.9315621e-06
   3.6642209e-03
   8.8972586e-06
   9.2498512e-06
   1.0415822e-05
   1.0760836e-05
   3.5775703e-03
   3.4826249e-03
   3.3931112e-03
   3.3104087e-03
   1.6742984e-03
   1.5349660e-03
   1.3985224e-03
   1.2663373e-03
   9.7587456e-06
   9.9342073e-06
   1.0009753e-05
   1.0048921e-05
   6.9404162e-06
   6.9078272e-06
   6.8825754e-06
   6.8660278e-06
   7.8245159e-06
   7.8081016e-06
   7.4396713e-06
   7.3973549e-06
   7.3692659e-06
   7.3567275e-06
   8.1867811e-06
   8.1384868e-06
   9.5197335e-06
   9.6089731e-06
   9.6827142e-06
   9.7477904e-06
   9.5222364e-06
   9.7235984e-06
   9.8746396e-06
   9.9922009e-06
   7.6118461e-06
   7.4017489e-06
   7.1932451e-06
   6.9852776e-06
   7.6091706e-06
   7.4277969e-06
   7.2668002e-06
   7.1286176e-06
   8.1334835e-06
   8.0931909e-06
   8.0661441e-06
   7.8876982e-06
   7.6472596e-06
   7.4168907e-06
   7.1940132e-06
   1.0075817e-05
   1.0102111e-05
   3.2340702e-03
   3.1633124e-03
   3.0973114e-03
   3.0352763e-03
   1.1392591e-03
   1.0252390e-03
   1.0004588e-03
   1.0671034e-05
   1.0266650e-05
   9.0111606e-04
   6.8585195e-06
   7.0149599e-06
   6.9268046e-06
   6.8646083e-06
   6.8284822e-06
   6.7774695e-06
   6.5702855e-06
   6.3647484e-06
   6.1620632e-06
   6.9765532e-06
   6.7636537e-06
   6.5555688e-06
   6.3532519e-06
   2.9764698e-03
   2.9202584e-03
   2.8665829e-03
   2.8189785e-03
   1.0556629e-05
   1.0474061e-05
   1.0404026e-05
   1.0334306e-05
   9.7078910e-06
   9.1707712e-06
   8.6280203e-06
   8.0723822e-06
   8.0073346e-04
   7.0632128e-04
   6.1621856e-04
   5.2614421e-04
   5.9633199e-06
   5.7693148e-06
   5.5804702e-06
   5.3968208e-06
   6.1579672e-06
   5.9710180e-06
   5.7935827e-06
   5.6266222e-06
   2.7649979e-03
   2.7202404e-03
   2.6721052e-03
   2.6244399e-03
   1.0249321e-05
   1.1134364e-05
   7.5012918e-06
   6.9152793e-06
   6.3161920e-06
   5.7062958e-06
   4.3186123e-04
   9.7557763e-06
   9.2752677e-06
   8.7769904e-06
   8.2577395e-06
   1.1099335e-05
   1.1037802e-05
   5.2180396e-06
   5.0434964e-06
   4.8723633e-06
   4.7037730e-06
   5.4708336e-06
   5.3266333e-06
   5.1941646e-06
   5.0733243e-06
   5.5408692e-06
   5.4837066e-06
   5.4440000e-06
   5.4223999e-06
   6.2048046e-06
   6.1705337e-06
   2.5775869e-03
   2.5313692e-03
   2.4855906e-03
   2.4400898e-03
   7.7149794e-06
   7.1467057e-06
   6.5517823e-06
   5.9304511e-06
   4.6537700e-06
   4.6120982e-06
   4.5742198e-06
   4.5407819e-06
   4.1291118e-06
   4.1330357e-06
   4.9638078e-06
   4.8651670e-06
   4.7768741e-06
   4.6983800e-06
   5.8970573e-06
   5.6422880e-06
   5.4064513e-06
   5.1880632e-06
   5.9910471e-06
   5.7942813e-06
   5.6146277e-06
   5.4513221e-06
   2.3947353e-03
   2.3494157e-03
   2.3040333e-03
   2.2584999e-03
   5.2852776e-06
   5.0879280e-06
   5.6108632e-06
   5.6219916e-06
   4.9061302e-06
   4.7412051e-06
   4.9831946e-06
   4.7907306e-06
   4.6246611e-06
   4.4980330e-06
   5.3025307e-06
   5.1661178e-06
   5.0408541e-06
   4.9269478e-06
   5.1598552e-04
   4.6291486e-06
   4.5686244e-06
   4.5160613e-06
   4.4701193e-06
   5.3866519e-06
   5.1818326e-06
   4.9973897e-06
   4.8334457e-06
   5.4263628e-06
   5.2492715e-06
   5.0920159e-06
   4.9549082e-06
   4.0774588e-06
   4.0310366e-06
   3.9896418e-06
   3.9533654e-06
   2.2127346e-03
   2.1666614e-03
   2.1202081e-03
   2.0733057e-03
   4.7936948e-04
   4.3656677e-04
   4.5942023e-06
   4.4656348e-06
   4.3552498e-06
   4.2617594e-06
   3.8877844e-04
   4.4081296e-06
   4.3450354e-06
   4.3059450e-06
   4.2885390e-06
   4.6895325e-06
   4.5645715e-06
   4.4577015e-06
   4.3681262e-06
   3.4072144e-04
   4.8376049e-06
   4.7390604e-06
   4.6581523e-06
   4.5936054e-06
   2.0258912e-03
   1.9778818e-03
   1.9292171e-03
   1.8798326e-03
   4.8148563e-06
   4.7304459e-06
   4.6550514e-06
   4.5862935e-06
   1.8296648e-03
   1.7786513e-03
   1.7267333e-03
   1.6738577e-03
   4.5117324e-06
   4.4899089e-06
   4.4746230e-06
   4.4663773e-06
   2.7490243e-04
   4.4282831e-06
   4.3865401e-06
   4.3406713e-06
   4.2895892e-06
   4.5441957e-06
   4.5088376e-06
   4.4866384e-06
   4.4769441e-06
   1.6199814e-03
   1.5650777e-03
   1.5091465e-03
   1.4522281e-03
   4.1826654e-06
   4.1145754e-06
   4.0542252e-06
   4.0002109e-06
   2.0618637e-04
   4.2950920e-06
   4.2369952e-06
   4.1893139e-06
   4.1455007e-06
   1.3944232e-03
   1.3359171e-03
   1.2770069e-03
   1.2181182e-03
   1.1597958e-03
   1.1026490e-03
   1.0473256e-03
   9.9529304e-04
   3.9225847e-06
   3.8982698e-06
   3.8811552e-06
   3.8719494e-06
   1.3568462e-04
   4.0269540e-04
   3.5543239e-04
   2.8600611e-04
   1.8798080e-04
   3.4711185e-04
   9.2362667e-06
   9.1612976e-06
   9.2007677e-06
   3.2793040e-04
   2.8469560e-04
   2.2391509e-04
   1.5125600e-04
   4.5234522e-06
   4.4682202e-06
   4.4240631e-06
   4.3943805e-06
   5.2968617e-05
   9.9158099e-06
   6.6673072e-06
   5.5540186e-06
   7.1171074e-05
   1.1782354e-05
   8.6692109e-06
   6.3927427e-06
   3.9539121e-06
   3.9183010e-06
   3.8955056e-06
   3.8857948e-06
   4.2384410e-06
   4.1961831e-06
   4.1684265e-06
   4.1552292e-06
   5.0319893e-06
   4.3861619e-06
   4.1238526e-06
   4.0300066e-06
   5.5933503e-05
