0.112500  1  0.000056	
0.225000  1  0.000111	
0.337500  1  0.000164	
0.450000  1  0.000212	
0.562500  1  0.000251	
0.675000  1  0.000279	
0.787500  1  0.000297	
0.900000  1  0.000307	
1.012500  1  0.000311	
1.125000  1  0.000314	
1.237500  1  0.000318	
1.350000  1  0.000324	
1.462500  1  0.000331	
1.575000  1  0.000339	
1.687500  1  0.000347	
1.800000  1  0.000353	
1.912500  1  0.000359	
2.025000  1  0.000364	
2.137500  1  0.000368	
2.390625  1  0.000378	
2.960156  1  0.000401	
3.339844  1  0.000415	
4.194141  1  0.000444	
4.763672  1  0.000462	
6.045117  1  0.000498	
6.614648  1  0.000514	
7.896094  1  0.000547	
8.465625  1  0.000561	
9.747070  1  0.000589	
10.316602  1  0.000601	
11.598047  1  0.000625	
12.167578  1  0.000635	
13.449023  1  0.000657	
14.018555  1  0.000666	
15.300000  1  0.000686	
16.154297  1  0.000698	
18.076465  1  0.000724	
18.930762  1  0.000736	
20.852930  1  0.000761	
21.707227  1  0.000772	
23.629395  1  0.000796	
25.551562  1  0.000818	
26.405859  1  0.000827	
28.328027  1  0.000846	
29.182324  1  0.000855	
31.104492  1  0.000874	
31.958789  1  0.000882	
33.880957  1  0.000900	
34.735254  1  0.000908	
36.657422  1  0.000925	
37.511719  1  0.000932	
37.891406  1  0.000935	
38.745703  1  0.000942	
40.667871  1  0.000959	
41.522168  1  0.000966	
43.444336  1  0.000981	
44.298633  1  0.000988	
46.220801  1  0.001003	
47.502246  1  0.001012	
49.424414  1  0.001026	
50.705859  1  0.001035	
52.628027  1  0.001048	
53.753027  1  0.001055	
54.878027  1  0.001063	
56.003027  1  0.001070	
57.128027  1  0.001077	
57.461361  1  0.001079	
57.528027  1  0.001079	
58.677768  1  0.001087	
59.827510  1  0.001094	
60.977251  1  0.001102	
62.126992  1  0.001111	
63.276733  1  0.001121	
64.426474  1  0.001133	
65.576215  1  0.001145	
66.725956  1  0.001159	
67.875697  1  0.001173	
69.025438  1  0.001188	
70.175179  1  0.001204	
71.324920  1  0.001220	
72.474661  1  0.001236	
73.624402  1  0.001252	
74.774144  1  0.001269	
75.923885  1  0.001286	
77.073626  1  0.001303	
78.223367  1  0.001319	
79.373108  1  0.001336	
80.522849  1  0.001354	
81.672590  1  0.001371	
82.822331  1  0.001387	
83.972072  1  0.001404	
85.121813  1  0.001420	
86.271554  1  0.001438	
87.421295  1  0.001455	
88.571037  1  0.001473	
89.720778  1  0.001491	
90.870519  1  0.001508	
92.020260  1  0.001526	
93.170001  1  0.001544	
94.319742  1  0.001561	
95.469483  1  0.001579	
96.619224  1  0.001596	
97.768965  1  0.001613	
98.918706  1  0.001630	
100.068447  1  0.001647	
101.218188  1  0.001665	
102.367930  1  0.001683	
103.517671  1  0.001701	
104.667412  1  0.001719	
105.817153  1  0.001737	
106.966894  1  0.001755	
108.116635  1  0.001774	
109.266376  1  0.001792	
110.416117  1  0.001809	
111.565858  1  0.001826	
112.715599  1  0.001842	
113.865340  1  0.001860	
115.015081  1  0.001878	
116.164822  1  0.001895	
117.314564  1  0.001912	
118.464305  1  0.001930	
119.614046  1  0.001948	
120.763787  1  0.001966	
121.913528  1  0.001985	
123.063269  1  0.002000	
124.213010  1  0.002018	
125.362751  1  0.002036	
126.512492  1  0.002054	
127.662233  1  0.002072	
128.811974  1  0.002090	
129.961715  1  0.002109	
131.111457  1  0.002123	
132.261198  1  0.002141	
133.410939  1  0.002157	
134.560680  1  0.002174	
135.710421  1  0.002190	
136.860162  1  0.002208	
138.009903  1  0.002227	
139.159644  1  0.002245	
140.309385  1  0.002263	
141.459126  1  0.002282	
142.608867  1  0.002300	
143.758608  1  0.002319	
144.908350  1  0.002337	
146.058091  1  0.002355	
147.207832  1  0.002373	
148.357573  1  0.002392	
149.507314  1  0.002410	
150.657055  1  0.002424	
151.806796  1  0.002442	
152.956537  1  0.002457	
154.106278  1  0.002475	
155.256019  1  0.002493	
156.405760  1  0.002512	
157.555501  1  0.002530	
158.705242  1  0.002548	
159.854984  1  0.002567	
161.004725  1  0.002585	
162.154466  1  0.002603	
163.304207  1  0.002621	
164.453948  1  0.002632	
165.603689  1  0.002649	
166.753430  1  0.002667	
167.903171  1  0.002685	
169.052912  1  0.002703	
170.202653  1  0.002719	
171.352394  1  0.002736	
172.502135  1  0.002753	
173.651877  1  0.002772	
174.801618  1  0.002789	
175.951359  1  0.002807	
177.101100  1  0.002825	
178.250841  1  0.002837	
179.400582  1  0.002854	
180.550323  1  0.002872	
181.700064  1  0.002890	
182.849805  1  0.002905	
183.999546  1  0.002922	
185.149287  1  0.002940	
186.299028  1  0.002958	
187.448770  1  0.002975	
188.598511  1  0.002993	
189.748252  1  0.003011	
190.897993  1  0.003028	
192.047734  1  0.003044	
193.197475  1  0.003059	
194.347216  1  0.003075	
195.496957  1  0.003088	
196.646698  1  0.003105	
197.796439  1  0.003122	
198.946180  1  0.003140	
200.095921  1  0.003158	
201.245662  1  0.003175	
202.395404  1  0.003192	
203.545145  1  0.003207	
204.694886  1  0.003220	
205.844627  1  0.003236	
206.994368  1  0.003254	
208.144109  1  0.003270	
209.293850  1  0.003287	
210.443591  1  0.003299	
211.593332  1  0.003316	
212.743073  1  0.003333	
213.892814  1  0.003348	
215.042555  1  0.003365	
216.192297  1  0.003382	
217.342038  1  0.003399	
218.491779  1  0.003415	
219.641520  1  0.003432	
220.791261  1  0.003448	
221.941002  1  0.003465	
223.090743  1  0.003476	
224.240484  1  0.003493	
225.390225  1  0.003507	
226.539966  1  0.003524	
227.689707  1  0.003541	
228.839448  1  0.003559	
229.989190  1  0.003576	
231.138931  1  0.003593	
232.288672  1  0.003609	
233.438413  1  0.003625	
234.588154  1  0.003639	
235.737895  1  0.003655	
236.887636  1  0.003672	
238.037377  1  0.003689	
239.187118  1  0.003706	
240.336859  1  0.003722	
241.486600  1  0.003738	
242.636341  1  0.003754	
243.786082  1  0.003771	
244.935824  1  0.003787	
246.085565  1  0.003803	
247.235306  1  0.003819	
248.385047  1  0.003835	
249.534788  1  0.003852	
250.684529  1  0.003867	
251.834270  1  0.003883	
252.984011  1  0.003899	
254.133752  1  0.003915	
255.283493  1  0.003931	
256.433234  1  0.003946	
257.582975  1  0.003961	
258.732717  1  0.003977	
259.382926  1  0.003985	
261.163185  1  0.004008	
262.811338  1  0.004029	
264.348582  1  0.004049	
265.800178  1  0.004067	
267.184150  1  0.004083	
268.500862  1  0.004099	
269.727311  1  0.004113	
270.892608  1  0.004126	
272.015354  1  0.004139	
273.106134  1  0.004151	
274.170995  1  0.004162	
275.214876  1  0.004174	
276.233224  1  0.004184	
277.240923  1  0.004196	
278.192253  1  0.004201	
279.101189  1  0.004210	
280.010474  1  0.004220	
280.915147  1  0.004230	
281.813700  1  0.004240	
282.706597  1  0.004249	
283.593417  1  0.004258	
284.457799  1  0.004263	
285.289147  1  0.004272	
286.127637  1  0.004280	
286.950569  1  0.004288	
287.758589  1  0.004296	
288.558478  1  0.004303	
289.352660  1  0.004311	
290.116170  1  0.004316	
290.886391  1  0.004323	
291.658568  1  0.004331	
292.431921  1  0.004338	
293.200878  1  0.004345	
293.965407  1  0.004353	
294.727851  1  0.004360	
295.474475  1  0.004366	
296.185356  1  0.004366	
296.899063  1  0.004372	
297.614954  1  0.004379	
298.332724  1  0.004386	
299.051793  1  0.004393	
299.771856  1  0.004400	
300.488026  1  0.004407	
301.183158  1  0.004411	
301.881913  1  0.004417	
302.583250  1  0.004424	
303.277571  1  0.004426	
303.963759  1  0.004432	
304.646069  1  0.004438	
305.326569  1  0.004445	
305.991801  1  0.004448	
306.661859  1  0.004454	
307.333999  1  0.004460	
308.003490  1  0.004466	
308.669843  1  0.004472	
309.334838  1  0.004478	
309.999027  1  0.004483	
310.652023  1  0.004484	
311.302877  1  0.004489	
311.947426  1  0.004494	
312.589343  1  0.004499	
313.230855  1  0.004505	
313.872520  1  0.004510	
314.505089  1  0.004513	
315.141993  1  0.004519	
315.777233  1  0.004524	
316.409843  1  0.004529	
317.042728  1  0.004532	
317.677166  1  0.004537	
318.304974  1  0.004541	
318.929605  1  0.004545	
319.547360  1  0.004550	
320.162309  1  0.004554	
320.775938  1  0.004559	
321.382987  1  0.004562	
321.994001  1  0.004567	
322.607419  1  0.004572	
323.224083  1  0.004575	
323.840444  1  0.004579	
324.448629  1  0.004583	
325.058799  1  0.004587	
325.670127  1  0.004592	
326.282933  1  0.004597	
326.896594  1  0.004601	
327.498156  1  0.004604	
328.094234  1  0.004608	
328.689037  1  0.004610	
329.285133  1  0.004614	
329.878641  1  0.004618	
330.475497  1  0.004622	
331.074441  1  0.004627	
331.672209  1  0.004631	
332.263368  1  0.004635	
332.855312  1  0.004639	
333.448859  1  0.004642	
334.043856  1  0.004646	
334.636577  1  0.004649	
335.232968  1  0.004653	
335.831096  1  0.004658	
336.421131  1  0.004660	
337.006235  1  0.004664	
337.071247  1  0.004665	
337.148109  1  0.004666	
337.806523  1  0.004679	
338.467279  1  0.004689	
339.128326  1  0.004694	
339.788987  1  0.004696	
340.449566  1  0.004699	
341.056383  1  0.004702	
341.634066  1  0.004705	
341.826627  1  0.004704	
342.016007  1  0.004705	
342.204493  1  0.004706	
342.392423  1  0.004707	
342.580051  1  0.004708	
342.767558  1  0.004709	
342.955136  1  0.004710	
343.142579  1  0.004711	
343.329986  1  0.004712	
343.517451  1  0.004713	
343.705056  1  0.004715	
343.892919  1  0.004716	
344.080782  1  0.004717	
344.268707  1  0.004718	
344.456760  1  0.004719	
344.519445  1  0.004719	
344.582206  1  0.004719	
344.644966  1  0.004719	
344.833306  1  235.885356	
