0.112500  1  25.204981	
0.225000  1  26.130094	
0.337500  1  26.657203	
0.450000  1  27.106378	
0.562500  1  27.429124	
0.675000  1  27.596590	
0.787500  1  27.612540	
0.900000  1  27.508973	
1.012500  1  27.334617	
1.125000  1  27.142309	
1.237500  1  26.974804	
1.350000  1  26.853062	
1.462500  1  26.775808	
1.575000  1  26.729224	
1.687500  1  26.697760	
1.800000  1  26.669808	
1.912500  1  26.638794	
2.025000  1  26.602305	
2.137500  1  26.561034	
2.390625  1  26.482479	
2.960156  1  26.374879	
3.339844  1  26.314535	
4.194141  1  26.217085	
4.763672  1  26.164142	
6.045117  1  26.076859	
6.614648  1  26.044485	
7.896094  1  25.994883	
8.465625  1  25.972447	
9.747070  1  25.935697	
10.316602  1  25.917949	
11.598047  1  25.887679	
12.167578  1  25.873404	
13.449023  1  25.847400	
14.018555  1  25.835879	
15.300000  1  25.813165	
16.154297  1  25.798608	
18.076465  1  25.769314	
18.930762  1  25.756470	
20.852930  1  25.735060	
21.707227  1  25.725219	
23.629395  1  25.708466	
25.551562  1  25.691922	
26.405859  1  25.684080	
28.328027  1  25.668948	
29.182324  1  25.662206	
31.104492  1  25.649245	
31.958789  1  25.643472	
33.880957  1  25.631965	
34.735254  1  25.626878	
36.657422  1  25.616420	
37.511719  1  25.611856	
37.891406  1  25.609789	
38.745703  1  25.605248	
40.667871  1  25.596454	
41.522168  1  25.592346	
43.444336  1  25.584476	
44.298633  1  25.581049	
46.220801  1  25.573662	
47.502246  1  25.568640	
49.424414  1  25.561564	
50.705859  1  25.556917	
52.628027  1  25.550264	
53.753027  1  25.546453	
54.878027  1  25.542745	
56.003027  1  25.539158	
57.128027  1  25.535635	
57.461361  1  25.534589	
57.528027  1  25.534396	
58.677768  1  25.530463	
59.827510  1  25.526421	
60.977251  1  25.522609	
62.126992  1  25.519479	
63.276733  1  25.517329	
64.426474  1  25.516068	
65.576215  1  25.515764	
66.725956  1  25.516499	
67.875697  1  25.518225	
69.025438  1  25.520548	
70.175179  1  25.523501	
71.324920  1  25.527069	
72.474661  1  25.530730	
73.624402  1  25.534584	
74.774144  1  25.538770	
75.923885  1  25.543278	
77.073626  1  25.548079	
78.223367  1  25.552900	
79.373108  1  25.557788	
80.522849  1  25.562739	
81.672590  1  25.567943	
82.822331  1  25.573136	
83.972072  1  25.577546	
85.121813  1  25.582165	
86.271554  1  25.587382	
87.421295  1  25.593009	
88.571037  1  25.598732	
89.720778  1  25.604371	
90.870519  1  25.610175	
92.020260  1  25.616161	
93.170001  1  25.622268	
94.319742  1  25.627941	
95.469483  1  25.633939	
96.619224  1  25.638946	
97.768965  1  25.644681	
98.918706  1  25.650108	
100.068447  1  25.655393	
101.218188  1  25.661327	
102.367930  1  25.667633	
103.517671  1  25.674095	
104.667412  1  25.680625	
105.817153  1  25.687080	
106.966894  1  25.693510	
108.116635  1  25.700046	
109.266376  1  25.706588	
110.416117  1  25.712582	
111.565858  1  25.718327	
112.715599  1  25.723435	
113.865340  1  25.729102	
115.015081  1  25.735465	
116.164822  1  25.741425	
117.314564  1  25.746892	
118.464305  1  25.752959	
119.614046  1  25.759556	
120.763787  1  25.766314	
121.913528  1  25.773110	
123.063269  1  25.778164	
124.213010  1  25.783894	
125.362751  1  25.790416	
126.512492  1  25.797161	
127.662233  1  25.803687	
128.811974  1  25.810354	
129.961715  1  25.817110	
131.111457  1  25.821517	
132.261198  1  25.827143	
133.410939  1  25.832564	
134.560680  1  25.837905	
135.710421  1  25.843313	
136.860162  1  25.849696	
138.009903  1  25.856517	
139.159644  1  25.863427	
140.309385  1  25.870268	
141.459126  1  25.877107	
142.608867  1  25.883897	
143.758608  1  25.890815	
144.908350  1  25.897415	
146.058091  1  25.904173	
147.207832  1  25.911015	
148.357573  1  25.917873	
149.507314  1  25.924733	
150.657055  1  25.928690	
151.806796  1  25.934684	
152.956537  1  25.939399	
154.106278  1  25.945641	
155.256019  1  25.952423	
156.405760  1  25.959277	
157.555501  1  25.966132	
158.705242  1  25.972975	
159.854984  1  25.979865	
161.004725  1  25.986549	
162.154466  1  25.993323	
163.304207  1  26.000047	
164.453948  1  26.001564	
165.603689  1  26.007114	
166.753430  1  26.013733	
167.903171  1  26.020460	
169.052912  1  26.027199	
170.202653  1  26.031717	
171.352394  1  26.037659	
172.502135  1  26.044067	
173.651877  1  26.050726	
174.801618  1  26.057362	
175.951359  1  26.063978	
177.101100  1  26.070581	
178.250841  1  26.072814	
179.400582  1  26.078327	
180.550323  1  26.084851	
181.700064  1  26.091500	
182.849805  1  26.095426	
183.999546  1  26.101525	
185.149287  1  26.108039	
186.299028  1  26.114619	
187.448770  1  26.121155	
188.598511  1  26.127665	
189.748252  1  26.134084	
190.897993  1  26.140446	
192.047734  1  26.145011	
193.197475  1  26.149794	
194.347216  1  26.154597	
195.496957  1  26.157754	
196.646698  1  26.163242	
197.796439  1  26.169513	
198.946180  1  26.175907	
200.095921  1  26.182400	
201.245662  1  26.188700	
202.395404  1  26.194853	
203.545145  1  26.198805	
204.694886  1  26.201731	
205.844627  1  26.207192	
206.994368  1  26.213328	
208.144109  1  26.218774	
209.293850  1  26.224427	
210.443591  1  26.226449	
211.593332  1  26.232249	
212.743073  1  26.238312	
213.892814  1  26.243028	
215.042555  1  26.248891	
216.192297  1  26.255016	
217.342038  1  26.261034	
218.491779  1  26.265580	
219.641520  1  26.271611	
220.791261  1  26.276993	
221.941002  1  26.282612	
223.090743  1  26.284281	
224.240484  1  26.289979	
225.390225  1  26.293418	
226.539966  1  26.299518	
227.689707  1  26.305719	
228.839448  1  26.311798	
229.989190  1  26.317968	
231.138931  1  26.323882	
232.288672  1  26.329846	
233.438413  1  26.335153	
234.588154  1  26.338462	
235.737895  1  26.343787	
236.887636  1  26.349733	
238.037377  1  26.355608	
239.187118  1  26.361487	
240.336859  1  26.367300	
241.486600  1  26.372488	
242.636341  1  26.378033	
243.786082  1  26.383614	
244.935824  1  26.389140	
246.085565  1  26.394599	
247.235306  1  26.399993	
248.385047  1  26.405325	
249.534788  1  26.410888	
250.684529  1  26.415999	
251.834270  1  26.421433	
252.984011  1  26.426830	
254.133752  1  26.431774	
255.283493  1  26.437043	
256.433234  1  26.441946	
257.582975  1  26.446897	
258.732717  1  26.451794	
259.382926  1  26.454232	
261.163185  1  26.461564	
262.811338  1  26.468022	
264.348582  1  26.473623	
265.800178  1  26.478809	
267.184150  1  26.483258	
268.500862  1  26.487421	
269.727311  1  26.490795	
270.892608  1  26.494200	
272.015354  1  26.497373	
273.106134  1  26.500250	
274.170995  1  26.502906	
275.214876  1  26.505535	
276.233224  1  26.507704	
277.240923  1  26.510417	
278.192253  1  26.509259	
279.101189  1  26.510702	
280.010474  1  26.512827	
280.915147  1  26.515097	
281.813700  1  26.517304	
282.706597  1  26.519431	
283.593417  1  26.521337	
284.457799  1  26.520183	
285.289147  1  26.521941	
286.127637  1  26.523276	
286.950569  1  26.524757	
287.758589  1  26.526263	
288.558478  1  26.527717	
289.352660  1  26.529143	
290.116170  1  26.528181	
290.886391  1  26.529417	
291.658568  1  26.530812	
292.431921  1  26.532213	
293.200878  1  26.533487	
293.965407  1  26.535054	
294.727851  1  26.536030	
295.474475  1  26.537009	
296.185356  1  26.532758	
296.899063  1  26.532932	
297.614954  1  26.534063	
298.332724  1  26.535450	
299.051793  1  26.536856	
299.771856  1  26.538305	
300.488026  1  26.539630	
301.183158  1  26.539008	
301.881913  1  26.539872	
302.583250  1  26.541111	
303.277571  1  26.538994	
303.963759  1  26.539886	
304.646069  1  26.540951	
305.326569  1  26.541982	
305.991801  1  26.541023	
306.661859  1  26.541855	
307.333999  1  26.542893	
308.003490  1  26.543942	
308.669843  1  26.544815	
309.334838  1  26.545719	
309.999027  1  26.546589	
310.652023  1  26.543293	
311.302877  1  26.543667	
311.947426  1  26.544343	
312.589343  1  26.545011	
313.230855  1  26.545710	
313.872520  1  26.546321	
314.505089  1  26.545597	
315.141993  1  26.546134	
315.777233  1  26.546984	
316.409843  1  26.547589	
317.042728  1  26.546192	
317.677166  1  26.546847	
318.304974  1  26.546100	
318.929605  1  26.546465	
319.547360  1  26.546982	
320.162309  1  26.547476	
320.775938  1  26.547876	
321.382987  1  26.547172	
321.994001  1  26.547561	
322.607419  1  26.548143	
323.224083  1  26.546810	
323.840444  1  26.547231	
324.448629  1  26.546692	
325.058799  1  26.546997	
325.670127  1  26.547719	
326.282933  1  26.548337	
326.896594  1  26.548482	
327.498156  1  26.547654	
328.094234  1  26.547640	
328.689037  1  26.546097	
329.285133  1  26.546385	
329.878641  1  26.545984	
330.475497  1  26.546259	
331.074441  1  26.546780	
331.672209  1  26.547239	
332.263368  1  26.546855	
332.855312  1  26.547240	
333.448859  1  26.546153	
334.043856  1  26.546383	
334.636577  1  26.546091	
335.232968  1  26.546319	
335.831096  1  26.546562	
336.421131  1  26.545958	
337.006235  1  26.546075	
337.071247  1  26.545409	
337.148109  1  26.545659	
337.806523  1  26.550393	
338.467279  1  26.554101	
339.128326  1  26.554927	
339.788987  1  26.554236	
340.449566  1  26.553477	
341.056383  1  26.553069	
341.634066  1  26.552431	
341.826627  1  26.551220	
342.016007  1  26.550758	
342.204493  1  26.550569	
342.392423  1  26.550449	
342.580051  1  26.550355	
342.767558  1  26.550288	
342.955136  1  26.550218	
343.142579  1  26.550150	
343.329986  1  26.550106	
343.517451  1  26.550076	
343.705056  1  26.550047	
343.892919  1  26.550020	
344.080782  1  26.549961	
344.268707  1  26.549942	
344.456760  1  26.549914	
344.519445  1  26.549902	
344.582206  1  26.549417	
344.644966  1  26.549075	
344.833306  1  87611.272631	
