0.112500  1  0.013250	
0.225000  1  0.013250	
0.337500  1  0.013250	
0.450000  1  0.013250	
0.562500  1  0.013250	
0.675000  1  0.013250	
0.787500  1  0.013250	
0.900000  1  0.013250	
1.012500  1  0.013250	
1.125000  1  0.013250	
1.237500  1  0.013250	
1.350000  1  0.013250	
1.462500  1  0.013250	
1.575000  1  0.013250	
1.687500  1  0.013250	
1.800000  1  0.013250	
1.912500  1  0.013250	
2.025000  1  0.013250	
2.137500  1  0.013250	
2.390625  1  0.013250	
2.960156  1  0.013250	
3.339844  1  0.013250	
4.194141  1  0.013250	
4.763672  1  0.013250	
6.045117  1  0.013250	
6.614648  1  0.013250	
7.896094  1  0.013250	
8.465625  1  0.013250	
9.747070  1  0.013250	
10.316602  1  0.013250	
11.598047  1  0.013250	
12.167578  1  0.013250	
13.449023  1  0.013250	
14.018555  1  0.013250	
15.300000  1  0.013250	
16.154297  1  0.013250	
18.076465  1  0.013250	
18.930762  1  0.013250	
20.852930  1  0.013250	
21.707227  1  0.013250	
23.629395  1  0.013250	
25.551562  1  0.013250	
26.405859  1  0.013250	
28.328027  1  0.013250	
29.182324  1  0.013250	
31.104492  1  0.013250	
31.958789  1  0.013250	
33.880957  1  0.013250	
34.735254  1  0.013250	
36.657422  1  0.013250	
37.511719  1  0.013250	
37.891406  1  0.013250	
38.745703  1  0.013250	
40.667871  1  0.013250	
41.522168  1  0.013250	
43.444336  1  0.013250	
44.298633  1  0.013250	
46.220801  1  0.013250	
47.502246  1  0.013250	
49.424414  1  0.013250	
50.705859  1  0.013250	
52.628027  1  0.013250	
53.753027  1  0.013250	
54.878027  1  0.013250	
56.003027  1  0.013250	
57.128027  1  0.013250	
57.461361  1  0.013250	
57.528027  1  0.013250	
58.677768  1  0.013250	
59.827510  1  0.013250	
60.977251  1  0.013250	
62.126992  1  0.013250	
63.276733  1  0.013250	
64.426474  1  0.013250	
65.576215  1  0.013250	
66.725956  1  0.013250	
67.875697  1  0.013250	
69.025438  1  0.013250	
70.175179  1  0.013250	
71.324920  1  0.013250	
72.474661  1  0.013250	
73.624402  1  0.013250	
74.774144  1  0.013250	
75.923885  1  0.013250	
77.073626  1  0.013250	
78.223367  1  0.013250	
79.373108  1  0.013250	
80.522849  1  0.013250	
81.672590  1  0.013250	
82.822331  1  0.013250	
83.972072  1  0.013250	
85.121813  1  0.013250	
86.271554  1  0.013250	
87.421295  1  0.013250	
88.571037  1  0.013250	
89.720778  1  0.013250	
90.870519  1  0.013250	
92.020260  1  0.013250	
93.170001  1  0.013250	
94.319742  1  0.013250	
95.469483  1  0.013250	
96.619224  1  0.013250	
97.768965  1  0.013250	
98.918706  1  0.013250	
100.068447  1  0.013250	
101.218188  1  0.013250	
102.367930  1  0.013250	
103.517671  1  0.013250	
104.667412  1  0.013250	
105.817153  1  0.013250	
106.966894  1  0.013250	
108.116635  1  0.013250	
109.266376  1  0.013250	
110.416117  1  0.013250	
111.565858  1  0.013250	
112.715599  1  0.013250	
113.865340  1  0.013250	
115.015081  1  0.013250	
116.164822  1  0.013250	
117.314564  1  0.013250	
118.464305  1  0.013250	
119.614046  1  0.013250	
120.763787  1  0.013250	
121.913528  1  0.013250	
123.063269  1  0.013250	
124.213010  1  0.013250	
125.362751  1  0.013250	
126.512492  1  0.013250	
127.662233  1  0.013250	
128.811974  1  0.013250	
129.961715  1  0.013250	
131.111457  1  0.013250	
132.261198  1  0.013250	
133.410939  1  0.013250	
134.560680  1  0.013250	
135.710421  1  0.013250	
136.860162  1  0.013250	
138.009903  1  0.013250	
139.159644  1  0.013250	
140.309385  1  0.013250	
141.459126  1  0.013250	
142.608867  1  0.013250	
143.758608  1  0.013250	
144.908350  1  0.013250	
146.058091  1  0.013250	
147.207832  1  0.013250	
148.357573  1  0.013250	
149.507314  1  0.013250	
150.657055  1  0.013250	
151.806796  1  0.013250	
152.956537  1  0.013250	
154.106278  1  0.013250	
155.256019  1  0.013250	
156.405760  1  0.013250	
157.555501  1  0.013250	
158.705242  1  0.013250	
159.854984  1  0.013250	
161.004725  1  0.013250	
162.154466  1  0.013250	
163.304207  1  0.013250	
164.453948  1  0.013250	
165.603689  1  0.013250	
166.753430  1  0.013250	
167.903171  1  0.013250	
169.052912  1  0.013250	
170.202653  1  0.013250	
171.352394  1  0.013250	
172.502135  1  0.013250	
173.651877  1  0.013250	
174.801618  1  0.013250	
175.951359  1  0.013250	
177.101100  1  0.013250	
178.250841  1  0.013250	
179.400582  1  0.013250	
180.550323  1  0.013250	
181.700064  1  0.013250	
182.849805  1  0.013250	
183.999546  1  0.013250	
185.149287  1  0.013250	
186.299028  1  0.013250	
187.448770  1  0.013250	
188.598511  1  0.013250	
189.748252  1  0.013250	
190.897993  1  0.013250	
192.047734  1  0.013250	
193.197475  1  0.013250	
194.347216  1  0.013250	
195.496957  1  0.013250	
196.646698  1  0.013250	
197.796439  1  0.013250	
198.946180  1  0.013250	
200.095921  1  0.013250	
201.245662  1  0.013250	
202.395404  1  0.013250	
203.545145  1  0.013250	
204.694886  1  0.013250	
205.844627  1  0.013250	
206.994368  1  0.013250	
208.144109  1  0.013250	
209.293850  1  0.013250	
210.443591  1  0.013250	
211.593332  1  0.013250	
212.743073  1  0.013250	
213.892814  1  0.013250	
215.042555  1  0.013250	
216.192297  1  0.013250	
217.342038  1  0.013250	
218.491779  1  0.013250	
219.641520  1  0.013250	
220.791261  1  0.013250	
221.941002  1  0.013250	
223.090743  1  0.013250	
224.240484  1  0.013250	
225.390225  1  0.013250	
226.539966  1  0.013250	
227.689707  1  0.013250	
228.839448  1  0.013250	
229.989190  1  0.013250	
231.138931  1  0.013250	
232.288672  1  0.013250	
233.438413  1  0.013250	
234.588154  1  0.013250	
235.737895  1  0.013250	
236.887636  1  0.013250	
238.037377  1  0.013250	
239.187118  1  0.013250	
240.336859  1  0.013250	
241.486600  1  0.013250	
242.636341  1  0.013250	
243.786082  1  0.013250	
244.935824  1  0.013250	
246.085565  1  0.013250	
247.235306  1  0.013250	
248.385047  1  0.013250	
249.534788  1  0.013250	
250.684529  1  0.013250	
251.834270  1  0.013250	
252.984011  1  0.013250	
254.133752  1  0.013250	
255.283493  1  0.013250	
256.433234  1  0.013250	
257.582975  1  0.013250	
258.732717  1  0.013250	
259.382926  1  0.013250	
261.163185  1  0.013250	
262.811338  1  0.013250	
264.348582  1  0.013250	
265.800178  1  0.013250	
267.184150  1  0.013250	
268.500862  1  0.013250	
269.727311  1  0.013250	
270.892608  1  0.013250	
272.015354  1  0.013250	
273.106134  1  0.013250	
274.170995  1  0.013250	
275.214876  1  0.013250	
276.233224  1  0.013250	
277.240923  1  0.013250	
278.192253  1  0.013250	
279.101189  1  0.013250	
280.010474  1  0.013250	
280.915147  1  0.013250	
281.813700  1  0.013250	
282.706597  1  0.013250	
283.593417  1  0.013250	
284.457799  1  0.013250	
285.289147  1  0.013250	
286.127637  1  0.013250	
286.950569  1  0.013250	
287.758589  1  0.013250	
288.558478  1  0.013250	
289.352660  1  0.013250	
290.116170  1  0.013250	
290.886391  1  0.013250	
291.658568  1  0.013250	
292.431921  1  0.013250	
293.200878  1  0.013250	
293.965407  1  0.013250	
294.727851  1  0.013250	
295.474475  1  0.013250	
296.185356  1  0.013250	
296.899063  1  0.013250	
297.614954  1  0.013250	
298.332724  1  0.013250	
299.051793  1  0.013250	
299.771856  1  0.013250	
300.488026  1  0.013250	
301.183158  1  0.013250	
301.881913  1  0.013250	
302.583250  1  0.013250	
303.277571  1  0.013250	
303.963759  1  0.013250	
304.646069  1  0.013250	
305.326569  1  0.013250	
305.991801  1  0.013250	
306.661859  1  0.013250	
307.333999  1  0.013250	
308.003490  1  0.013250	
308.669843  1  0.013250	
309.334838  1  0.013250	
309.999027  1  0.013250	
310.652023  1  0.013250	
311.302877  1  0.013250	
311.947426  1  0.013250	
312.589343  1  0.013250	
313.230855  1  0.013250	
313.872520  1  0.013250	
314.505089  1  0.013250	
315.141993  1  0.013250	
315.777233  1  0.013250	
316.409843  1  0.013250	
317.042728  1  0.013250	
317.677166  1  0.013250	
318.304974  1  0.013250	
318.929605  1  0.013250	
319.547360  1  0.013250	
320.162309  1  0.013250	
320.775938  1  0.013250	
321.382987  1  0.013250	
321.994001  1  0.013250	
322.607419  1  0.013250	
323.224083  1  0.013250	
323.840444  1  0.013250	
324.448629  1  0.013250	
325.058799  1  0.013250	
325.670127  1  0.013250	
326.282933  1  0.013250	
326.896594  1  0.013250	
327.498156  1  0.013250	
328.094234  1  0.013250	
328.689037  1  0.013250	
329.285133  1  0.013250	
329.878641  1  0.013250	
330.475497  1  0.013250	
331.074441  1  0.013250	
331.672209  1  0.013250	
332.263368  1  0.013250	
332.855312  1  0.013250	
333.448859  1  0.013250	
334.043856  1  0.013250	
334.636577  1  0.013250	
335.232968  1  0.013250	
335.831096  1  0.013250	
336.421131  1  0.013250	
337.006235  1  0.013250	
337.071247  1  0.013250	
337.148109  1  0.013250	
337.806523  1  0.013250	
338.467279  1  0.013250	
339.128326  1  0.013250	
339.788987  1  0.013250	
340.449566  1  0.013250	
341.056383  1  0.013250	
341.634066  1  0.013250	
341.826627  1  0.013250	
342.016007  1  0.013250	
342.204493  1  0.013250	
342.392423  1  0.013250	
342.580051  1  0.013250	
342.767558  1  0.013250	
342.955136  1  0.013250	
343.142579  1  0.013250	
343.329986  1  0.013250	
343.517451  1  0.013250	
343.705056  1  0.013250	
343.892919  1  0.013250	
344.080782  1  0.013250	
344.268707  1  0.013250	
344.456760  1  0.013250	
344.519445  1  0.013250	
344.582206  1  0.013250	
344.644966  1  0.013250	
344.833306  1  0.013250	
