0.045000  1  68.191642	
0.090000  1  69.569410	
0.135000  1  70.311505	
0.180000  1  70.964345	
0.225000  1  71.466798	
0.270000  1  71.772321	
0.315000  1  71.870990	
0.360000  1  71.789823	
0.405000  1  71.580879	
0.450000  1  71.316845	
0.495000  1  71.055949	
0.540000  1  70.842236	
0.585000  1  70.691620	
0.630000  1  70.596504	
0.675000  1  70.537717	
0.720000  1  70.496111	
0.765000  1  70.457866	
0.810000  1  70.415150	
0.855000  1  70.364996	
0.900000  1  70.308100	
1.001250  1  70.180786	
1.229063  1  70.016985	
1.380938  1  69.934104	
1.722656  1  69.788328	
1.950469  1  69.715578	
2.463047  1  69.587168	
2.690859  1  69.541774	
3.203438  1  69.464078	
3.292326  1  69.451582	
3.742326  1  69.395783	
4.042326  1  69.363705	
4.492326  1  69.319361	
4.719467  1  69.308048	
5.103295  1  69.290843	
5.597604  1  69.267883	
6.095694  1  69.247414	
