   9.6080646e-01
   9.6080646e-01
   9.9398105e-01
   9.9398105e-01
   1.0574672e+00
   1.0574672e+00
   1.5096338e+00
   1.5096338e+00
   1.5373685e+00
   1.5373685e+00
   1.3701335e+00
   1.3701335e+00
   1.1009127e+00
   1.1009127e+00
   1.0691849e+00
   1.0691849e+00
   1.5907494e+00
   1.5907494e+00
   1.0092410e+00
   1.0092410e+00
   1.2942765e+00
   1.2942765e+00
   1.3661086e+00
   1.3661086e+00
   1.3406078e+00
   1.3406078e+00
   1.2556031e+00
   1.2556031e+00
   1.1303166e+00
   1.1303166e+00
   9.7672699e-01
   9.7672699e-01
   1.0602493e+00
   1.0602493e+00
   9.2717526e-01
   9.2717526e-01
   1.4801552e+00
   1.4801552e+00
   1.0753935e+00
   1.0753935e+00
   1.5299333e+00
   1.5299333e+00
   1.0584641e+00
   1.0584641e+00
   1.4497950e+00
   1.4497950e+00
   9.6718713e-01
   9.6718713e-01
   1.3000193e+00
   1.3000193e+00
   1.4616293e+00
   1.4616293e+00
   9.1758350e-01
   9.1758350e-01
   1.1779892e+00
   1.1779892e+00
   1.2896455e+00
   1.2896455e+00
   1.3524092e+00
   1.3524092e+00
   1.3868767e+00
   1.3868767e+00
   1.0531535e+00
   9.4791630e-01
   1.1533300e+00
   1.7430831e+00
   9.2537970e-01
   1.0024802e+00
   1.1815201e+00
   1.0257372e+00
   9.0725390e-01
   9.9030546e-01
   9.0548099e-01
   9.8103676e-01
   1.0317567e+00
   1.0150003e+00
   1.1570367e+00
   9.3609715e-01
   9.5892245e-01
   9.7244483e-01
   9.3372329e-01
   9.2577677e-01
   9.4787385e-01
   9.2993858e-01
   0.0000000e+00
