0.045000  1  0.000045	
0.090000  1  0.000089	
0.135000  1  0.000132	
0.180000  1  0.000171	
0.225000  1  0.000205	
0.270000  1  0.000230	
0.315000  1  0.000247	
0.360000  1  0.000258	
0.405000  1  0.000263	
0.450000  1  0.000265	
0.495000  1  0.000268	
0.540000  1  0.000271	
0.585000  1  0.000276	
0.630000  1  0.000282	
0.675000  1  0.000289	
0.720000  1  0.000295	
0.765000  1  0.000300	
0.810000  1  0.000305	
0.855000  1  0.000308	
0.900000  1  0.000312	
1.001250  1  0.000319	
1.229063  1  0.000337	
1.380938  1  0.000349	
1.722656  1  0.000373	
1.950469  1  0.000388	
2.463047  1  0.000417	
2.690859  1  0.000431	
3.203438  1  0.000457	
3.431250  1  0.000469	
3.943828  1  0.000492	
4.171641  1  0.000502	
4.684219  1  0.000522	
4.912031  1  0.000530	
5.424609  1  0.000548	
5.766328  1  0.000560	
6.535195  1  0.000583	
6.876914  1  0.000593	
7.645781  1  0.000616	
8.414648  1  0.000636	
8.756367  1  0.000645	
9.525234  1  0.000663	
9.866953  1  0.000672	
10.635820  1  0.000689	
10.977539  1  0.000697	
11.746406  1  0.000713	
12.088125  1  0.000720	
12.856992  1  0.000736	
13.198711  1  0.000742	
13.967578  1  0.000756	
14.309297  1  0.000763	
15.078164  1  0.000776	
15.590742  1  0.000785	
16.744043  1  0.000803	
17.897344  1  0.000820	
18.409922  1  0.000828	
19.563223  1  0.000845	
20.716523  1  0.000862	
21.229102  1  0.000869	
22.382402  1  0.000884	
23.535703  1  0.000899	
24.048281  1  0.000905	
25.201582  1  0.000919	
26.354883  1  0.000933	
26.867461  1  0.000938	
28.020762  1  0.000951	
28.533340  1  0.000956	
29.686641  1  0.000968	
30.839941  1  0.000980	
31.352520  1  0.000984	
32.505820  1  0.000995	
33.018398  1  0.001000	
34.171699  1  0.001010	
34.684277  1  0.001014	
35.837578  1  0.001024	
36.350156  1  0.001029	
37.503457  1  0.001038	
37.703457  1  0.001040	
38.153457  1  0.001043	
38.603457  1  0.001047	
39.053457  1  0.001050	
39.253457  1  0.001052	
39.553457  1  0.001054	
39.922009  1  0.001057	
40.441532  1  0.001061	
41.111423  1  0.001066	
42.099231  1  0.001074	
43.365848  1  0.001084	
44.619750  1  0.001095	
45.855549  1  0.001106	
47.080875  1  0.001118	
47.440841  1  0.001122	
48.020190  1  0.001127	
48.874537  1  0.001136	
50.020919  1  0.001149	
51.229105  1  0.001163	
52.441731  1  0.001179	
53.667109  1  0.001195	
54.910211  1  0.001212	
56.177200  1  0.001229	
57.476368  1  0.001248	
58.810107  1  0.001268	
60.173141  1  0.001289	
61.569675  1  0.001311	
63.013617  1  0.001335	
64.500655  1  0.001360	
66.029496  1  0.001385	
67.613211  1  0.001412	
69.234062  1  0.001439	
70.893430  1  0.001468	
72.611571  1  0.001498	
74.366679  1  0.001528	
76.165973  1  0.001559	
78.007403  1  0.001592	
79.876009  1  0.001624	
81.820065  1  0.001659	
83.849882  1  0.001694	
85.914706  1  0.001733	
87.989127  1  0.001767	
90.182157  1  0.001804	
92.363707  1  0.001842	
94.652502  1  0.001880	
96.899758  1  0.001918	
99.264006  1  0.001959	
101.695588  1  0.002001	
104.157305  1  0.002046	
106.559544  1  0.002086	
109.144089  1  0.002132	
111.705004  1  0.002177	
114.255065  1  0.002220	
116.788550  1  0.002263	
119.256153  1  0.002308	
121.466635  1  0.002342	
123.775724  1  0.002381	
126.044058  1  0.002420	
128.300114  1  0.002455	
129.680381  1  0.002475	
131.835776  1  0.002510	
133.945190  1  0.002547	
136.024568  1  0.002582	
137.855199  1  0.002613	
139.846060  1  0.002651	
141.738094  1  0.002680	
143.461824  1  0.002711	
144.930795  1  0.002733	
146.454520  1  0.002760	
148.193461  1  0.002788	
149.982079  1  0.002819	
151.362468  1  0.002841	
153.076202  1  0.002869	
153.482676  1  0.002875	
154.124141  1  0.002882	
154.902133  1  0.002891	
155.846448  1  0.002906	
156.931520  1  0.002923	
158.052630  1  0.002941	
159.339652  1  0.002963	
160.594464  1  0.002985	
161.940782  1  0.003007	
163.149811  1  0.003026	
164.582573  1  0.003051	
165.764462  1  0.003071	
167.171276  1  0.003096	
168.307818  1  0.003113	
170.014990  1  0.003142	
171.138395  1  0.003158	
172.490089  1  0.003179	
173.545666  1  0.003195	
174.821492  1  0.003214	
175.841096  1  0.003228	
177.091468  1  0.003249	
178.087286  1  0.003265	
179.304613  1  0.003284	
180.269975  1  0.003299	
181.461794  1  0.003318	
182.399218  1  0.003331	
183.597679  1  0.003351	
184.516001  1  0.003365	
185.649719  1  0.003382	
186.537081  1  0.003396	
187.645670  1  0.003413	
188.508725  1  0.003426	
189.626734  1  0.003443	
190.477143  1  0.003456	
191.545991  1  0.003471	
192.374601  1  0.003481	
193.423644  1  0.003496	
194.232534  1  0.003508	
195.286475  1  0.003524	
196.082950  1  0.003536	
197.094025  1  0.003550	
197.865385  1  0.003561	
198.852520  1  0.003575	
199.605137  1  0.003586	
200.592978  1  0.003601	
201.334698  1  0.003610	
