0.045000  1  68.191647	
0.090000  1  69.569417	
0.135000  1  70.311516	
0.180000  1  70.964362	
0.225000  1  71.466822	
0.270000  1  71.772355	
0.315000  1  71.871038	
0.360000  1  71.789885	
0.405000  1  71.580956	
0.450000  1  71.316936	
0.495000  1  71.056052	
0.540000  1  70.842351	
0.585000  1  70.691746	
0.630000  1  70.596642	
0.675000  1  70.537866	
0.720000  1  70.496273	
0.765000  1  70.458041	
0.810000  1  70.415339	
0.855000  1  70.365198	
0.900000  1  70.308316	
1.001250  1  70.181034	
1.229063  1  70.017443	
1.380938  1  69.934618	
1.722656  1  69.788948	
1.950469  1  69.716524	
2.463047  1  69.588283	
2.690859  1  69.543347	
3.203438  1  69.467792	
3.431250  1  69.437220	
3.943828  1  69.381135	
4.171641  1  69.357654	
4.684219  1  69.311693	
4.912031  1  69.293208	
5.424609  1  69.254137	
5.766328  1  69.231159	
6.535195  1  69.182654	
6.876914  1  69.163569	
7.645781  1  69.128980	
8.414648  1  69.098110	
8.756367  1  69.085406	
9.525234  1  69.058448	
9.866953  1  69.048508	
10.635820  1  69.026114	
10.977539  1  69.018225	
11.746406  1  68.998677	
12.088125  1  68.992287	
12.856992  1  68.974747	
13.198711  1  68.969569	
13.967578  1  68.953632	
14.309297  1  68.949485	
15.078164  1  68.934930	
15.590742  1  68.928480	
16.744043  1  68.908788	
17.897344  1  68.894087	
18.409922  1  68.889583	
19.563223  1  68.874800	
20.716523  1  68.865434	
21.229102  1  68.863417	
22.382402  1  68.851527	
23.535703  1  68.845115	
24.048281  1  68.844766	
25.201582  1  68.834507	
26.354883  1  68.830135	
26.867461  1  68.831126	
28.020762  1  68.822104	
28.533340  1  68.823702	
29.686641  1  68.815691	
30.839941  1  68.814297	
31.352520  1  68.817148	
32.505820  1  68.809912	
33.018398  1  68.813159	
34.171699  1  68.806464	
34.684277  1  68.810290	
35.837578  1  68.804202	
36.350156  1  68.808579	
37.503457  1  68.802886	
37.703457  1  68.809268	
38.153457  1  68.807089	
38.603457  1  68.812452	
39.053457  1  68.810529	
39.253457  1  68.809695	
39.553457  1  68.808400	
39.922009  1  68.814549	
40.441532  1  68.820083	
41.111423  1  68.825552	
42.099231  1  68.823152	
43.365848  1  68.827933	
44.619750  1  68.833559	
45.855549  1  68.840481	
47.080875  1  68.848431	
47.440841  1  68.848829	
48.020190  1  68.857732	
48.874537  1  68.867083	
50.020919  1  68.869531	
51.229105  1  68.881491	
52.441731  1  68.886542	
53.667109  1  68.892048	
54.910211  1  68.907521	
56.177200  1  68.915038	
57.476368  1  68.923383	
58.810107  1  68.932862	
60.173141  1  68.952773	
61.569675  1  68.973644	
63.013617  1  68.986629	
64.500655  1  69.000619	
66.029496  1  69.025707	
67.613211  1  69.051361	
69.234062  1  69.068141	
70.893430  1  69.086003	
72.611571  1  69.115131	
74.366679  1  69.145380	
76.165973  1  69.176214	
78.007403  1  69.198322	
79.876009  1  69.230830	
81.820065  1  69.254253	
83.849882  1  69.289868	
85.914706  1  69.316733	
87.989127  1  69.351891	
90.182157  1  69.389592	
92.363707  1  69.416427	
94.652502  1  69.454898	
96.899758  1  69.494929	
99.264006  1  69.537621	
101.695588  1  69.581020	
104.157305  1  69.614481	
106.559544  1  69.657616	
109.144089  1  69.705297	
111.705004  1  69.739407	
114.255065  1  69.786129	
116.788550  1  69.818876	
119.256153  1  69.853512	
121.466635  1  69.893353	
123.775724  1  69.937886	
126.044058  1  69.984175	
128.300114  1  70.025195	
129.680381  1  70.040242	
131.835776  1  70.067507	
133.945190  1  70.097388	
136.024568  1  70.141836	
137.855199  1  70.166798	
139.846060  1  70.197981	
141.738094  1  70.220294	
143.461824  1  70.245737	
144.930795  1  70.279615	
146.454520  1  70.300976	
148.193461  1  70.323763	
149.982079  1  70.349529	
151.362468  1  70.384439	
153.076202  1  70.407267	
153.482676  1  70.411718	
154.124141  1  70.433917	
154.902133  1  70.458521	
155.846448  1  70.470707	
156.931520  1  70.484993	
158.052630  1  70.516637	
159.339652  1  70.535661	
160.594464  1  70.554340	
161.940782  1  70.590809	
163.149811  1  70.624002	
164.582573  1  70.645733	
165.764462  1  70.662624	
167.171276  1  70.683965	
168.307818  1  70.716553	
170.014990  1  70.758965	
171.138395  1  70.790748	
172.490089  1  70.808608	
173.545666  1  70.822233	
174.821492  1  70.856360	
175.841096  1  70.868991	
177.091468  1  70.887137	
178.087286  1  70.901210	
179.304613  1  70.935995	
180.269975  1  70.949054	
181.461794  1  70.966637	
182.399218  1  70.996116	
183.597679  1  71.013632	
184.516001  1  71.026006	
185.649719  1  71.059589	
186.537081  1  71.072014	
187.645670  1  71.105476	
188.508725  1  71.117021	
189.626734  1  71.132883	
190.477143  1  71.143755	
191.545991  1  71.175755	
192.374601  1  71.185130	
193.423644  1  71.217162	
194.232534  1  71.227852	
195.286475  1  71.242607	
196.082950  1  71.253040	
197.094025  1  71.285096	
197.865385  1  71.313083	
198.852520  1  71.344466	
199.605137  1  71.354540	
200.592978  1  71.368415	
201.334698  1  71.377202	
