   5.0000000e+01   9.7600000e+01   5.0000000e+01   9.8400000e+01   1.0000000e+00
   5.0000000e+01   9.8400000e+01   5.0000000e+01   9.9200000e+01   1.0000000e+00
   5.0000000e+01   9.9200000e+01   5.0000000e+01   1.0000000e+02   1.0000000e+00
   5.0000000e+01   1.0000000e+02   5.0000000e+01   1.0080000e+02   1.0000000e+00
   5.0000000e+01   1.0080000e+02   5.0000000e+01   1.0160000e+02   1.0000000e+00
   5.0000000e+01   1.0160000e+02   5.0000000e+01   1.0240000e+02   1.0000000e+00
   4.0603100e+01   7.6579800e+01   4.1354852e+01   7.6853416e+01  -1.0000000e+00
   4.1354852e+01   7.6853416e+01   4.2106604e+01   7.7127032e+01  -1.0000000e+00
   4.2106604e+01   7.7127032e+01   4.2858356e+01   7.7400648e+01  -1.0000000e+00
   4.2858356e+01   7.7400648e+01   4.3610108e+01   7.7674264e+01  -1.0000000e+00
   4.3610108e+01   7.7674264e+01   4.4361860e+01   7.7947880e+01  -1.0000000e+00
   4.4361860e+01   7.7947880e+01   4.5113612e+01   7.8221496e+01  -1.0000000e+00
   4.5113612e+01   7.8221496e+01   4.5865364e+01   7.8495112e+01  -1.0000000e+00
   4.5865364e+01   7.8495112e+01   4.6617116e+01   7.8768728e+01  -1.0000000e+00
   4.6617116e+01   7.8768728e+01   4.7368868e+01   7.9042344e+01  -1.0000000e+00
   4.7368868e+01   7.9042344e+01   4.8120620e+01   7.9315960e+01  -1.0000000e+00
   4.8120620e+01   7.9315960e+01   4.8872372e+01   7.9589576e+01  -1.0000000e+00
   4.8872372e+01   7.9589576e+01   4.9624124e+01   7.9863192e+01  -1.0000000e+00
   4.9624124e+01   7.9863192e+01   5.0375876e+01   8.0136808e+01  -1.0000000e+00
   5.0375876e+01   8.0136808e+01   5.1127628e+01   8.0410424e+01  -1.0000000e+00
   5.1127628e+01   8.0410424e+01   5.1879380e+01   8.0684040e+01  -1.0000000e+00
   5.1879380e+01   8.0684040e+01   5.2631132e+01   8.0957656e+01  -1.0000000e+00
   5.2631132e+01   8.0957656e+01   5.3382884e+01   8.1231272e+01  -1.0000000e+00
   5.3382884e+01   8.1231272e+01   5.4134636e+01   8.1504888e+01  -1.0000000e+00
   5.4134636e+01   8.1504888e+01   5.4886388e+01   8.1778504e+01  -1.0000000e+00
   5.4886388e+01   8.1778504e+01   5.5638140e+01   8.2052120e+01  -1.0000000e+00
   5.5638140e+01   8.2052120e+01   5.6389892e+01   8.2325736e+01  -1.0000000e+00
   5.6389892e+01   8.2325736e+01   5.7141644e+01   8.2599352e+01  -1.0000000e+00
   5.7141644e+01   8.2599352e+01   5.7893396e+01   8.2872968e+01  -1.0000000e+00
   5.7893396e+01   8.2872968e+01   5.8645148e+01   8.3146584e+01  -1.0000000e+00
   5.8645148e+01   8.3146584e+01   5.9396900e+01   8.3420200e+01  -1.0000000e+00
   4.0603100e+01   1.1657980e+02   4.1354852e+01   1.1685342e+02  -1.0000000e+00
   4.1354852e+01   1.1685342e+02   4.2106604e+01   1.1712703e+02  -1.0000000e+00
   4.2106604e+01   1.1712703e+02   4.2858356e+01   1.1740065e+02  -1.0000000e+00
   4.2858356e+01   1.1740065e+02   4.3610108e+01   1.1767426e+02  -1.0000000e+00
   4.3610108e+01   1.1767426e+02   4.4361860e+01   1.1794788e+02  -1.0000000e+00
   4.4361860e+01   1.1794788e+02   4.5113612e+01   1.1822150e+02  -1.0000000e+00
   4.5113612e+01   1.1822150e+02   4.5865364e+01   1.1849511e+02  -1.0000000e+00
   4.5865364e+01   1.1849511e+02   4.6617116e+01   1.1876873e+02  -1.0000000e+00
   4.6617116e+01   1.1876873e+02   4.7368868e+01   1.1904234e+02  -1.0000000e+00
   4.7368868e+01   1.1904234e+02   4.8120620e+01   1.1931596e+02  -1.0000000e+00
   4.8120620e+01   1.1931596e+02   4.8872372e+01   1.1958958e+02  -1.0000000e+00
   4.8872372e+01   1.1958958e+02   4.9624124e+01   1.1986319e+02  -1.0000000e+00
   4.9624124e+01   1.1986319e+02   5.0375876e+01   1.2013681e+02  -1.0000000e+00
   5.0375876e+01   1.2013681e+02   5.1127628e+01   1.2041042e+02  -1.0000000e+00
   5.1127628e+01   1.2041042e+02   5.1879380e+01   1.2068404e+02  -1.0000000e+00
   5.1879380e+01   1.2068404e+02   5.2631132e+01   1.2095766e+02  -1.0000000e+00
   5.2631132e+01   1.2095766e+02   5.3382884e+01   1.2123127e+02  -1.0000000e+00
   5.3382884e+01   1.2123127e+02   5.4134636e+01   1.2150489e+02  -1.0000000e+00
   5.4134636e+01   1.2150489e+02   5.4886388e+01   1.2177850e+02  -1.0000000e+00
   5.4886388e+01   1.2177850e+02   5.5638140e+01   1.2205212e+02  -1.0000000e+00
   5.5638140e+01   1.2205212e+02   5.6389892e+01   1.2232574e+02  -1.0000000e+00
   5.6389892e+01   1.2232574e+02   5.7141644e+01   1.2259935e+02  -1.0000000e+00
   5.7141644e+01   1.2259935e+02   5.7893396e+01   1.2287297e+02  -1.0000000e+00
   5.7893396e+01   1.2287297e+02   5.8645148e+01   1.2314658e+02  -1.0000000e+00
   5.8645148e+01   1.2314658e+02   5.9396900e+01   1.2342020e+02  -1.0000000e+00
   5.0000000e+01   9.6800000e+01   5.0000000e+01   9.7600000e+01   1.0000000e+00
   5.0000000e+01   1.0240000e+02   5.0000000e+01   1.0320000e+02   1.0000000e+00
   5.0000000e+01   9.6000000e+01   5.0000000e+01   9.6800000e+01   1.0000000e+00
   5.0000000e+01   1.0320000e+02   5.0000000e+01   1.0400000e+02   1.0000000e+00
   5.0000000e+01   9.5200000e+01   5.0000000e+01   9.6000000e+01   1.0000000e+00
   5.0000000e+01   1.0400000e+02   5.0000000e+01   1.0480000e+02   1.0000000e+00
   5.0000000e+01   9.4400000e+01   5.0000000e+01   9.5200000e+01   1.0000000e+00
   5.0000000e+01   1.0480000e+02   5.0000000e+01   1.0560000e+02   1.0000000e+00
   5.0000000e+01   9.3600000e+01   5.0000000e+01   9.4400000e+01   1.0000000e+00
   5.0000000e+01   1.0560000e+02   5.0000000e+01   1.0640000e+02   1.0000000e+00
   5.0000000e+01   9.2800000e+01   5.0000000e+01   9.3600000e+01   1.0000000e+00
   5.0000000e+01   1.0640000e+02   5.0000000e+01   1.0720000e+02   1.0000000e+00
   5.0000000e+01   9.2000000e+01   5.0000000e+01   9.2800000e+01   1.0000000e+00
   5.0000000e+01   1.0720000e+02   5.0000000e+01   1.0800000e+02   1.0000000e+00
   5.0000000e+01   9.1200000e+01   5.0000000e+01   9.2000000e+01   1.0000000e+00
   5.0000000e+01   1.0800000e+02   5.0000000e+01   1.0880000e+02   1.0000000e+00
   5.0000000e+01   9.0400000e+01   5.0000000e+01   9.1200000e+01   1.0000000e+00
   5.0000000e+01   1.0880000e+02   5.0000000e+01   1.0960000e+02   1.0000000e+00
   5.0000000e+01   8.9600000e+01   5.0000000e+01   9.0400000e+01   1.0000000e+00
   5.0000000e+01   1.0960000e+02   5.0000000e+01   1.1040000e+02   1.0000000e+00
   5.0000000e+01   8.8800000e+01   5.0000000e+01   8.9600000e+01   1.0000000e+00
   5.0000000e+01   1.1040000e+02   5.0000000e+01   1.1120000e+02   1.0000000e+00
   5.0000000e+01   8.8000000e+01   5.0000000e+01   8.8800000e+01   1.0000000e+00
   5.0000000e+01   1.1120000e+02   5.0000000e+01   1.1200000e+02   1.0000000e+00
   5.0000000e+01   8.7200000e+01   5.0000000e+01   8.8000000e+01   1.0000000e+00
   5.0000000e+01   1.1200000e+02   5.0000000e+01   1.1280000e+02   1.0000000e+00
   5.0000000e+01   8.6400000e+01   5.0000000e+01   8.7200000e+01   1.0000000e+00
   5.0000000e+01   1.1280000e+02   5.0000000e+01   1.1360000e+02   1.0000000e+00
