   8.5049180e-04
   8.6320340e-04
   8.7034056e-04
   8.7034056e-04
   8.6320340e-04
   8.5049180e-04
  -0.0000000e+00
  -0.0000000e+00
  -0.0000000e+00
  -0.0000000e+00
  -0.0000000e+00
  -0.0000000e+00
  -0.0000000e+00
  -0.0000000e+00
  -0.0000000e+00
  -0.0000000e+00
  -0.0000000e+00
  -0.0000000e+00
  -0.0000000e+00
  -0.0000000e+00
  -0.0000000e+00
  -0.0000000e+00
  -0.0000000e+00
  -0.0000000e+00
  -0.0000000e+00
  -0.0000000e+00
  -0.0000000e+00
  -0.0000000e+00
  -0.0000000e+00
  -0.0000000e+00
  -0.0000000e+00
  -0.0000000e+00
  -0.0000000e+00
  -0.0000000e+00
  -0.0000000e+00
  -0.0000000e+00
  -0.0000000e+00
  -0.0000000e+00
  -0.0000000e+00
  -0.0000000e+00
  -0.0000000e+00
  -0.0000000e+00
  -0.0000000e+00
  -0.0000000e+00
  -0.0000000e+00
  -0.0000000e+00
  -0.0000000e+00
  -0.0000000e+00
  -0.0000000e+00
  -0.0000000e+00
  -0.0000000e+00
  -0.0000000e+00
  -0.0000000e+00
  -0.0000000e+00
  -0.0000000e+00
  -0.0000000e+00
   8.3274638e-04
   8.3274638e-04
   8.1023995e-04
   8.1023995e-04
   7.8310189e-04
   7.8310189e-04
   7.5135955e-04
   7.5135955e-04
   7.1495241e-04
   7.1495241e-04
   6.7373214e-04
   6.7373214e-04
   6.2745148e-04
   6.2745148e-04
   5.7574008e-04
   5.7574008e-04
   5.1806125e-04
   5.1806125e-04
   4.5363584e-04
   4.5363584e-04
   3.8130424e-04
   3.8130424e-04
   2.9926417e-04
   2.9926417e-04
   2.0458370e-04
   2.0458370e-04
   9.3171241e-05
   9.3171241e-05
