   2.5601832e+01
   2.5620825e+01
   2.5639772e+01
   2.5639772e+01
   2.5620825e+01
   2.5601832e+01
   0.0000000e+00
   0.0000000e+00
   0.0000000e+00
   0.0000000e+00
   0.0000000e+00
   0.0000000e+00
   0.0000000e+00
   0.0000000e+00
   0.0000000e+00
   0.0000000e+00
   0.0000000e+00
   0.0000000e+00
   0.0000000e+00
   0.0000000e+00
   0.0000000e+00
   0.0000000e+00
   0.0000000e+00
   0.0000000e+00
   0.0000000e+00
   0.0000000e+00
   0.0000000e+00
   0.0000000e+00
   0.0000000e+00
   0.0000000e+00
   0.0000000e+00
   0.0000000e+00
   0.0000000e+00
   0.0000000e+00
   0.0000000e+00
   0.0000000e+00
   0.0000000e+00
   0.0000000e+00
   0.0000000e+00
   0.0000000e+00
   0.0000000e+00
   0.0000000e+00
   0.0000000e+00
   0.0000000e+00
   0.0000000e+00
   0.0000000e+00
   0.0000000e+00
   0.0000000e+00
   0.0000000e+00
   0.0000000e+00
   0.0000000e+00
   0.0000000e+00
   0.0000000e+00
   0.0000000e+00
   0.0000000e+00
   0.0000000e+00
   2.5582469e+01
   2.5582469e+01
   2.5562414e+01
   2.5562414e+01
   2.5541317e+01
   2.5541317e+01
   2.5518763e+01
   2.5518763e+01
   2.5494233e+01
   2.5494233e+01
   2.5467031e+01
   2.5467031e+01
   2.5436186e+01
   2.5436186e+01
   2.5400251e+01
   2.5400251e+01
   2.5356930e+01
   2.5356930e+01
   2.5302275e+01
   2.5302275e+01
   2.5228711e+01
   2.5228711e+01
   2.5119230e+01
   2.5119230e+01
   2.4924870e+01
   2.4924870e+01
   2.4430087e+01
   2.4430087e+01
