   5.0000000e+00   4.8500000e+00   5.0000000e+00   4.9000000e+00   1.0000000e+00
   5.0000000e+00   4.9000000e+00   5.0000000e+00   4.9500000e+00   1.0000000e+00
   5.0000000e+00   4.9500000e+00   5.0000000e+00   5.0000000e+00   1.0000000e+00
   5.0000000e+00   5.0000000e+00   5.0000000e+00   5.0500000e+00   1.0000000e+00
   5.0000000e+00   5.0500000e+00   5.0000000e+00   5.1000000e+00   1.0000000e+00
   5.0000000e+00   5.1000000e+00   5.0000000e+00   5.1500000e+00   1.0000000e+00
   4.0000000e+00   6.0000000e+00   4.0500000e+00   6.0000000e+00   2.0000000e+00
   4.0500000e+00   6.0000000e+00   4.1000000e+00   6.0000000e+00   2.0000000e+00
   4.1000000e+00   6.0000000e+00   4.1500000e+00   6.0000000e+00   2.0000000e+00
   4.1500000e+00   6.0000000e+00   4.2000000e+00   6.0000000e+00   2.0000000e+00
   4.2000000e+00   6.0000000e+00   4.2500000e+00   6.0000000e+00   2.0000000e+00
   4.2500000e+00   6.0000000e+00   4.3000000e+00   6.0000000e+00   2.0000000e+00
   4.3000000e+00   6.0000000e+00   4.3500000e+00   6.0000000e+00   2.0000000e+00
   4.3500000e+00   6.0000000e+00   4.4000000e+00   6.0000000e+00   2.0000000e+00
   4.4000000e+00   6.0000000e+00   4.4500000e+00   6.0000000e+00   2.0000000e+00
   4.4500000e+00   6.0000000e+00   4.5000000e+00   6.0000000e+00   2.0000000e+00
   4.5000000e+00   6.0000000e+00   4.5500000e+00   6.0000000e+00   2.0000000e+00
   4.5500000e+00   6.0000000e+00   4.6000000e+00   6.0000000e+00   2.0000000e+00
   4.6000000e+00   6.0000000e+00   4.6500000e+00   6.0000000e+00   2.0000000e+00
   4.6500000e+00   6.0000000e+00   4.7000000e+00   6.0000000e+00   2.0000000e+00
   4.7000000e+00   6.0000000e+00   4.7500000e+00   6.0000000e+00   2.0000000e+00
   4.7500000e+00   6.0000000e+00   4.8000000e+00   6.0000000e+00   2.0000000e+00
   4.8000000e+00   6.0000000e+00   4.8500000e+00   6.0000000e+00   2.0000000e+00
   4.8500000e+00   6.0000000e+00   4.9000000e+00   6.0000000e+00   2.0000000e+00
   4.9000000e+00   6.0000000e+00   4.9500000e+00   6.0000000e+00   2.0000000e+00
   4.9500000e+00   6.0000000e+00   4.9666667e+00   6.0000000e+00   2.0000000e+00
   5.0000000e+00   6.0000000e+00   5.0166667e+00   6.0000000e+00   2.0000000e+00
   5.0500000e+00   6.0000000e+00   5.1000000e+00   6.0000000e+00   2.0000000e+00
   5.1000000e+00   6.0000000e+00   5.1500000e+00   6.0000000e+00   2.0000000e+00
   5.1500000e+00   6.0000000e+00   5.2000000e+00   6.0000000e+00   2.0000000e+00
   5.2000000e+00   6.0000000e+00   5.2500000e+00   6.0000000e+00   2.0000000e+00
   5.2500000e+00   6.0000000e+00   5.3000000e+00   6.0000000e+00   2.0000000e+00
   5.3000000e+00   6.0000000e+00   5.3500000e+00   6.0000000e+00   2.0000000e+00
   5.3500000e+00   6.0000000e+00   5.4000000e+00   6.0000000e+00   2.0000000e+00
   5.4000000e+00   6.0000000e+00   5.4500000e+00   6.0000000e+00   2.0000000e+00
   5.4500000e+00   6.0000000e+00   5.5000000e+00   6.0000000e+00   2.0000000e+00
   5.5000000e+00   6.0000000e+00   5.5500000e+00   6.0000000e+00   2.0000000e+00
   5.5500000e+00   6.0000000e+00   5.6000000e+00   6.0000000e+00   2.0000000e+00
   5.6000000e+00   6.0000000e+00   5.6500000e+00   6.0000000e+00   2.0000000e+00
   5.6500000e+00   6.0000000e+00   5.7000000e+00   6.0000000e+00   2.0000000e+00
   5.7000000e+00   6.0000000e+00   5.7500000e+00   6.0000000e+00   2.0000000e+00
   5.7500000e+00   6.0000000e+00   5.8000000e+00   6.0000000e+00   2.0000000e+00
   5.8000000e+00   6.0000000e+00   5.8500000e+00   6.0000000e+00   2.0000000e+00
   5.8500000e+00   6.0000000e+00   5.9000000e+00   6.0000000e+00   2.0000000e+00
   5.9000000e+00   6.0000000e+00   5.9500000e+00   6.0000000e+00   2.0000000e+00
   5.9500000e+00   6.0000000e+00   6.0000000e+00   6.0000000e+00   2.0000000e+00
   4.0000000e+00   4.0000000e+00   4.0500000e+00   4.0000000e+00   2.0000000e+00
   4.0500000e+00   4.0000000e+00   4.1000000e+00   4.0000000e+00   2.0000000e+00
   4.1000000e+00   4.0000000e+00   4.1500000e+00   4.0000000e+00   2.0000000e+00
   4.1500000e+00   4.0000000e+00   4.2000000e+00   4.0000000e+00   2.0000000e+00
   4.2000000e+00   4.0000000e+00   4.2500000e+00   4.0000000e+00   2.0000000e+00
   4.2500000e+00   4.0000000e+00   4.3000000e+00   4.0000000e+00   2.0000000e+00
   4.3000000e+00   4.0000000e+00   4.3500000e+00   4.0000000e+00   2.0000000e+00
   4.3500000e+00   4.0000000e+00   4.4000000e+00   4.0000000e+00   2.0000000e+00
   4.4000000e+00   4.0000000e+00   4.4500000e+00   4.0000000e+00   2.0000000e+00
   4.4500000e+00   4.0000000e+00   4.5000000e+00   4.0000000e+00   2.0000000e+00
   4.5000000e+00   4.0000000e+00   4.5500000e+00   4.0000000e+00   2.0000000e+00
   4.5500000e+00   4.0000000e+00   4.6000000e+00   4.0000000e+00   2.0000000e+00
   4.6000000e+00   4.0000000e+00   4.6500000e+00   4.0000000e+00   2.0000000e+00
   4.6500000e+00   4.0000000e+00   4.7000000e+00   4.0000000e+00   2.0000000e+00
   4.7000000e+00   4.0000000e+00   4.7500000e+00   4.0000000e+00   2.0000000e+00
   4.7500000e+00   4.0000000e+00   4.8000000e+00   4.0000000e+00   2.0000000e+00
   4.8000000e+00   4.0000000e+00   4.8500000e+00   4.0000000e+00   2.0000000e+00
   4.8500000e+00   4.0000000e+00   4.9000000e+00   4.0000000e+00   2.0000000e+00
   4.9000000e+00   4.0000000e+00   4.9500000e+00   4.0000000e+00   2.0000000e+00
   4.9500000e+00   4.0000000e+00   4.9666667e+00   4.0000000e+00   2.0000000e+00
   5.0000000e+00   4.0000000e+00   5.0166667e+00   4.0000000e+00   2.0000000e+00
   5.0500000e+00   4.0000000e+00   5.1000000e+00   4.0000000e+00   2.0000000e+00
   5.1000000e+00   4.0000000e+00   5.1500000e+00   4.0000000e+00   2.0000000e+00
   5.1500000e+00   4.0000000e+00   5.2000000e+00   4.0000000e+00   2.0000000e+00
   5.2000000e+00   4.0000000e+00   5.2500000e+00   4.0000000e+00   2.0000000e+00
   5.2500000e+00   4.0000000e+00   5.3000000e+00   4.0000000e+00   2.0000000e+00
   5.3000000e+00   4.0000000e+00   5.3500000e+00   4.0000000e+00   2.0000000e+00
   5.3500000e+00   4.0000000e+00   5.4000000e+00   4.0000000e+00   2.0000000e+00
   5.4000000e+00   4.0000000e+00   5.4500000e+00   4.0000000e+00   2.0000000e+00
   5.4500000e+00   4.0000000e+00   5.5000000e+00   4.0000000e+00   2.0000000e+00
   5.5000000e+00   4.0000000e+00   5.5500000e+00   4.0000000e+00   2.0000000e+00
   5.5500000e+00   4.0000000e+00   5.6000000e+00   4.0000000e+00   2.0000000e+00
   5.6000000e+00   4.0000000e+00   5.6500000e+00   4.0000000e+00   2.0000000e+00
   5.6500000e+00   4.0000000e+00   5.7000000e+00   4.0000000e+00   2.0000000e+00
   5.7000000e+00   4.0000000e+00   5.7500000e+00   4.0000000e+00   2.0000000e+00
   5.7500000e+00   4.0000000e+00   5.8000000e+00   4.0000000e+00   2.0000000e+00
   5.8000000e+00   4.0000000e+00   5.8500000e+00   4.0000000e+00   2.0000000e+00
   5.8500000e+00   4.0000000e+00   5.9000000e+00   4.0000000e+00   2.0000000e+00
   5.9000000e+00   4.0000000e+00   5.9500000e+00   4.0000000e+00   2.0000000e+00
   5.9500000e+00   4.0000000e+00   6.0000000e+00   4.0000000e+00   2.0000000e+00
   5.0000000e+00   4.8000000e+00   5.0000000e+00   4.8500000e+00   1.0000000e+00
   5.0000000e+00   5.1500000e+00   5.0000000e+00   5.2000000e+00   1.0000000e+00
   5.0000000e+00   4.7500000e+00   5.0000000e+00   4.8000000e+00   1.0000000e+00
   5.0000000e+00   5.2000000e+00   5.0000000e+00   5.2500000e+00   1.0000000e+00
   5.0000000e+00   4.7000000e+00   5.0000000e+00   4.7500000e+00   1.0000000e+00
   5.0000000e+00   5.2500000e+00   5.0000000e+00   5.3000000e+00   1.0000000e+00
   5.0000000e+00   4.6500000e+00   5.0000000e+00   4.7000000e+00   1.0000000e+00
   5.0000000e+00   5.3000000e+00   5.0000000e+00   5.3500000e+00   1.0000000e+00
   5.0000000e+00   4.6000000e+00   5.0000000e+00   4.6500000e+00   1.0000000e+00
   5.0000000e+00   5.3500000e+00   5.0000000e+00   5.4000000e+00   1.0000000e+00
   5.0000000e+00   4.5500000e+00   5.0000000e+00   4.6000000e+00   1.0000000e+00
   5.0000000e+00   5.4000000e+00   5.0000000e+00   5.4500000e+00   1.0000000e+00
   5.0000000e+00   4.5000000e+00   5.0000000e+00   4.5500000e+00   1.0000000e+00
   5.0000000e+00   5.4500000e+00   5.0000000e+00   5.5000000e+00   1.0000000e+00
   5.0000000e+00   4.4500000e+00   5.0000000e+00   4.5000000e+00   1.0000000e+00
   5.0000000e+00   5.5000000e+00   5.0000000e+00   5.5500000e+00   1.0000000e+00
   5.0000000e+00   4.4000000e+00   5.0000000e+00   4.4500000e+00   1.0000000e+00
   5.0000000e+00   5.5500000e+00   5.0000000e+00   5.6000000e+00   1.0000000e+00
   5.0000000e+00   4.3500000e+00   5.0000000e+00   4.4000000e+00   1.0000000e+00
   5.0000000e+00   5.6000000e+00   5.0000000e+00   5.6500000e+00   1.0000000e+00
   5.0000000e+00   4.3000000e+00   5.0000000e+00   4.3500000e+00   1.0000000e+00
   5.0000000e+00   5.6500000e+00   5.0000000e+00   5.7000000e+00   1.0000000e+00
   5.0000000e+00   4.2500000e+00   5.0000000e+00   4.3000000e+00   1.0000000e+00
   5.0000000e+00   5.7000000e+00   5.0000000e+00   5.7500000e+00   1.0000000e+00
   5.0000000e+00   4.2000000e+00   5.0000000e+00   4.2500000e+00   1.0000000e+00
   5.0000000e+00   5.7500000e+00   5.0000000e+00   5.8000000e+00   1.0000000e+00
   5.0000000e+00   4.1500000e+00   5.0000000e+00   4.2000000e+00   1.0000000e+00
   5.0000000e+00   5.8000000e+00   5.0000000e+00   5.8500000e+00   1.0000000e+00
   5.0000000e+00   4.1000000e+00   5.0000000e+00   4.1500000e+00   1.0000000e+00
   5.0000000e+00   5.8500000e+00   5.0000000e+00   5.9000000e+00   1.0000000e+00
   5.0000000e+00   4.0500000e+00   5.0000000e+00   4.1000000e+00   1.0000000e+00
   5.0000000e+00   4.0333333e+00   5.0000000e+00   4.0500000e+00   1.0000000e+00
   5.0000000e+00   4.0166667e+00   5.0000000e+00   4.0333333e+00   1.0000000e+00
   5.0000000e+00   4.0000000e+00   5.0000000e+00   4.0166667e+00   1.0000000e+00
   4.9666667e+00   4.0000000e+00   4.9833333e+00   4.0000000e+00   2.0000000e+00
   4.9833333e+00   4.0000000e+00   5.0000000e+00   4.0000000e+00   2.0000000e+00
   5.0166667e+00   4.0000000e+00   5.0333333e+00   4.0000000e+00   2.0000000e+00
   5.0333333e+00   4.0000000e+00   5.0500000e+00   4.0000000e+00   2.0000000e+00
   5.0000000e+00   5.9000000e+00   5.0000000e+00   5.9500000e+00   1.0000000e+00
   5.0000000e+00   5.9500000e+00   5.0000000e+00   5.9666667e+00   1.0000000e+00
   5.0000000e+00   5.9666667e+00   5.0000000e+00   5.9833333e+00   1.0000000e+00
   5.0000000e+00   5.9833333e+00   5.0000000e+00   6.0000000e+00   1.0000000e+00
   4.9666667e+00   6.0000000e+00   4.9833333e+00   6.0000000e+00   2.0000000e+00
   4.9833333e+00   6.0000000e+00   5.0000000e+00   6.0000000e+00   2.0000000e+00
   5.0166667e+00   6.0000000e+00   5.0333333e+00   6.0000000e+00   2.0000000e+00
   5.0333333e+00   6.0000000e+00   5.0500000e+00   6.0000000e+00   2.0000000e+00
