   9.5817571e-01
   9.5817571e-01
   1.3161859e+00
   1.3161859e+00
   1.0253507e+00
   1.0253507e+00
   1.3732422e+00
   1.3732422e+00
   1.3538461e+00
   1.3538461e+00
   1.1503162e+00
   1.1503162e+00
   1.1386289e+00
   1.1386289e+00
   1.2955526e+00
   1.2955526e+00
   1.0204725e+00
   1.0204725e+00
   1.4019420e+00
   1.4019420e+00
   1.5181724e+00
   1.5181724e+00
   1.5111937e+00
   1.5111937e+00
   1.4312191e+00
   1.4312191e+00
   1.3019564e+00
   1.3019564e+00
   1.1368687e+00
   1.1368687e+00
   9.4548526e-01
   9.4548526e-01
   1.0064453e+00
   1.0064453e+00
   1.6384776e+00
   1.6384776e+00
   1.1768354e+00
   1.1768354e+00
   9.2515791e-01
   9.2515791e-01
   1.4082927e+00
   1.4082927e+00
   9.3813509e-01
   9.3813509e-01
   1.3252955e+00
   1.3252955e+00
   1.5239455e+00
   1.5239455e+00
   9.4019181e-01
   9.4019181e-01
   1.2423580e+00
   1.2423580e+00
   1.3733538e+00
   1.3733538e+00
   1.4469381e+00
   1.4469381e+00
   1.4870830e+00
   1.4870830e+00
   1.5048962e+00
   1.5048962e+00
   1.5068552e+00
   1.5068552e+00
   3.3775838e+00
   1.1911287e+00
   2.2861618e+00
   1.6639223e+00
   9.0807545e-01
   1.0594040e+00
   1.0723691e+00
   1.0413966e+00
   9.4922815e-01
   1.0765427e+00
   9.2377508e-01
   1.0922680e+00
   9.2943880e-01
   1.0726219e+00
   1.4390544e+00
   1.2689869e+00
   0.0000000e+00
