   5.0000000e+00
   5.0000000e+00
   5.0000000e+00
   5.0000000e+00
   5.0000000e+00
   5.0000000e+00
   5.0000000e+00
   5.0000000e+00
   5.0000000e+00
   5.0000000e+00
   5.0000000e+00
   5.0000000e+00
   5.0000000e+00
   5.0000000e+00
   5.0000000e+00
   5.0000000e+00
   5.0000000e+00
   5.0000000e+00
   5.0000000e+00
   5.0000000e+00
   5.0000000e+00
   5.0000000e+00
   5.0000000e+00
   5.0000000e+00
   5.0000000e+00
   5.0000000e+00
   5.0000000e+00
   5.0000000e+00
   5.0000000e+00
   5.0000000e+00
   5.0000000e+00
   5.0000000e+00
   5.0000000e+00
   5.0000000e+00
   5.0000000e+00
   5.0000000e+00
   5.0000000e+00
   5.0000000e+00
   5.0000000e+00
   5.0000000e+00
   5.0000000e+00
   5.0000000e+00
   5.0000000e+00
   5.0000000e+00
   4.9916667e+00
   4.9750000e+00
   4.9583333e+00
   4.9250000e+00
   4.8750000e+00
   5.0083333e+00
   5.0250000e+00
   5.0416667e+00
   5.0750000e+00
   5.1250000e+00
   4.9916667e+00
   4.9750000e+00
   4.9583333e+00
   4.9250000e+00
   4.8750000e+00
   5.0083333e+00
   5.0250000e+00
   5.0416667e+00
   5.0750000e+00
   5.1250000e+00
   4.8250000e+00
   4.7750000e+00
   4.7250000e+00
   4.6750000e+00
   4.6250000e+00
   5.1750000e+00
   5.2250000e+00
   5.2750000e+00
   5.3250000e+00
   5.3750000e+00
   4.8250000e+00
   4.7750000e+00
   4.7250000e+00
   4.6750000e+00
   4.6250000e+00
   5.1750000e+00
   5.2250000e+00
   5.2750000e+00
   5.3250000e+00
   5.3750000e+00
   4.5750000e+00
   4.5250000e+00
   4.4750000e+00
   4.4250000e+00
   4.3750000e+00
   5.4250000e+00
   5.4750000e+00
   5.5250000e+00
   5.5750000e+00
   5.6250000e+00
   4.5750000e+00
   4.5250000e+00
   4.4750000e+00
   4.4250000e+00
   4.3750000e+00
   5.4250000e+00
   5.4750000e+00
   5.5250000e+00
   5.5750000e+00
   5.6250000e+00
   4.3250000e+00
   4.2750000e+00
   4.2250000e+00
   4.1750000e+00
   4.1250000e+00
   5.6750000e+00
   5.7250000e+00
   5.7750000e+00
   5.8250000e+00
   5.8750000e+00
   4.3250000e+00
   4.2750000e+00
   4.2250000e+00
   4.1750000e+00
   4.1250000e+00
   5.6750000e+00
   5.7250000e+00
   5.7750000e+00
   5.8250000e+00
   5.8750000e+00
   4.0750000e+00
   4.0250000e+00
   5.9250000e+00
   5.9750000e+00
   4.0750000e+00
   4.0250000e+00
   5.9250000e+00
   5.9750000e+00
