   1.0000000e+00   3.0000000e+00  -1.4487582e+01
   1.0000000e+00   2.0000000e+00  -6.8618688e-05
   2.0000000e+00   1.0000000e+00   6.8618688e-05
   2.0000000e+00   4.0000000e+00  -1.4487718e+01
   3.0000000e+00   5.0000000e+00  -1.4399954e+01
   3.0000000e+00   1.0000000e+00   1.4487582e+01
   4.0000000e+00   2.0000000e+00   1.4487718e+01
   4.0000000e+00   6.0000000e+00  -1.4400085e+01
   5.0000000e+00   7.0000000e+00  -1.4311821e+01
   5.0000000e+00   3.0000000e+00   1.4399954e+01
   6.0000000e+00   4.0000000e+00   1.4400085e+01
   6.0000000e+00   8.0000000e+00  -1.4311944e+01
   7.0000000e+00   9.0000000e+00  -1.4222970e+01
   7.0000000e+00   5.0000000e+00   1.4311821e+01
   8.0000000e+00   6.0000000e+00   1.4311944e+01
   8.0000000e+00   1.0000000e+01  -1.4223082e+01
   9.0000000e+00   1.1000000e+01  -1.4133200e+01
   9.0000000e+00   7.0000000e+00   1.4222970e+01
   1.0000000e+01   8.0000000e+00   1.4223082e+01
   1.0000000e+01   1.2000000e+01  -1.4133298e+01
   1.1000000e+01   1.3000000e+01  -1.4042316e+01
   1.1000000e+01   9.0000000e+00   1.4133200e+01
   1.2000000e+01   1.0000000e+01   1.4133298e+01
   1.2000000e+01   1.4000000e+01  -1.4042397e+01
   1.3000000e+01   1.5000000e+01  -1.3950129e+01
   1.3000000e+01   1.1000000e+01   1.4042316e+01
   1.4000000e+01   1.2000000e+01   1.4042397e+01
   1.4000000e+01   1.6000000e+01  -1.3950190e+01
   1.5000000e+01   1.7000000e+01  -1.3856454e+01
   1.5000000e+01   1.3000000e+01   1.3950129e+01
   1.6000000e+01   1.4000000e+01   1.3950190e+01
   1.6000000e+01   1.8000000e+01  -1.3856493e+01
   1.7000000e+01   1.9000000e+01  -1.3761109e+01
   1.7000000e+01   1.5000000e+01   1.3856454e+01
   1.8000000e+01   1.6000000e+01   1.3856493e+01
   1.8000000e+01   2.0000000e+01  -1.3761123e+01
   1.9000000e+01   2.1000000e+01  -1.3663915e+01
   1.9000000e+01   1.7000000e+01   1.3761109e+01
   2.0000000e+01   1.8000000e+01   1.3761123e+01
   2.0000000e+01   2.2000000e+01  -1.3663902e+01
   2.1000000e+01   2.3000000e+01  -1.3564693e+01
   2.1000000e+01   1.9000000e+01   1.3663915e+01
   2.2000000e+01   2.0000000e+01   1.3663902e+01
   2.2000000e+01   2.4000000e+01  -1.3564653e+01
   2.3000000e+01   2.5000000e+01  -1.3463268e+01
   2.3000000e+01   2.1000000e+01   1.3564693e+01
   2.4000000e+01   2.2000000e+01   1.3564653e+01
   2.4000000e+01   2.6000000e+01  -1.3463198e+01
   2.5000000e+01   2.7000000e+01  -1.3359464e+01
   2.5000000e+01   2.3000000e+01   1.3463268e+01
   2.6000000e+01   2.4000000e+01   1.3463198e+01
   2.6000000e+01   2.8000000e+01  -1.3359363e+01
   2.7000000e+01   2.9000000e+01  -1.3253105e+01
   2.7000000e+01   2.5000000e+01   1.3359464e+01
   2.8000000e+01   2.6000000e+01   1.3359363e+01
   2.8000000e+01   3.0000000e+01  -1.3252973e+01
   2.9000000e+01   3.1000000e+01  -1.3144016e+01
   2.9000000e+01   2.7000000e+01   1.3253105e+01
   3.0000000e+01   2.8000000e+01   1.3252973e+01
   3.0000000e+01   3.2000000e+01  -1.3143853e+01
   3.1000000e+01   3.3000000e+01  -1.3032023e+01
   3.1000000e+01   2.9000000e+01   1.3144016e+01
   3.2000000e+01   3.0000000e+01   1.3143853e+01
   3.2000000e+01   3.4000000e+01  -1.3031828e+01
   3.3000000e+01   3.5000000e+01  -1.2916948e+01
   3.3000000e+01   3.1000000e+01   1.3032023e+01
   3.4000000e+01   3.2000000e+01   1.3031828e+01
   3.4000000e+01   3.6000000e+01  -1.2916724e+01
   3.5000000e+01   3.7000000e+01  -1.2798616e+01
   3.5000000e+01   3.3000000e+01   1.2916948e+01
   3.6000000e+01   3.4000000e+01   1.2916724e+01
   3.6000000e+01   3.8000000e+01  -1.2798362e+01
   3.7000000e+01   3.9000000e+01  -1.2676847e+01
   3.7000000e+01   3.5000000e+01   1.2798616e+01
   3.8000000e+01   3.6000000e+01   1.2798362e+01
   3.8000000e+01   4.0000000e+01  -1.2676568e+01
   3.9000000e+01   4.1000000e+01  -1.2551464e+01
   3.9000000e+01   3.7000000e+01   1.2676847e+01
   4.0000000e+01   3.8000000e+01   1.2676568e+01
   4.0000000e+01   4.2000000e+01  -1.2551160e+01
   4.1000000e+01   4.3000000e+01  -1.2422283e+01
   4.1000000e+01   3.9000000e+01   1.2551464e+01
   4.2000000e+01   4.0000000e+01   1.2551160e+01
   4.2000000e+01   4.4000000e+01  -1.2421959e+01
   4.3000000e+01   4.5000000e+01  -1.2289120e+01
   4.3000000e+01   4.1000000e+01   1.2422283e+01
   4.4000000e+01   4.2000000e+01   1.2421959e+01
   4.4000000e+01   4.6000000e+01  -1.2288781e+01
   4.5000000e+01   4.7000000e+01  -1.2151788e+01
   4.5000000e+01   4.3000000e+01   1.2289120e+01
   4.6000000e+01   4.4000000e+01   1.2288781e+01
   4.6000000e+01   4.8000000e+01  -1.2151438e+01
   4.7000000e+01   4.9000000e+01  -1.2010095e+01
   4.7000000e+01   4.5000000e+01   1.2151788e+01
   4.8000000e+01   4.6000000e+01   1.2151438e+01
   4.8000000e+01   5.0000000e+01  -1.2009740e+01
   4.9000000e+01   5.1000000e+01  -1.1863844e+01
   4.9000000e+01   4.7000000e+01   1.2010095e+01
   5.0000000e+01   4.8000000e+01   1.2009740e+01
   5.0000000e+01   5.2000000e+01  -1.1863491e+01
   5.1000000e+01   5.3000000e+01  -1.1712832e+01
   5.1000000e+01   4.9000000e+01   1.1863844e+01
   5.2000000e+01   5.0000000e+01   1.1863491e+01
   5.2000000e+01   5.4000000e+01  -1.1712489e+01
   5.3000000e+01   5.5000000e+01  -1.1556846e+01
   5.3000000e+01   5.1000000e+01   1.1712832e+01
   5.4000000e+01   5.2000000e+01   1.1712489e+01
   5.4000000e+01   5.6000000e+01  -1.1556521e+01
   5.5000000e+01   5.7000000e+01  -1.1395666e+01
   5.5000000e+01   5.3000000e+01   1.1556846e+01
   5.6000000e+01   5.4000000e+01   1.1556521e+01
   5.6000000e+01   5.8000000e+01  -1.1395369e+01
   5.7000000e+01   5.9000000e+01  -1.1229057e+01
   5.7000000e+01   5.5000000e+01   1.1395666e+01
   5.8000000e+01   5.6000000e+01   1.1395369e+01
   5.8000000e+01   6.0000000e+01  -1.1228799e+01
   5.9000000e+01   6.1000000e+01  -1.1056767e+01
   5.9000000e+01   5.7000000e+01   1.1229057e+01
   6.0000000e+01   5.8000000e+01   1.1228799e+01
   6.0000000e+01   6.2000000e+01  -1.1056558e+01
   6.1000000e+01   6.3000000e+01  -1.0878524e+01
   6.1000000e+01   5.9000000e+01   1.1056767e+01
   6.2000000e+01   6.0000000e+01   1.1056558e+01
   6.2000000e+01   6.4000000e+01  -1.0878377e+01
   6.3000000e+01   6.5000000e+01  -1.0694027e+01
   6.3000000e+01   6.1000000e+01   1.0878524e+01
   6.4000000e+01   6.2000000e+01   1.0878377e+01
   6.4000000e+01   6.6000000e+01  -1.0693956e+01
   6.5000000e+01   6.7000000e+01  -1.0502941e+01
   6.5000000e+01   6.3000000e+01   1.0694027e+01
   6.6000000e+01   6.4000000e+01   1.0693956e+01
   6.6000000e+01   6.8000000e+01  -1.0502957e+01
   6.7000000e+01   6.9000000e+01  -1.0304881e+01
   6.7000000e+01   6.5000000e+01   1.0502941e+01
   6.8000000e+01   6.6000000e+01   1.0502957e+01
   6.8000000e+01   7.0000000e+01  -1.0304998e+01
   6.9000000e+01   7.1000000e+01  -1.0099401e+01
   6.9000000e+01   6.7000000e+01   1.0304881e+01
   7.0000000e+01   6.8000000e+01   1.0304998e+01
   7.0000000e+01   7.2000000e+01  -1.0099633e+01
   7.1000000e+01   7.3000000e+01  -9.8859738e+00
   7.1000000e+01   6.9000000e+01   1.0099401e+01
   7.2000000e+01   7.0000000e+01   1.0099633e+01
   7.2000000e+01   7.4000000e+01  -9.8863333e+00
   7.3000000e+01   7.5000000e+01  -9.6639666e+00
   7.3000000e+01   7.1000000e+01   9.8859738e+00
   7.4000000e+01   7.2000000e+01   9.8863333e+00
   7.4000000e+01   7.6000000e+01  -9.6644645e+00
   7.5000000e+01   7.7000000e+01  -9.4326266e+00
   7.5000000e+01   7.3000000e+01   9.6639666e+00
   7.6000000e+01   7.4000000e+01   9.6644645e+00
   7.6000000e+01   8.0000000e+01  -9.4332717e+00
   7.7000000e+01   7.8000000e+01  -9.1911161e+00
   7.7000000e+01   7.5000000e+01   9.4326266e+00
   7.8000000e+01   7.9000000e+01  -9.0662738e+00
   7.8000000e+01   7.7000000e+01   9.1911161e+00
   7.9000000e+01   9.0000000e+01  -1.1998799e+00
   7.9000000e+01   7.8000000e+01   9.0662738e+00
   7.9000000e+01   9.3000000e+01  -1.1998799e+00
   7.9000000e+01   9.6000000e+01  -6.5387681e+00
   8.0000000e+01   7.6000000e+01   9.4332717e+00
   8.0000000e+01   8.1000000e+01  -9.1919135e+00
   8.1000000e+01   8.0000000e+01   9.1919135e+00
   8.1000000e+01   8.2000000e+01  -9.0671474e+00
   8.2000000e+01   8.1000000e+01   9.0671474e+00
   8.2000000e+01   8.3000000e+01  -1.1999926e+00
   8.2000000e+01   8.6000000e+01  -1.1999926e+00
   8.2000000e+01   8.9000000e+01  -6.5394915e+00
   8.3000000e+01   8.4000000e+01  -1.7334283e-02
   8.3000000e+01   8.6000000e+01   0.0000000e+00
   8.3000000e+01   8.2000000e+01   1.1999926e+00
   8.3000000e+01   8.9000000e+01  -1.1826679e+00
   8.4000000e+01   8.5000000e+01  -1.7260290e-02
   8.4000000e+01   8.3000000e+01   1.7334283e-02
   8.5000000e+01   9.7000000e+01  -1.6884898e-02
   8.5000000e+01   8.4000000e+01   1.7260290e-02
   8.6000000e+01   8.3000000e+01   0.0000000e+00
   8.6000000e+01   8.7000000e+01  -1.7334283e-02
   8.6000000e+01   8.2000000e+01   1.1999926e+00
   8.6000000e+01   8.9000000e+01  -1.1826679e+00
   8.7000000e+01   8.6000000e+01   1.7334283e-02
   8.7000000e+01   8.8000000e+01  -1.7260290e-02
   8.8000000e+01   8.7000000e+01   1.7260290e-02
   8.8000000e+01   1.0400000e+02  -1.6884898e-02
   8.9000000e+01   8.2000000e+01   6.5394915e+00
   8.9000000e+01   1.2500000e+02  -4.3177554e+00
   8.9000000e+01   8.3000000e+01   1.1826679e+00
   8.9000000e+01   8.6000000e+01   1.1826679e+00
   8.9000000e+01   1.2500000e+02  -4.3177554e+00
   9.0000000e+01   9.1000000e+01  -1.7360869e-02
   9.0000000e+01   9.3000000e+01   0.0000000e+00
   9.0000000e+01   7.9000000e+01   1.1998799e+00
   9.0000000e+01   9.6000000e+01  -1.1825286e+00
   9.1000000e+01   9.2000000e+01  -1.7286482e-02
   9.1000000e+01   9.0000000e+01   1.7360869e-02
   9.2000000e+01   1.1100000e+02  -1.6909162e-02
   9.2000000e+01   9.1000000e+01   1.7286482e-02
   9.3000000e+01   9.0000000e+01   0.0000000e+00
   9.3000000e+01   9.4000000e+01  -1.7360869e-02
   9.3000000e+01   7.9000000e+01   1.1998799e+00
   9.3000000e+01   9.6000000e+01  -1.1825286e+00
   9.4000000e+01   9.3000000e+01   1.7360869e-02
   9.4000000e+01   9.5000000e+01  -1.7286482e-02
   9.5000000e+01   9.4000000e+01   1.7286482e-02
   9.5000000e+01   1.1800000e+02  -1.6909162e-02
   9.6000000e+01   1.2600000e+02  -4.3171827e+00
   9.6000000e+01   7.9000000e+01   6.5387681e+00
   9.6000000e+01   9.0000000e+01   1.1825286e+00
   9.6000000e+01   9.3000000e+01   1.1825286e+00
   9.6000000e+01   1.2600000e+02  -4.3171827e+00
   9.7000000e+01   9.8000000e+01  -1.6186205e-02
   9.7000000e+01   8.5000000e+01   1.6884898e-02
   9.8000000e+01   9.9000000e+01  -1.5162450e-02
   9.8000000e+01   9.7000000e+01   1.6186205e-02
   9.9000000e+01   1.0000000e+02  -1.3839063e-02
   9.9000000e+01   9.8000000e+01   1.5162450e-02
   1.0000000e+02   1.0100000e+02  -1.2273450e-02
   1.0000000e+02   9.9000000e+01   1.3839063e-02
   1.0100000e+02   1.0200000e+02  -1.0552288e-02
   1.0100000e+02   1.0000000e+02   1.2273450e-02
   1.0200000e+02   1.0300000e+02  -8.7807354e-03
   1.0200000e+02   1.0100000e+02   1.0552288e-02
   1.0300000e+02   1.3100000e+02  -7.0651590e-03
   1.0300000e+02   1.0200000e+02   8.7807354e-03
   1.0400000e+02   8.8000000e+01   1.6884898e-02
   1.0400000e+02   1.0500000e+02  -1.6186205e-02
   1.0500000e+02   1.0400000e+02   1.6186205e-02
   1.0500000e+02   1.0600000e+02  -1.5162450e-02
   1.0600000e+02   1.0500000e+02   1.5162450e-02
   1.0600000e+02   1.0700000e+02  -1.3839063e-02
   1.0700000e+02   1.0600000e+02   1.3839063e-02
   1.0700000e+02   1.0800000e+02  -1.2273450e-02
   1.0800000e+02   1.0700000e+02   1.2273450e-02
   1.0800000e+02   1.0900000e+02  -1.0552288e-02
   1.0900000e+02   1.0800000e+02   1.0552288e-02
   1.0900000e+02   1.1000000e+02  -8.7807354e-03
   1.1000000e+02   1.0900000e+02   8.7807354e-03
   1.1000000e+02   1.3800000e+02  -7.0651590e-03
   1.1100000e+02   1.1200000e+02  -1.6207013e-02
   1.1100000e+02   9.2000000e+01   1.6909162e-02
   1.1200000e+02   1.1300000e+02  -1.5178401e-02
   1.1200000e+02   1.1100000e+02   1.6207013e-02
   1.1300000e+02   1.1400000e+02  -1.3849102e-02
   1.1300000e+02   1.1200000e+02   1.5178401e-02
   1.1400000e+02   1.1500000e+02  -1.2277084e-02
   1.1400000e+02   1.1300000e+02   1.3849102e-02
   1.1500000e+02   1.1600000e+02  -1.0549753e-02
   1.1500000e+02   1.1400000e+02   1.2277084e-02
   1.1600000e+02   1.1700000e+02  -8.7730155e-03
   1.1600000e+02   1.1500000e+02   1.0549753e-02
   1.1700000e+02   1.4500000e+02  -7.0538150e-03
   1.1700000e+02   1.1600000e+02   8.7730155e-03
   1.1800000e+02   9.5000000e+01   1.6909162e-02
   1.1800000e+02   1.1900000e+02  -1.6207013e-02
   1.1900000e+02   1.1800000e+02   1.6207013e-02
   1.1900000e+02   1.2000000e+02  -1.5178401e-02
   1.2000000e+02   1.1900000e+02   1.5178401e-02
   1.2000000e+02   1.2100000e+02  -1.3849102e-02
   1.2100000e+02   1.2000000e+02   1.3849102e-02
   1.2100000e+02   1.2200000e+02  -1.2277084e-02
   1.2200000e+02   1.2100000e+02   1.2277084e-02
   1.2200000e+02   1.2300000e+02  -1.0549753e-02
   1.2300000e+02   1.2200000e+02   1.0549753e-02
   1.2300000e+02   1.2400000e+02  -8.7730155e-03
   1.2400000e+02   1.2300000e+02   8.7730155e-03
   1.2400000e+02   1.5200000e+02  -7.0538150e-03
   1.2500000e+02   8.9000000e+01   4.3177554e+00
   1.2500000e+02   1.2700000e+02  -4.0328818e+00
   1.2600000e+02   1.2800000e+02  -4.0321847e+00
   1.2600000e+02   9.6000000e+01   4.3171827e+00
   1.2700000e+02   1.2500000e+02   4.0328818e+00
   1.2700000e+02   1.2900000e+02  -3.7284965e+00
   1.2800000e+02   1.3000000e+02  -3.7277086e+00
   1.2800000e+02   1.2600000e+02   4.0321847e+00
   1.2900000e+02   1.2700000e+02   3.7284965e+00
   1.2900000e+02   1.5900000e+02  -3.3997810e+00
   1.3000000e+02   1.6000000e+02  -3.3989544e+00
   1.3000000e+02   1.2800000e+02   3.7277086e+00
   1.3100000e+02   1.3200000e+02  -5.4939047e-03
   1.3100000e+02   1.0300000e+02   7.0651590e-03
   1.3200000e+02   1.3300000e+02  -4.1229769e-03
   1.3200000e+02   1.3100000e+02   5.4939047e-03
   1.3300000e+02   1.3400000e+02  -2.9714949e-03
   1.3300000e+02   1.3200000e+02   4.1229769e-03
   1.3400000e+02   1.3500000e+02  -2.0262994e-03
   1.3400000e+02   1.3300000e+02   2.9714949e-03
   1.3500000e+02   1.3600000e+02  -1.2510221e-03
   1.3500000e+02   1.3400000e+02   2.0262994e-03
   1.3600000e+02   1.3700000e+02  -5.9501819e-04
   1.3600000e+02   1.3500000e+02   1.2510221e-03
   1.3700000e+02   1.3600000e+02   5.9501819e-04
   1.3800000e+02   1.1000000e+02   7.0651590e-03
   1.3800000e+02   1.3900000e+02  -5.4939047e-03
   1.3900000e+02   1.3800000e+02   5.4939047e-03
   1.3900000e+02   1.4000000e+02  -4.1229769e-03
   1.4000000e+02   1.3900000e+02   4.1229769e-03
   1.4000000e+02   1.4100000e+02  -2.9714949e-03
   1.4100000e+02   1.4000000e+02   2.9714949e-03
   1.4100000e+02   1.4200000e+02  -2.0262994e-03
   1.4200000e+02   1.4100000e+02   2.0262994e-03
   1.4200000e+02   1.4300000e+02  -1.2510221e-03
   1.4300000e+02   1.4200000e+02   1.2510221e-03
   1.4300000e+02   1.4400000e+02  -5.9501819e-04
   1.4400000e+02   1.4300000e+02   5.9501819e-04
   1.4500000e+02   1.4600000e+02  -5.4807535e-03
   1.4500000e+02   1.1700000e+02   7.0538150e-03
   1.4600000e+02   1.4700000e+02  -4.1097436e-03
   1.4600000e+02   1.4500000e+02   5.4807535e-03
   1.4700000e+02   1.4800000e+02  -2.9595753e-03
   1.4700000e+02   1.4600000e+02   4.1097436e-03
   1.4800000e+02   1.4900000e+02  -2.0166827e-03
   1.4800000e+02   1.4700000e+02   2.9595753e-03
   1.4900000e+02   1.5000000e+02  -1.2443312e-03
   1.4900000e+02   1.4800000e+02   2.0166827e-03
   1.5000000e+02   1.5100000e+02  -5.9159810e-04
   1.5000000e+02   1.4900000e+02   1.2443312e-03
   1.5100000e+02   1.5000000e+02   5.9159810e-04
   1.5200000e+02   1.2400000e+02   7.0538150e-03
   1.5200000e+02   1.5300000e+02  -5.4807535e-03
   1.5300000e+02   1.5200000e+02   5.4807535e-03
   1.5300000e+02   1.5400000e+02  -4.1097436e-03
   1.5400000e+02   1.5300000e+02   4.1097436e-03
   1.5400000e+02   1.5500000e+02  -2.9595753e-03
   1.5500000e+02   1.5400000e+02   2.9595753e-03
   1.5500000e+02   1.5600000e+02  -2.0166827e-03
   1.5600000e+02   1.5500000e+02   2.0166827e-03
   1.5600000e+02   1.5700000e+02  -1.2443312e-03
   1.5700000e+02   1.5600000e+02   1.2443312e-03
   1.5700000e+02   1.5800000e+02  -5.9159810e-04
   1.5800000e+02   1.5700000e+02   5.9159810e-04
   1.5900000e+02   1.2900000e+02   3.3997810e+00
   1.5900000e+02   1.6100000e+02  -3.0395910e+00
   1.6000000e+02   1.6200000e+02  -3.0388012e+00
   1.6000000e+02   1.3000000e+02   3.3989544e+00
   1.6100000e+02   1.5900000e+02   3.0395910e+00
   1.6100000e+02   1.6300000e+02  -2.6367816e+00
   1.6200000e+02   1.6400000e+02  -2.6361314e+00
   1.6200000e+02   1.6000000e+02   3.0388012e+00
   1.6300000e+02   1.6100000e+02   2.6367816e+00
   1.6300000e+02   1.6500000e+02  -2.1731707e+00
   1.6400000e+02   1.6600000e+02  -2.1727889e+00
   1.6400000e+02   1.6200000e+02   2.6361314e+00
   1.6500000e+02   1.6300000e+02   2.1731707e+00
   1.6500000e+02   1.6700000e+02  -1.6176300e+00
   1.6600000e+02   1.6800000e+02  -1.6176444e+00
   1.6600000e+02   1.6400000e+02   2.1727889e+00
   1.6700000e+02   1.6500000e+02   1.6176300e+00
   1.6700000e+02   1.6900000e+02  -9.1548549e-01
   1.6800000e+02   1.7000000e+02  -9.1588607e-01
   1.6800000e+02   1.6600000e+02   1.6176444e+00
   1.6900000e+02   1.6700000e+02   9.1548549e-01
   1.7000000e+02   1.6800000e+02   9.1588607e-01
   0.0000000e+00   0.0000000e+00   0.0000000e+00
   0.0000000e+00   0.0000000e+00   0.0000000e+00
   0.0000000e+00   0.0000000e+00   0.0000000e+00
   0.0000000e+00   0.0000000e+00   0.0000000e+00
   0.0000000e+00   0.0000000e+00   0.0000000e+00
   0.0000000e+00   0.0000000e+00   0.0000000e+00
   0.0000000e+00   0.0000000e+00   0.0000000e+00
   0.0000000e+00   0.0000000e+00   0.0000000e+00
   0.0000000e+00   0.0000000e+00   0.0000000e+00
   0.0000000e+00   0.0000000e+00   0.0000000e+00
   0.0000000e+00   0.0000000e+00   0.0000000e+00
   0.0000000e+00   0.0000000e+00   0.0000000e+00
   0.0000000e+00   0.0000000e+00   0.0000000e+00
   0.0000000e+00   0.0000000e+00   0.0000000e+00
   0.0000000e+00   0.0000000e+00   0.0000000e+00
   0.0000000e+00   0.0000000e+00   0.0000000e+00
   0.0000000e+00   0.0000000e+00   0.0000000e+00
   0.0000000e+00   0.0000000e+00   0.0000000e+00
   0.0000000e+00   0.0000000e+00   0.0000000e+00
   0.0000000e+00   0.0000000e+00   0.0000000e+00
   0.0000000e+00   0.0000000e+00   0.0000000e+00
   0.0000000e+00   0.0000000e+00   0.0000000e+00
   0.0000000e+00   0.0000000e+00   0.0000000e+00
   0.0000000e+00   0.0000000e+00   0.0000000e+00
   0.0000000e+00   0.0000000e+00   0.0000000e+00
   0.0000000e+00   0.0000000e+00   0.0000000e+00
   0.0000000e+00   0.0000000e+00   0.0000000e+00
   0.0000000e+00   0.0000000e+00   0.0000000e+00
   0.0000000e+00   0.0000000e+00   0.0000000e+00
   0.0000000e+00   0.0000000e+00   0.0000000e+00
   0.0000000e+00   0.0000000e+00   0.0000000e+00
   0.0000000e+00   0.0000000e+00   0.0000000e+00
   0.0000000e+00   0.0000000e+00   0.0000000e+00
   0.0000000e+00   0.0000000e+00   0.0000000e+00
   0.0000000e+00   0.0000000e+00   0.0000000e+00
   0.0000000e+00   0.0000000e+00   0.0000000e+00
   0.0000000e+00   0.0000000e+00   0.0000000e+00
   0.0000000e+00   0.0000000e+00   0.0000000e+00
   0.0000000e+00   0.0000000e+00   0.0000000e+00
   0.0000000e+00   0.0000000e+00   0.0000000e+00
   0.0000000e+00   0.0000000e+00   0.0000000e+00
   0.0000000e+00   0.0000000e+00   0.0000000e+00
   0.0000000e+00   0.0000000e+00   0.0000000e+00
   0.0000000e+00   0.0000000e+00   0.0000000e+00
   0.0000000e+00   0.0000000e+00   0.0000000e+00
   0.0000000e+00   0.0000000e+00   0.0000000e+00
   0.0000000e+00   0.0000000e+00   0.0000000e+00
   0.0000000e+00   0.0000000e+00   0.0000000e+00
   0.0000000e+00   0.0000000e+00   0.0000000e+00
   0.0000000e+00   0.0000000e+00   0.0000000e+00
   0.0000000e+00   0.0000000e+00   0.0000000e+00
   0.0000000e+00   0.0000000e+00   0.0000000e+00
   0.0000000e+00   0.0000000e+00   0.0000000e+00
   0.0000000e+00   0.0000000e+00   0.0000000e+00
   0.0000000e+00   0.0000000e+00   0.0000000e+00
   0.0000000e+00   0.0000000e+00   0.0000000e+00
   0.0000000e+00   0.0000000e+00   0.0000000e+00
   0.0000000e+00   0.0000000e+00   0.0000000e+00
   0.0000000e+00   0.0000000e+00   0.0000000e+00
   0.0000000e+00   0.0000000e+00   0.0000000e+00
   0.0000000e+00   0.0000000e+00   0.0000000e+00
   0.0000000e+00   0.0000000e+00   0.0000000e+00
   0.0000000e+00   0.0000000e+00   0.0000000e+00
   0.0000000e+00   0.0000000e+00   0.0000000e+00
   0.0000000e+00   0.0000000e+00   0.0000000e+00
   0.0000000e+00   0.0000000e+00   0.0000000e+00
   0.0000000e+00   0.0000000e+00   0.0000000e+00
   0.0000000e+00   0.0000000e+00   0.0000000e+00
   0.0000000e+00   0.0000000e+00   0.0000000e+00
   0.0000000e+00   0.0000000e+00   0.0000000e+00
   0.0000000e+00   0.0000000e+00   0.0000000e+00
   0.0000000e+00   0.0000000e+00   0.0000000e+00
   0.0000000e+00   0.0000000e+00   0.0000000e+00
   0.0000000e+00   0.0000000e+00   0.0000000e+00
   0.0000000e+00   0.0000000e+00   0.0000000e+00
   0.0000000e+00   0.0000000e+00   0.0000000e+00
   0.0000000e+00   0.0000000e+00   0.0000000e+00
   0.0000000e+00   0.0000000e+00   0.0000000e+00
   0.0000000e+00   0.0000000e+00   0.0000000e+00
   0.0000000e+00   0.0000000e+00   0.0000000e+00
   0.0000000e+00   0.0000000e+00   0.0000000e+00
   0.0000000e+00   0.0000000e+00   0.0000000e+00
   0.0000000e+00   0.0000000e+00   0.0000000e+00
   0.0000000e+00   0.0000000e+00   0.0000000e+00
   0.0000000e+00   0.0000000e+00   0.0000000e+00
   0.0000000e+00   0.0000000e+00   0.0000000e+00
   0.0000000e+00   0.0000000e+00   0.0000000e+00
   0.0000000e+00   0.0000000e+00   0.0000000e+00
   0.0000000e+00   0.0000000e+00   0.0000000e+00
   0.0000000e+00   0.0000000e+00   0.0000000e+00
   0.0000000e+00   0.0000000e+00   0.0000000e+00
   0.0000000e+00   0.0000000e+00   0.0000000e+00
   0.0000000e+00   0.0000000e+00   0.0000000e+00
   0.0000000e+00   0.0000000e+00   0.0000000e+00
   0.0000000e+00   0.0000000e+00   0.0000000e+00
   0.0000000e+00   0.0000000e+00   0.0000000e+00
   0.0000000e+00   0.0000000e+00   0.0000000e+00
   0.0000000e+00   0.0000000e+00   0.0000000e+00
   0.0000000e+00   0.0000000e+00   0.0000000e+00
   0.0000000e+00   0.0000000e+00   0.0000000e+00
   0.0000000e+00   0.0000000e+00   0.0000000e+00
   0.0000000e+00   0.0000000e+00   0.0000000e+00
   0.0000000e+00   0.0000000e+00   0.0000000e+00
   0.0000000e+00   0.0000000e+00   0.0000000e+00
   0.0000000e+00   0.0000000e+00   0.0000000e+00
   0.0000000e+00   0.0000000e+00   0.0000000e+00
   0.0000000e+00   0.0000000e+00   0.0000000e+00
   0.0000000e+00   0.0000000e+00   0.0000000e+00
   0.0000000e+00   0.0000000e+00   0.0000000e+00
   0.0000000e+00   0.0000000e+00   0.0000000e+00
   0.0000000e+00   0.0000000e+00   0.0000000e+00
   0.0000000e+00   0.0000000e+00   0.0000000e+00
   0.0000000e+00   0.0000000e+00   0.0000000e+00
   0.0000000e+00   0.0000000e+00   0.0000000e+00
   0.0000000e+00   0.0000000e+00   0.0000000e+00
   0.0000000e+00   0.0000000e+00   0.0000000e+00
   0.0000000e+00   0.0000000e+00   0.0000000e+00
   0.0000000e+00   0.0000000e+00   0.0000000e+00
   0.0000000e+00   0.0000000e+00   0.0000000e+00
   0.0000000e+00   0.0000000e+00   0.0000000e+00
   0.0000000e+00   0.0000000e+00   0.0000000e+00
   0.0000000e+00   0.0000000e+00   0.0000000e+00
   0.0000000e+00   0.0000000e+00   0.0000000e+00
   0.0000000e+00   0.0000000e+00   0.0000000e+00
   0.0000000e+00   0.0000000e+00   0.0000000e+00
   0.0000000e+00   0.0000000e+00   0.0000000e+00
   0.0000000e+00   0.0000000e+00   0.0000000e+00
   0.0000000e+00   0.0000000e+00   0.0000000e+00
   0.0000000e+00   0.0000000e+00   0.0000000e+00
   0.0000000e+00   0.0000000e+00   0.0000000e+00
   0.0000000e+00   0.0000000e+00   0.0000000e+00
   0.0000000e+00   0.0000000e+00   0.0000000e+00
   0.0000000e+00   0.0000000e+00   0.0000000e+00
   0.0000000e+00   0.0000000e+00   0.0000000e+00
   0.0000000e+00   0.0000000e+00   0.0000000e+00
   0.0000000e+00   0.0000000e+00   0.0000000e+00
   0.0000000e+00   0.0000000e+00   0.0000000e+00
   0.0000000e+00   0.0000000e+00   0.0000000e+00
   0.0000000e+00   0.0000000e+00   0.0000000e+00
   0.0000000e+00   0.0000000e+00   0.0000000e+00
   0.0000000e+00   0.0000000e+00   0.0000000e+00
   0.0000000e+00   0.0000000e+00   0.0000000e+00
   0.0000000e+00   0.0000000e+00   0.0000000e+00
   0.0000000e+00   0.0000000e+00   0.0000000e+00
   0.0000000e+00   0.0000000e+00   0.0000000e+00
   0.0000000e+00   0.0000000e+00   0.0000000e+00
   0.0000000e+00   0.0000000e+00   0.0000000e+00
   0.0000000e+00   0.0000000e+00   0.0000000e+00
   0.0000000e+00   0.0000000e+00   0.0000000e+00
   0.0000000e+00   0.0000000e+00   0.0000000e+00
   0.0000000e+00   0.0000000e+00   0.0000000e+00
   0.0000000e+00   0.0000000e+00   0.0000000e+00
   0.0000000e+00   0.0000000e+00   0.0000000e+00
   0.0000000e+00   0.0000000e+00   0.0000000e+00
   0.0000000e+00   0.0000000e+00   0.0000000e+00
   0.0000000e+00   0.0000000e+00   0.0000000e+00
   0.0000000e+00   0.0000000e+00   0.0000000e+00
   0.0000000e+00   0.0000000e+00   0.0000000e+00
   0.0000000e+00   0.0000000e+00   0.0000000e+00
   0.0000000e+00   0.0000000e+00   0.0000000e+00
   0.0000000e+00   0.0000000e+00   0.0000000e+00
   0.0000000e+00   0.0000000e+00   0.0000000e+00
   0.0000000e+00   0.0000000e+00   0.0000000e+00
   0.0000000e+00   0.0000000e+00   0.0000000e+00
   0.0000000e+00   0.0000000e+00   0.0000000e+00
   0.0000000e+00   0.0000000e+00   0.0000000e+00
   0.0000000e+00   0.0000000e+00   0.0000000e+00
   0.0000000e+00   0.0000000e+00   0.0000000e+00
   0.0000000e+00   0.0000000e+00   0.0000000e+00
   0.0000000e+00   0.0000000e+00   0.0000000e+00
   0.0000000e+00   0.0000000e+00   0.0000000e+00
   0.0000000e+00   0.0000000e+00   0.0000000e+00
   0.0000000e+00   0.0000000e+00   0.0000000e+00
   0.0000000e+00   0.0000000e+00   0.0000000e+00
   0.0000000e+00   0.0000000e+00   0.0000000e+00
   0.0000000e+00   0.0000000e+00   0.0000000e+00
   0.0000000e+00   0.0000000e+00   0.0000000e+00
   0.0000000e+00   0.0000000e+00   0.0000000e+00
   0.0000000e+00   0.0000000e+00   0.0000000e+00
   0.0000000e+00   0.0000000e+00   0.0000000e+00
   0.0000000e+00   0.0000000e+00   0.0000000e+00
   0.0000000e+00   0.0000000e+00   0.0000000e+00
   0.0000000e+00   0.0000000e+00   0.0000000e+00
   0.0000000e+00   0.0000000e+00   0.0000000e+00
   0.0000000e+00   0.0000000e+00   0.0000000e+00
   0.0000000e+00   0.0000000e+00   0.0000000e+00
   0.0000000e+00   0.0000000e+00   0.0000000e+00
   0.0000000e+00   0.0000000e+00   0.0000000e+00
   0.0000000e+00   0.0000000e+00   0.0000000e+00
   0.0000000e+00   0.0000000e+00   0.0000000e+00
   0.0000000e+00   0.0000000e+00   0.0000000e+00
   0.0000000e+00   0.0000000e+00   0.0000000e+00
   0.0000000e+00   0.0000000e+00   0.0000000e+00
   0.0000000e+00   0.0000000e+00   0.0000000e+00
   0.0000000e+00   0.0000000e+00   0.0000000e+00
   0.0000000e+00   0.0000000e+00   0.0000000e+00
   0.0000000e+00   0.0000000e+00   0.0000000e+00
   0.0000000e+00   0.0000000e+00   0.0000000e+00
   0.0000000e+00   0.0000000e+00   0.0000000e+00
   0.0000000e+00   0.0000000e+00   0.0000000e+00
   0.0000000e+00   0.0000000e+00   0.0000000e+00
   0.0000000e+00   0.0000000e+00   0.0000000e+00
   0.0000000e+00   0.0000000e+00   0.0000000e+00
   0.0000000e+00   0.0000000e+00   0.0000000e+00
   0.0000000e+00   0.0000000e+00   0.0000000e+00
   0.0000000e+00   0.0000000e+00   0.0000000e+00
   0.0000000e+00   0.0000000e+00   0.0000000e+00
   0.0000000e+00   0.0000000e+00   0.0000000e+00
   0.0000000e+00   0.0000000e+00   0.0000000e+00
   0.0000000e+00   0.0000000e+00   0.0000000e+00
   0.0000000e+00   0.0000000e+00   0.0000000e+00
   0.0000000e+00   0.0000000e+00   0.0000000e+00
   0.0000000e+00   0.0000000e+00   0.0000000e+00
   0.0000000e+00   0.0000000e+00   0.0000000e+00
   0.0000000e+00   0.0000000e+00   0.0000000e+00
   0.0000000e+00   0.0000000e+00   0.0000000e+00
   0.0000000e+00   0.0000000e+00   0.0000000e+00
   0.0000000e+00   0.0000000e+00   0.0000000e+00
   0.0000000e+00   0.0000000e+00   0.0000000e+00
   0.0000000e+00   0.0000000e+00   0.0000000e+00
   0.0000000e+00   0.0000000e+00   0.0000000e+00
   0.0000000e+00   0.0000000e+00   0.0000000e+00
   0.0000000e+00   0.0000000e+00   0.0000000e+00
   0.0000000e+00   0.0000000e+00   0.0000000e+00
   0.0000000e+00   0.0000000e+00   0.0000000e+00
   0.0000000e+00   0.0000000e+00   0.0000000e+00
   0.0000000e+00   0.0000000e+00   0.0000000e+00
   0.0000000e+00   0.0000000e+00   0.0000000e+00
   0.0000000e+00   0.0000000e+00   0.0000000e+00
   0.0000000e+00   0.0000000e+00   0.0000000e+00
   0.0000000e+00   0.0000000e+00   0.0000000e+00
   0.0000000e+00   0.0000000e+00   0.0000000e+00
   0.0000000e+00   0.0000000e+00   0.0000000e+00
   0.0000000e+00   0.0000000e+00   0.0000000e+00
   0.0000000e+00   0.0000000e+00   0.0000000e+00
   0.0000000e+00   0.0000000e+00   0.0000000e+00
   0.0000000e+00   0.0000000e+00   0.0000000e+00
   0.0000000e+00   0.0000000e+00   0.0000000e+00
   0.0000000e+00   0.0000000e+00   0.0000000e+00
   0.0000000e+00   0.0000000e+00   0.0000000e+00
   0.0000000e+00   0.0000000e+00   0.0000000e+00
   0.0000000e+00   0.0000000e+00   0.0000000e+00
   0.0000000e+00   0.0000000e+00   0.0000000e+00
   0.0000000e+00   0.0000000e+00   0.0000000e+00
   0.0000000e+00   0.0000000e+00   0.0000000e+00
   0.0000000e+00   0.0000000e+00   0.0000000e+00
   0.0000000e+00   0.0000000e+00   0.0000000e+00
   0.0000000e+00   0.0000000e+00   0.0000000e+00
   0.0000000e+00   0.0000000e+00   0.0000000e+00
   0.0000000e+00   0.0000000e+00   0.0000000e+00
   0.0000000e+00   0.0000000e+00   0.0000000e+00
   0.0000000e+00   0.0000000e+00   0.0000000e+00
   0.0000000e+00   0.0000000e+00   0.0000000e+00
   0.0000000e+00   0.0000000e+00   0.0000000e+00
   0.0000000e+00   0.0000000e+00   0.0000000e+00
   0.0000000e+00   0.0000000e+00   0.0000000e+00
   0.0000000e+00   0.0000000e+00   0.0000000e+00
   0.0000000e+00   0.0000000e+00   0.0000000e+00
   0.0000000e+00   0.0000000e+00   0.0000000e+00
   0.0000000e+00   0.0000000e+00   0.0000000e+00
   0.0000000e+00   0.0000000e+00   0.0000000e+00
   0.0000000e+00   0.0000000e+00   0.0000000e+00
   0.0000000e+00   0.0000000e+00   0.0000000e+00
   0.0000000e+00   0.0000000e+00   0.0000000e+00
   0.0000000e+00   0.0000000e+00   0.0000000e+00
   0.0000000e+00   0.0000000e+00   0.0000000e+00
   0.0000000e+00   0.0000000e+00   0.0000000e+00
   0.0000000e+00   0.0000000e+00   0.0000000e+00
   0.0000000e+00   0.0000000e+00   0.0000000e+00
   0.0000000e+00   0.0000000e+00   0.0000000e+00
   0.0000000e+00   0.0000000e+00   0.0000000e+00
   0.0000000e+00   0.0000000e+00   0.0000000e+00
   0.0000000e+00   0.0000000e+00   0.0000000e+00
   0.0000000e+00   0.0000000e+00   0.0000000e+00
   0.0000000e+00   0.0000000e+00   0.0000000e+00
   0.0000000e+00   0.0000000e+00   0.0000000e+00
   0.0000000e+00   0.0000000e+00   0.0000000e+00
   0.0000000e+00   0.0000000e+00   0.0000000e+00
   0.0000000e+00   0.0000000e+00   0.0000000e+00
   0.0000000e+00   0.0000000e+00   0.0000000e+00
   0.0000000e+00   0.0000000e+00   0.0000000e+00
   0.0000000e+00   0.0000000e+00   0.0000000e+00
   0.0000000e+00   0.0000000e+00   0.0000000e+00
   0.0000000e+00   0.0000000e+00   0.0000000e+00
   0.0000000e+00   0.0000000e+00   0.0000000e+00
   0.0000000e+00   0.0000000e+00   0.0000000e+00
   0.0000000e+00   0.0000000e+00   0.0000000e+00
   0.0000000e+00   0.0000000e+00   0.0000000e+00
   0.0000000e+00   0.0000000e+00   0.0000000e+00
   0.0000000e+00   0.0000000e+00   0.0000000e+00
   0.0000000e+00   0.0000000e+00   0.0000000e+00
   0.0000000e+00   0.0000000e+00   0.0000000e+00
   0.0000000e+00   0.0000000e+00   0.0000000e+00
   0.0000000e+00   0.0000000e+00   0.0000000e+00
   0.0000000e+00   0.0000000e+00   0.0000000e+00
   0.0000000e+00   0.0000000e+00   0.0000000e+00
   0.0000000e+00   0.0000000e+00   0.0000000e+00
   0.0000000e+00   0.0000000e+00   0.0000000e+00
   0.0000000e+00   0.0000000e+00   0.0000000e+00
   0.0000000e+00   0.0000000e+00   0.0000000e+00
   0.0000000e+00   0.0000000e+00   0.0000000e+00
   0.0000000e+00   0.0000000e+00   0.0000000e+00
   0.0000000e+00   0.0000000e+00   0.0000000e+00
   0.0000000e+00   0.0000000e+00   0.0000000e+00
   0.0000000e+00   0.0000000e+00   0.0000000e+00
   0.0000000e+00   0.0000000e+00   0.0000000e+00
   0.0000000e+00   0.0000000e+00   0.0000000e+00
   0.0000000e+00   0.0000000e+00   0.0000000e+00
   0.0000000e+00   0.0000000e+00   0.0000000e+00
   0.0000000e+00   0.0000000e+00   0.0000000e+00
   0.0000000e+00   0.0000000e+00   0.0000000e+00
   0.0000000e+00   0.0000000e+00   0.0000000e+00
   0.0000000e+00   0.0000000e+00   0.0000000e+00
   0.0000000e+00   0.0000000e+00   0.0000000e+00
   0.0000000e+00   0.0000000e+00   0.0000000e+00
   0.0000000e+00   0.0000000e+00   0.0000000e+00
   0.0000000e+00   0.0000000e+00   0.0000000e+00
   0.0000000e+00   0.0000000e+00   0.0000000e+00
   0.0000000e+00   0.0000000e+00   0.0000000e+00
   0.0000000e+00   0.0000000e+00   0.0000000e+00
   0.0000000e+00   0.0000000e+00   0.0000000e+00
   0.0000000e+00   0.0000000e+00   0.0000000e+00
   0.0000000e+00   0.0000000e+00   0.0000000e+00
   0.0000000e+00   0.0000000e+00   0.0000000e+00
   0.0000000e+00   0.0000000e+00   0.0000000e+00
   0.0000000e+00   0.0000000e+00   0.0000000e+00
   0.0000000e+00   0.0000000e+00   0.0000000e+00
   0.0000000e+00   0.0000000e+00   0.0000000e+00
