   1.0000000e+00   3.0000000e+00  -1.4472765e+01
   1.0000000e+00   2.0000000e+00  -1.3303508e-03
   2.0000000e+00   1.0000000e+00   1.3303508e-03
   2.0000000e+00   4.0000000e+00  -1.4475422e+01
   3.0000000e+00   5.0000000e+00  -1.4371612e+01
   3.0000000e+00   1.0000000e+00   1.4472765e+01
   4.0000000e+00   2.0000000e+00   1.4475422e+01
   4.0000000e+00   6.0000000e+00  -1.4374260e+01
   5.0000000e+00   7.0000000e+00  -1.4270028e+01
   5.0000000e+00   3.0000000e+00   1.4371612e+01
   6.0000000e+00   4.0000000e+00   1.4374260e+01
   6.0000000e+00   8.0000000e+00  -1.4272660e+01
   7.0000000e+00   9.0000000e+00  -1.4167844e+01
   7.0000000e+00   5.0000000e+00   1.4270028e+01
   8.0000000e+00   6.0000000e+00   1.4272660e+01
   8.0000000e+00   1.0000000e+01  -1.4170455e+01
   9.0000000e+00   1.1000000e+01  -1.4064905e+01
   9.0000000e+00   7.0000000e+00   1.4167844e+01
   1.0000000e+01   8.0000000e+00   1.4170455e+01
   1.0000000e+01   1.2000000e+01  -1.4067488e+01
   1.1000000e+01   1.3000000e+01  -1.3961061e+01
   1.1000000e+01   9.0000000e+00   1.4064905e+01
   1.2000000e+01   1.0000000e+01   1.4067488e+01
   1.2000000e+01   1.4000000e+01  -1.3963610e+01
   1.3000000e+01   1.5000000e+01  -1.3856170e+01
   1.3000000e+01   1.1000000e+01   1.3961061e+01
   1.4000000e+01   1.2000000e+01   1.3963610e+01
   1.4000000e+01   1.6000000e+01  -1.3858679e+01
   1.5000000e+01   1.7000000e+01  -1.3750091e+01
   1.5000000e+01   1.3000000e+01   1.3856170e+01
   1.6000000e+01   1.4000000e+01   1.3858679e+01
   1.6000000e+01   1.8000000e+01  -1.3752554e+01
   1.7000000e+01   1.9000000e+01  -1.3642683e+01
   1.7000000e+01   1.5000000e+01   1.3750091e+01
   1.8000000e+01   1.6000000e+01   1.3752554e+01
   1.8000000e+01   2.0000000e+01  -1.3645094e+01
   1.9000000e+01   2.1000000e+01  -1.3533805e+01
   1.9000000e+01   1.7000000e+01   1.3642683e+01
   2.0000000e+01   1.8000000e+01   1.3645094e+01
   2.0000000e+01   2.2000000e+01  -1.3536159e+01
   2.1000000e+01   2.3000000e+01  -1.3423313e+01
   2.1000000e+01   1.9000000e+01   1.3533805e+01
   2.2000000e+01   2.0000000e+01   1.3536159e+01
   2.2000000e+01   2.4000000e+01  -1.3425605e+01
   2.3000000e+01   2.5000000e+01  -1.3311061e+01
   2.3000000e+01   2.1000000e+01   1.3423313e+01
   2.4000000e+01   2.2000000e+01   1.3425605e+01
   2.4000000e+01   2.6000000e+01  -1.3313284e+01
   2.5000000e+01   2.7000000e+01  -1.3196896e+01
   2.5000000e+01   2.3000000e+01   1.3311061e+01
   2.6000000e+01   2.4000000e+01   1.3313284e+01
   2.6000000e+01   2.8000000e+01  -1.3199045e+01
   2.7000000e+01   2.9000000e+01  -1.3080656e+01
   2.7000000e+01   2.5000000e+01   1.3196896e+01
   2.8000000e+01   2.6000000e+01   1.3199045e+01
   2.8000000e+01   3.0000000e+01  -1.3082726e+01
   2.9000000e+01   3.1000000e+01  -1.2962173e+01
   2.9000000e+01   2.7000000e+01   1.3080656e+01
   3.0000000e+01   2.8000000e+01   1.3082726e+01
   3.0000000e+01   3.2000000e+01  -1.2964158e+01
   3.1000000e+01   3.3000000e+01  -1.2841265e+01
   3.1000000e+01   2.9000000e+01   1.2962173e+01
   3.2000000e+01   3.0000000e+01   1.2964158e+01
   3.2000000e+01   3.4000000e+01  -1.2843162e+01
   3.3000000e+01   3.5000000e+01  -1.2717740e+01
   3.3000000e+01   3.1000000e+01   1.2841265e+01
   3.4000000e+01   3.2000000e+01   1.2843162e+01
   3.4000000e+01   3.6000000e+01  -1.2719541e+01
   3.5000000e+01   3.7000000e+01  -1.2591385e+01
   3.5000000e+01   3.3000000e+01   1.2717740e+01
   3.6000000e+01   3.4000000e+01   1.2719541e+01
   3.6000000e+01   3.8000000e+01  -1.2593086e+01
   3.7000000e+01   3.9000000e+01  -1.2461971e+01
   3.7000000e+01   3.5000000e+01   1.2591385e+01
   3.8000000e+01   3.6000000e+01   1.2593086e+01
   3.8000000e+01   4.0000000e+01  -1.2463567e+01
   3.9000000e+01   4.1000000e+01  -1.2329247e+01
   3.9000000e+01   3.7000000e+01   1.2461971e+01
   4.0000000e+01   3.8000000e+01   1.2463567e+01
   4.0000000e+01   4.2000000e+01  -1.2330731e+01
   4.1000000e+01   4.3000000e+01  -1.2192932e+01
   4.1000000e+01   3.9000000e+01   1.2329247e+01
   4.2000000e+01   4.0000000e+01   1.2330731e+01
   4.2000000e+01   4.4000000e+01  -1.2194298e+01
   4.3000000e+01   4.5000000e+01  -1.2052716e+01
   4.3000000e+01   4.1000000e+01   1.2192932e+01
   4.4000000e+01   4.2000000e+01   1.2194298e+01
   4.4000000e+01   4.6000000e+01  -1.2053958e+01
   4.5000000e+01   4.7000000e+01  -1.1908253e+01
   4.5000000e+01   4.3000000e+01   1.2052716e+01
   4.6000000e+01   4.4000000e+01   1.2053958e+01
   4.6000000e+01   4.8000000e+01  -1.1909363e+01
   4.7000000e+01   4.9000000e+01  -1.1759154e+01
   4.7000000e+01   4.5000000e+01   1.1908253e+01
   4.8000000e+01   4.6000000e+01   1.1909363e+01
   4.8000000e+01   5.0000000e+01  -1.1760124e+01
   4.9000000e+01   5.1000000e+01  -1.1604978e+01
   4.9000000e+01   4.7000000e+01   1.1759154e+01
   5.0000000e+01   4.8000000e+01   1.1760124e+01
   5.0000000e+01   5.2000000e+01  -1.1605800e+01
   5.1000000e+01   5.3000000e+01  -1.1445229e+01
   5.1000000e+01   4.9000000e+01   1.1604978e+01
   5.2000000e+01   5.0000000e+01   1.1605800e+01
   5.2000000e+01   5.4000000e+01  -1.1445893e+01
   5.3000000e+01   5.5000000e+01  -1.1279343e+01
   5.3000000e+01   5.1000000e+01   1.1445229e+01
   5.4000000e+01   5.2000000e+01   1.1445893e+01
   5.4000000e+01   5.6000000e+01  -1.1279838e+01
   5.5000000e+01   5.7000000e+01  -1.1106678e+01
   5.5000000e+01   5.3000000e+01   1.1279343e+01
   5.6000000e+01   5.4000000e+01   1.1279838e+01
   5.6000000e+01   5.8000000e+01  -1.1106991e+01
   5.7000000e+01   5.9000000e+01  -1.0926499e+01
   5.7000000e+01   5.5000000e+01   1.1106678e+01
   5.8000000e+01   5.6000000e+01   1.1106991e+01
   5.8000000e+01   6.0000000e+01  -1.0926616e+01
   5.9000000e+01   6.1000000e+01  -1.0737970e+01
   5.9000000e+01   5.7000000e+01   1.0926499e+01
   6.0000000e+01   5.8000000e+01   1.0926616e+01
   6.0000000e+01   6.2000000e+01  -1.0737876e+01
   6.1000000e+01   6.3000000e+01  -1.0540132e+01
   6.1000000e+01   5.9000000e+01   1.0737970e+01
   6.2000000e+01   6.0000000e+01   1.0737876e+01
   6.2000000e+01   6.4000000e+01  -1.0539809e+01
   6.3000000e+01   6.5000000e+01  -1.0331889e+01
   6.3000000e+01   6.1000000e+01   1.0540132e+01
   6.4000000e+01   6.2000000e+01   1.0539809e+01
   6.4000000e+01   6.6000000e+01  -1.0331317e+01
   6.5000000e+01   6.7000000e+01  -1.0111989e+01
   6.5000000e+01   6.3000000e+01   1.0331889e+01
   6.6000000e+01   6.4000000e+01   1.0331317e+01
   6.6000000e+01   6.8000000e+01  -1.0111148e+01
   6.7000000e+01   6.9000000e+01  -9.8790053e+00
   6.7000000e+01   6.5000000e+01   1.0111989e+01
   6.8000000e+01   6.6000000e+01   1.0111148e+01
   6.8000000e+01   7.0000000e+01  -9.8778733e+00
   6.9000000e+01   7.1000000e+01  -9.6313255e+00
   6.9000000e+01   6.7000000e+01   9.8790053e+00
   7.0000000e+01   6.8000000e+01   9.8778733e+00
   7.0000000e+01   7.2000000e+01  -9.6298796e+00
   7.1000000e+01   7.3000000e+01  -9.3671443e+00
   7.1000000e+01   6.9000000e+01   9.6313255e+00
   7.2000000e+01   7.0000000e+01   9.6298796e+00
   7.2000000e+01   7.4000000e+01  -9.3653625e+00
   7.3000000e+01   7.5000000e+01  -9.0844899e+00
   7.3000000e+01   7.1000000e+01   9.3671443e+00
   7.4000000e+01   7.2000000e+01   9.3653625e+00
   7.4000000e+01   7.6000000e+01  -9.0823531e+00
   7.5000000e+01   7.7000000e+01  -8.7813325e+00
   7.5000000e+01   7.3000000e+01   9.0844899e+00
   7.6000000e+01   7.4000000e+01   9.0823531e+00
   7.6000000e+01   8.0000000e+01  -8.7788276e+00
   7.7000000e+01   7.8000000e+01  -8.4559866e+00
   7.7000000e+01   7.5000000e+01   8.7813325e+00
   7.8000000e+01   7.9000000e+01  -8.2848220e+00
   7.8000000e+01   7.7000000e+01   8.4559866e+00
   7.9000000e+01   9.0000000e+01  -1.0922218e+00
   7.9000000e+01   7.8000000e+01   8.2848220e+00
   7.9000000e+01   9.3000000e+01  -1.0922218e+00
   7.9000000e+01   9.6000000e+01  -5.9235291e+00
   8.0000000e+01   7.6000000e+01   8.7788276e+00
   8.0000000e+01   8.1000000e+01  -8.4531115e+00
   8.1000000e+01   8.0000000e+01   8.4531115e+00
   8.1000000e+01   8.2000000e+01  -8.2817671e+00
   8.2000000e+01   8.1000000e+01   8.2817671e+00
   8.2000000e+01   8.3000000e+01  -1.0917719e+00
   8.2000000e+01   8.6000000e+01  -1.0917719e+00
   8.2000000e+01   8.9000000e+01  -5.9212009e+00
   8.3000000e+01   8.4000000e+01  -1.9120381e-02
   8.3000000e+01   8.6000000e+01   0.0000000e+00
   8.3000000e+01   8.2000000e+01   1.0917719e+00
   8.3000000e+01   8.9000000e+01  -1.0726548e+00
   8.4000000e+01   8.5000000e+01  -1.9019136e-02
   8.4000000e+01   8.3000000e+01   1.9120381e-02
   8.5000000e+01   9.7000000e+01  -1.8525294e-02
   8.5000000e+01   8.4000000e+01   1.9019136e-02
   8.6000000e+01   8.3000000e+01   0.0000000e+00
   8.6000000e+01   8.7000000e+01  -1.9120381e-02
   8.6000000e+01   8.2000000e+01   1.0917719e+00
   8.6000000e+01   8.9000000e+01  -1.0726548e+00
   8.7000000e+01   8.6000000e+01   1.9120381e-02
   8.7000000e+01   8.8000000e+01  -1.9019136e-02
   8.8000000e+01   8.7000000e+01   1.9019136e-02
   8.8000000e+01   1.0400000e+02  -1.8525294e-02
   8.9000000e+01   8.2000000e+01   5.9212009e+00
   8.9000000e+01   1.2500000e+02  -3.8420936e+00
   8.9000000e+01   8.3000000e+01   1.0726548e+00
   8.9000000e+01   8.6000000e+01   1.0726548e+00
   8.9000000e+01   1.2500000e+02  -3.8420936e+00
   9.0000000e+01   9.1000000e+01  -1.9156270e-02
   9.0000000e+01   9.3000000e+01   0.0000000e+00
   9.0000000e+01   7.9000000e+01   1.0922218e+00
   9.0000000e+01   9.6000000e+01  -1.0730689e+00
   9.1000000e+01   9.2000000e+01  -1.9054430e-02
   9.1000000e+01   9.0000000e+01   1.9156270e-02
   9.2000000e+01   1.1100000e+02  -1.8557171e-02
   9.2000000e+01   9.1000000e+01   1.9054430e-02
   9.3000000e+01   9.0000000e+01   0.0000000e+00
   9.3000000e+01   9.4000000e+01  -1.9156270e-02
   9.3000000e+01   7.9000000e+01   1.0922218e+00
   9.3000000e+01   9.6000000e+01  -1.0730689e+00
   9.4000000e+01   9.3000000e+01   1.9156270e-02
   9.4000000e+01   9.5000000e+01  -1.9054430e-02
   9.5000000e+01   9.4000000e+01   1.9054430e-02
   9.5000000e+01   1.1800000e+02  -1.8557171e-02
   9.6000000e+01   1.2600000e+02  -3.8438226e+00
   9.6000000e+01   7.9000000e+01   5.9235291e+00
   9.6000000e+01   9.0000000e+01   1.0730689e+00
   9.6000000e+01   9.3000000e+01   1.0730689e+00
   9.6000000e+01   1.2600000e+02  -3.8438226e+00
   9.7000000e+01   9.8000000e+01  -1.7585084e-02
   9.7000000e+01   8.5000000e+01   1.8525294e-02
   9.8000000e+01   9.9000000e+01  -1.6203026e-02
   9.8000000e+01   9.7000000e+01   1.7585084e-02
   9.9000000e+01   1.0000000e+02  -1.4439117e-02
   9.9000000e+01   9.8000000e+01   1.6203026e-02
   1.0000000e+02   1.0100000e+02  -1.2404989e-02
   1.0000000e+02   9.9000000e+01   1.4439117e-02
   1.0100000e+02   1.0200000e+02  -1.0251163e-02
   1.0100000e+02   1.0000000e+02   1.2404989e-02
   1.0200000e+02   1.0300000e+02  -8.1404836e-03
   1.0200000e+02   1.0100000e+02   1.0251163e-02
   1.0300000e+02   1.3100000e+02  -6.2143539e-03
   1.0300000e+02   1.0200000e+02   8.1404836e-03
   1.0400000e+02   8.8000000e+01   1.8525294e-02
   1.0400000e+02   1.0500000e+02  -1.7585084e-02
   1.0500000e+02   1.0400000e+02   1.7585084e-02
   1.0500000e+02   1.0600000e+02  -1.6203026e-02
   1.0600000e+02   1.0500000e+02   1.6203026e-02
   1.0600000e+02   1.0700000e+02  -1.4439117e-02
   1.0700000e+02   1.0600000e+02   1.4439117e-02
   1.0700000e+02   1.0800000e+02  -1.2404989e-02
   1.0800000e+02   1.0700000e+02   1.2404989e-02
   1.0800000e+02   1.0900000e+02  -1.0251163e-02
   1.0900000e+02   1.0800000e+02   1.0251163e-02
   1.0900000e+02   1.1000000e+02  -8.1404836e-03
   1.1000000e+02   1.0900000e+02   8.1404836e-03
   1.1000000e+02   1.3800000e+02  -6.2143539e-03
   1.1100000e+02   1.1200000e+02  -1.7611297e-02
   1.1100000e+02   9.2000000e+01   1.8557171e-02
   1.1200000e+02   1.1300000e+02  -1.6221588e-02
   1.1200000e+02   1.1100000e+02   1.7611297e-02
   1.1300000e+02   1.1400000e+02  -1.4448540e-02
   1.1300000e+02   1.1200000e+02   1.6221588e-02
   1.1400000e+02   1.1500000e+02  -1.2404882e-02
   1.1400000e+02   1.1300000e+02   1.4448540e-02
   1.1500000e+02   1.1600000e+02  -1.0242550e-02
   1.1500000e+02   1.1400000e+02   1.2404882e-02
   1.1600000e+02   1.1700000e+02  -8.1256206e-03
   1.1600000e+02   1.1500000e+02   1.0242550e-02
   1.1700000e+02   1.4500000e+02  -6.1961166e-03
   1.1700000e+02   1.1600000e+02   8.1256206e-03
   1.1800000e+02   9.5000000e+01   1.8557171e-02
   1.1800000e+02   1.1900000e+02  -1.7611297e-02
   1.1900000e+02   1.1800000e+02   1.7611297e-02
   1.1900000e+02   1.2000000e+02  -1.6221588e-02
   1.2000000e+02   1.1900000e+02   1.6221588e-02
   1.2000000e+02   1.2100000e+02  -1.4448540e-02
   1.2100000e+02   1.2000000e+02   1.4448540e-02
   1.2100000e+02   1.2200000e+02  -1.2404882e-02
   1.2200000e+02   1.2100000e+02   1.2404882e-02
   1.2200000e+02   1.2300000e+02  -1.0242550e-02
   1.2300000e+02   1.2200000e+02   1.0242550e-02
   1.2300000e+02   1.2400000e+02  -8.1256206e-03
   1.2400000e+02   1.2300000e+02   8.1256206e-03
   1.2400000e+02   1.5200000e+02  -6.1961166e-03
   1.2500000e+02   8.9000000e+01   3.8420936e+00
   1.2500000e+02   1.2700000e+02  -3.4359355e+00
   1.2600000e+02   1.2800000e+02  -3.4378749e+00
   1.2600000e+02   9.6000000e+01   3.8438226e+00
   1.2700000e+02   1.2500000e+02   3.4359355e+00
   1.2700000e+02   1.2900000e+02  -3.0045271e+00
   1.2800000e+02   1.3000000e+02  -3.0065202e+00
   1.2800000e+02   1.2600000e+02   3.4378749e+00
   1.2900000e+02   1.2700000e+02   3.0045271e+00
   1.2900000e+02   1.5900000e+02  -2.5491789e+00
   1.3000000e+02   1.6000000e+02  -2.5509794e+00
   1.3000000e+02   1.2800000e+02   3.0065202e+00
   1.3100000e+02   1.3200000e+02  -4.5656454e-03
   1.3100000e+02   1.0300000e+02   6.2143539e-03
   1.3200000e+02   1.3300000e+02  -3.2299036e-03
   1.3200000e+02   1.3100000e+02   4.5656454e-03
   1.3300000e+02   1.3400000e+02  -2.1944756e-03
   1.3300000e+02   1.3200000e+02   3.2299036e-03
   1.3400000e+02   1.3500000e+02  -1.4155874e-03
   1.3400000e+02   1.3300000e+02   2.1944756e-03
   1.3500000e+02   1.3600000e+02  -8.3381031e-04
   1.3500000e+02   1.3400000e+02   1.4155874e-03
   1.3600000e+02   1.3700000e+02  -3.8399356e-04
   1.3600000e+02   1.3500000e+02   8.3381031e-04
   1.3700000e+02   1.3600000e+02   3.8399356e-04
   1.3800000e+02   1.1000000e+02   6.2143539e-03
   1.3800000e+02   1.3900000e+02  -4.5656454e-03
   1.3900000e+02   1.3800000e+02   4.5656454e-03
   1.3900000e+02   1.4000000e+02  -3.2299036e-03
   1.4000000e+02   1.3900000e+02   3.2299036e-03
   1.4000000e+02   1.4100000e+02  -2.1944756e-03
   1.4100000e+02   1.4000000e+02   2.1944756e-03
   1.4100000e+02   1.4200000e+02  -1.4155874e-03
   1.4200000e+02   1.4100000e+02   1.4155874e-03
   1.4200000e+02   1.4300000e+02  -8.3381031e-04
   1.4300000e+02   1.4200000e+02   8.3381031e-04
   1.4300000e+02   1.4400000e+02  -3.8399356e-04
   1.4400000e+02   1.4300000e+02   3.8399356e-04
   1.4500000e+02   1.4600000e+02  -4.5467945e-03
   1.4500000e+02   1.1700000e+02   6.1961166e-03
   1.4600000e+02   1.4700000e+02  -3.2125654e-03
   1.4600000e+02   1.4500000e+02   4.5467945e-03
   1.4700000e+02   1.4800000e+02  -2.1799828e-03
   1.4700000e+02   1.4600000e+02   3.2125654e-03
   1.4800000e+02   1.4900000e+02  -1.4045917e-03
   1.4800000e+02   1.4700000e+02   2.1799828e-03
   1.4900000e+02   1.5000000e+02  -8.2651157e-04
   1.4900000e+02   1.4800000e+02   1.4045917e-03
   1.5000000e+02   1.5100000e+02  -3.8037313e-04
   1.5000000e+02   1.4900000e+02   8.2651157e-04
   1.5100000e+02   1.5000000e+02   3.8037313e-04
   1.5200000e+02   1.2400000e+02   6.1961166e-03
   1.5200000e+02   1.5300000e+02  -4.5467945e-03
   1.5300000e+02   1.5200000e+02   4.5467945e-03
   1.5300000e+02   1.5400000e+02  -3.2125654e-03
   1.5400000e+02   1.5300000e+02   3.2125654e-03
   1.5400000e+02   1.5500000e+02  -2.1799828e-03
   1.5500000e+02   1.5400000e+02   2.1799828e-03
   1.5500000e+02   1.5600000e+02  -1.4045917e-03
   1.5600000e+02   1.5500000e+02   1.4045917e-03
   1.5600000e+02   1.5700000e+02  -8.2651157e-04
   1.5700000e+02   1.5600000e+02   8.2651157e-04
   1.5700000e+02   1.5800000e+02  -3.8037313e-04
   1.5800000e+02   1.5700000e+02   3.8037313e-04
   1.5900000e+02   1.2900000e+02   2.5491789e+00
   1.5900000e+02   1.6100000e+02  -2.0742336e+00
   1.6000000e+02   1.6200000e+02  -2.0754758e+00
   1.6000000e+02   1.3000000e+02   2.5509794e+00
   1.6100000e+02   1.5900000e+02   2.0742336e+00
   1.6100000e+02   1.6300000e+02  -1.5894453e+00
   1.6200000e+02   1.6400000e+02  -1.5896267e+00
   1.6200000e+02   1.6000000e+02   2.0754758e+00
   1.6300000e+02   1.6100000e+02   1.5894453e+00
   1.6300000e+02   1.6500000e+02  -1.1122505e+00
   1.6400000e+02   1.6600000e+02  -1.1108106e+00
   1.6400000e+02   1.6200000e+02   1.5896267e+00
   1.6500000e+02   1.6300000e+02   1.1122505e+00
   1.6500000e+02   1.6700000e+02  -6.5511272e-01
   1.6600000e+02   1.6800000e+02  -6.5202304e-01
   1.6600000e+02   1.6400000e+02   1.1108106e+00
   1.6700000e+02   1.6500000e+02   6.5511272e-01
   1.6800000e+02   1.6600000e+02   6.5202304e-01
   0.0000000e+00   0.0000000e+00   0.0000000e+00
   0.0000000e+00   0.0000000e+00   0.0000000e+00
   0.0000000e+00   0.0000000e+00   0.0000000e+00
   0.0000000e+00   0.0000000e+00   0.0000000e+00
   0.0000000e+00   0.0000000e+00   0.0000000e+00
   0.0000000e+00   0.0000000e+00   0.0000000e+00
   0.0000000e+00   0.0000000e+00   0.0000000e+00
   0.0000000e+00   0.0000000e+00   0.0000000e+00
   0.0000000e+00   0.0000000e+00   0.0000000e+00
   0.0000000e+00   0.0000000e+00   0.0000000e+00
   0.0000000e+00   0.0000000e+00   0.0000000e+00
   0.0000000e+00   0.0000000e+00   0.0000000e+00
   0.0000000e+00   0.0000000e+00   0.0000000e+00
   0.0000000e+00   0.0000000e+00   0.0000000e+00
   0.0000000e+00   0.0000000e+00   0.0000000e+00
   0.0000000e+00   0.0000000e+00   0.0000000e+00
   0.0000000e+00   0.0000000e+00   0.0000000e+00
   0.0000000e+00   0.0000000e+00   0.0000000e+00
   0.0000000e+00   0.0000000e+00   0.0000000e+00
   0.0000000e+00   0.0000000e+00   0.0000000e+00
   0.0000000e+00   0.0000000e+00   0.0000000e+00
   0.0000000e+00   0.0000000e+00   0.0000000e+00
   0.0000000e+00   0.0000000e+00   0.0000000e+00
   0.0000000e+00   0.0000000e+00   0.0000000e+00
   0.0000000e+00   0.0000000e+00   0.0000000e+00
   0.0000000e+00   0.0000000e+00   0.0000000e+00
   0.0000000e+00   0.0000000e+00   0.0000000e+00
   0.0000000e+00   0.0000000e+00   0.0000000e+00
   0.0000000e+00   0.0000000e+00   0.0000000e+00
   0.0000000e+00   0.0000000e+00   0.0000000e+00
   0.0000000e+00   0.0000000e+00   0.0000000e+00
   0.0000000e+00   0.0000000e+00   0.0000000e+00
   0.0000000e+00   0.0000000e+00   0.0000000e+00
   0.0000000e+00   0.0000000e+00   0.0000000e+00
   0.0000000e+00   0.0000000e+00   0.0000000e+00
   0.0000000e+00   0.0000000e+00   0.0000000e+00
   0.0000000e+00   0.0000000e+00   0.0000000e+00
   0.0000000e+00   0.0000000e+00   0.0000000e+00
   0.0000000e+00   0.0000000e+00   0.0000000e+00
   0.0000000e+00   0.0000000e+00   0.0000000e+00
   0.0000000e+00   0.0000000e+00   0.0000000e+00
   0.0000000e+00   0.0000000e+00   0.0000000e+00
   0.0000000e+00   0.0000000e+00   0.0000000e+00
   0.0000000e+00   0.0000000e+00   0.0000000e+00
   0.0000000e+00   0.0000000e+00   0.0000000e+00
   0.0000000e+00   0.0000000e+00   0.0000000e+00
   0.0000000e+00   0.0000000e+00   0.0000000e+00
   0.0000000e+00   0.0000000e+00   0.0000000e+00
   0.0000000e+00   0.0000000e+00   0.0000000e+00
   0.0000000e+00   0.0000000e+00   0.0000000e+00
   0.0000000e+00   0.0000000e+00   0.0000000e+00
   0.0000000e+00   0.0000000e+00   0.0000000e+00
   0.0000000e+00   0.0000000e+00   0.0000000e+00
   0.0000000e+00   0.0000000e+00   0.0000000e+00
   0.0000000e+00   0.0000000e+00   0.0000000e+00
   0.0000000e+00   0.0000000e+00   0.0000000e+00
   0.0000000e+00   0.0000000e+00   0.0000000e+00
   0.0000000e+00   0.0000000e+00   0.0000000e+00
   0.0000000e+00   0.0000000e+00   0.0000000e+00
   0.0000000e+00   0.0000000e+00   0.0000000e+00
   0.0000000e+00   0.0000000e+00   0.0000000e+00
   0.0000000e+00   0.0000000e+00   0.0000000e+00
   0.0000000e+00   0.0000000e+00   0.0000000e+00
   0.0000000e+00   0.0000000e+00   0.0000000e+00
   0.0000000e+00   0.0000000e+00   0.0000000e+00
   0.0000000e+00   0.0000000e+00   0.0000000e+00
   0.0000000e+00   0.0000000e+00   0.0000000e+00
   0.0000000e+00   0.0000000e+00   0.0000000e+00
   0.0000000e+00   0.0000000e+00   0.0000000e+00
   0.0000000e+00   0.0000000e+00   0.0000000e+00
   0.0000000e+00   0.0000000e+00   0.0000000e+00
   0.0000000e+00   0.0000000e+00   0.0000000e+00
   0.0000000e+00   0.0000000e+00   0.0000000e+00
   0.0000000e+00   0.0000000e+00   0.0000000e+00
   0.0000000e+00   0.0000000e+00   0.0000000e+00
   0.0000000e+00   0.0000000e+00   0.0000000e+00
   0.0000000e+00   0.0000000e+00   0.0000000e+00
   0.0000000e+00   0.0000000e+00   0.0000000e+00
   0.0000000e+00   0.0000000e+00   0.0000000e+00
   0.0000000e+00   0.0000000e+00   0.0000000e+00
   0.0000000e+00   0.0000000e+00   0.0000000e+00
   0.0000000e+00   0.0000000e+00   0.0000000e+00
   0.0000000e+00   0.0000000e+00   0.0000000e+00
   0.0000000e+00   0.0000000e+00   0.0000000e+00
   0.0000000e+00   0.0000000e+00   0.0000000e+00
   0.0000000e+00   0.0000000e+00   0.0000000e+00
   0.0000000e+00   0.0000000e+00   0.0000000e+00
   0.0000000e+00   0.0000000e+00   0.0000000e+00
   0.0000000e+00   0.0000000e+00   0.0000000e+00
   0.0000000e+00   0.0000000e+00   0.0000000e+00
   0.0000000e+00   0.0000000e+00   0.0000000e+00
   0.0000000e+00   0.0000000e+00   0.0000000e+00
   0.0000000e+00   0.0000000e+00   0.0000000e+00
   0.0000000e+00   0.0000000e+00   0.0000000e+00
   0.0000000e+00   0.0000000e+00   0.0000000e+00
   0.0000000e+00   0.0000000e+00   0.0000000e+00
   0.0000000e+00   0.0000000e+00   0.0000000e+00
   0.0000000e+00   0.0000000e+00   0.0000000e+00
   0.0000000e+00   0.0000000e+00   0.0000000e+00
   0.0000000e+00   0.0000000e+00   0.0000000e+00
   0.0000000e+00   0.0000000e+00   0.0000000e+00
   0.0000000e+00   0.0000000e+00   0.0000000e+00
   0.0000000e+00   0.0000000e+00   0.0000000e+00
   0.0000000e+00   0.0000000e+00   0.0000000e+00
   0.0000000e+00   0.0000000e+00   0.0000000e+00
   0.0000000e+00   0.0000000e+00   0.0000000e+00
   0.0000000e+00   0.0000000e+00   0.0000000e+00
   0.0000000e+00   0.0000000e+00   0.0000000e+00
   0.0000000e+00   0.0000000e+00   0.0000000e+00
   0.0000000e+00   0.0000000e+00   0.0000000e+00
   0.0000000e+00   0.0000000e+00   0.0000000e+00
   0.0000000e+00   0.0000000e+00   0.0000000e+00
   0.0000000e+00   0.0000000e+00   0.0000000e+00
   0.0000000e+00   0.0000000e+00   0.0000000e+00
   0.0000000e+00   0.0000000e+00   0.0000000e+00
   0.0000000e+00   0.0000000e+00   0.0000000e+00
   0.0000000e+00   0.0000000e+00   0.0000000e+00
   0.0000000e+00   0.0000000e+00   0.0000000e+00
   0.0000000e+00   0.0000000e+00   0.0000000e+00
   0.0000000e+00   0.0000000e+00   0.0000000e+00
   0.0000000e+00   0.0000000e+00   0.0000000e+00
   0.0000000e+00   0.0000000e+00   0.0000000e+00
   0.0000000e+00   0.0000000e+00   0.0000000e+00
   0.0000000e+00   0.0000000e+00   0.0000000e+00
   0.0000000e+00   0.0000000e+00   0.0000000e+00
   0.0000000e+00   0.0000000e+00   0.0000000e+00
   0.0000000e+00   0.0000000e+00   0.0000000e+00
   0.0000000e+00   0.0000000e+00   0.0000000e+00
   0.0000000e+00   0.0000000e+00   0.0000000e+00
   0.0000000e+00   0.0000000e+00   0.0000000e+00
   0.0000000e+00   0.0000000e+00   0.0000000e+00
   0.0000000e+00   0.0000000e+00   0.0000000e+00
   0.0000000e+00   0.0000000e+00   0.0000000e+00
   0.0000000e+00   0.0000000e+00   0.0000000e+00
   0.0000000e+00   0.0000000e+00   0.0000000e+00
   0.0000000e+00   0.0000000e+00   0.0000000e+00
   0.0000000e+00   0.0000000e+00   0.0000000e+00
   0.0000000e+00   0.0000000e+00   0.0000000e+00
   0.0000000e+00   0.0000000e+00   0.0000000e+00
   0.0000000e+00   0.0000000e+00   0.0000000e+00
   0.0000000e+00   0.0000000e+00   0.0000000e+00
   0.0000000e+00   0.0000000e+00   0.0000000e+00
   0.0000000e+00   0.0000000e+00   0.0000000e+00
   0.0000000e+00   0.0000000e+00   0.0000000e+00
   0.0000000e+00   0.0000000e+00   0.0000000e+00
   0.0000000e+00   0.0000000e+00   0.0000000e+00
   0.0000000e+00   0.0000000e+00   0.0000000e+00
   0.0000000e+00   0.0000000e+00   0.0000000e+00
   0.0000000e+00   0.0000000e+00   0.0000000e+00
   0.0000000e+00   0.0000000e+00   0.0000000e+00
   0.0000000e+00   0.0000000e+00   0.0000000e+00
   0.0000000e+00   0.0000000e+00   0.0000000e+00
   0.0000000e+00   0.0000000e+00   0.0000000e+00
   0.0000000e+00   0.0000000e+00   0.0000000e+00
   0.0000000e+00   0.0000000e+00   0.0000000e+00
   0.0000000e+00   0.0000000e+00   0.0000000e+00
   0.0000000e+00   0.0000000e+00   0.0000000e+00
   0.0000000e+00   0.0000000e+00   0.0000000e+00
   0.0000000e+00   0.0000000e+00   0.0000000e+00
   0.0000000e+00   0.0000000e+00   0.0000000e+00
   0.0000000e+00   0.0000000e+00   0.0000000e+00
   0.0000000e+00   0.0000000e+00   0.0000000e+00
   0.0000000e+00   0.0000000e+00   0.0000000e+00
   0.0000000e+00   0.0000000e+00   0.0000000e+00
   0.0000000e+00   0.0000000e+00   0.0000000e+00
   0.0000000e+00   0.0000000e+00   0.0000000e+00
   0.0000000e+00   0.0000000e+00   0.0000000e+00
   0.0000000e+00   0.0000000e+00   0.0000000e+00
   0.0000000e+00   0.0000000e+00   0.0000000e+00
   0.0000000e+00   0.0000000e+00   0.0000000e+00
   0.0000000e+00   0.0000000e+00   0.0000000e+00
   0.0000000e+00   0.0000000e+00   0.0000000e+00
   0.0000000e+00   0.0000000e+00   0.0000000e+00
   0.0000000e+00   0.0000000e+00   0.0000000e+00
   0.0000000e+00   0.0000000e+00   0.0000000e+00
   0.0000000e+00   0.0000000e+00   0.0000000e+00
   0.0000000e+00   0.0000000e+00   0.0000000e+00
   0.0000000e+00   0.0000000e+00   0.0000000e+00
   0.0000000e+00   0.0000000e+00   0.0000000e+00
   0.0000000e+00   0.0000000e+00   0.0000000e+00
   0.0000000e+00   0.0000000e+00   0.0000000e+00
   0.0000000e+00   0.0000000e+00   0.0000000e+00
   0.0000000e+00   0.0000000e+00   0.0000000e+00
   0.0000000e+00   0.0000000e+00   0.0000000e+00
   0.0000000e+00   0.0000000e+00   0.0000000e+00
   0.0000000e+00   0.0000000e+00   0.0000000e+00
   0.0000000e+00   0.0000000e+00   0.0000000e+00
   0.0000000e+00   0.0000000e+00   0.0000000e+00
   0.0000000e+00   0.0000000e+00   0.0000000e+00
   0.0000000e+00   0.0000000e+00   0.0000000e+00
   0.0000000e+00   0.0000000e+00   0.0000000e+00
   0.0000000e+00   0.0000000e+00   0.0000000e+00
   0.0000000e+00   0.0000000e+00   0.0000000e+00
   0.0000000e+00   0.0000000e+00   0.0000000e+00
   0.0000000e+00   0.0000000e+00   0.0000000e+00
   0.0000000e+00   0.0000000e+00   0.0000000e+00
   0.0000000e+00   0.0000000e+00   0.0000000e+00
   0.0000000e+00   0.0000000e+00   0.0000000e+00
   0.0000000e+00   0.0000000e+00   0.0000000e+00
   0.0000000e+00   0.0000000e+00   0.0000000e+00
   0.0000000e+00   0.0000000e+00   0.0000000e+00
   0.0000000e+00   0.0000000e+00   0.0000000e+00
   0.0000000e+00   0.0000000e+00   0.0000000e+00
   0.0000000e+00   0.0000000e+00   0.0000000e+00
   0.0000000e+00   0.0000000e+00   0.0000000e+00
   0.0000000e+00   0.0000000e+00   0.0000000e+00
   0.0000000e+00   0.0000000e+00   0.0000000e+00
   0.0000000e+00   0.0000000e+00   0.0000000e+00
   0.0000000e+00   0.0000000e+00   0.0000000e+00
   0.0000000e+00   0.0000000e+00   0.0000000e+00
   0.0000000e+00   0.0000000e+00   0.0000000e+00
   0.0000000e+00   0.0000000e+00   0.0000000e+00
   0.0000000e+00   0.0000000e+00   0.0000000e+00
   0.0000000e+00   0.0000000e+00   0.0000000e+00
   0.0000000e+00   0.0000000e+00   0.0000000e+00
   0.0000000e+00   0.0000000e+00   0.0000000e+00
   0.0000000e+00   0.0000000e+00   0.0000000e+00
   0.0000000e+00   0.0000000e+00   0.0000000e+00
   0.0000000e+00   0.0000000e+00   0.0000000e+00
   0.0000000e+00   0.0000000e+00   0.0000000e+00
   0.0000000e+00   0.0000000e+00   0.0000000e+00
   0.0000000e+00   0.0000000e+00   0.0000000e+00
   0.0000000e+00   0.0000000e+00   0.0000000e+00
   0.0000000e+00   0.0000000e+00   0.0000000e+00
   0.0000000e+00   0.0000000e+00   0.0000000e+00
   0.0000000e+00   0.0000000e+00   0.0000000e+00
   0.0000000e+00   0.0000000e+00   0.0000000e+00
   0.0000000e+00   0.0000000e+00   0.0000000e+00
   0.0000000e+00   0.0000000e+00   0.0000000e+00
   0.0000000e+00   0.0000000e+00   0.0000000e+00
   0.0000000e+00   0.0000000e+00   0.0000000e+00
   0.0000000e+00   0.0000000e+00   0.0000000e+00
   0.0000000e+00   0.0000000e+00   0.0000000e+00
   0.0000000e+00   0.0000000e+00   0.0000000e+00
   0.0000000e+00   0.0000000e+00   0.0000000e+00
   0.0000000e+00   0.0000000e+00   0.0000000e+00
   0.0000000e+00   0.0000000e+00   0.0000000e+00
   0.0000000e+00   0.0000000e+00   0.0000000e+00
   0.0000000e+00   0.0000000e+00   0.0000000e+00
   0.0000000e+00   0.0000000e+00   0.0000000e+00
   0.0000000e+00   0.0000000e+00   0.0000000e+00
   0.0000000e+00   0.0000000e+00   0.0000000e+00
   0.0000000e+00   0.0000000e+00   0.0000000e+00
   0.0000000e+00   0.0000000e+00   0.0000000e+00
   0.0000000e+00   0.0000000e+00   0.0000000e+00
   0.0000000e+00   0.0000000e+00   0.0000000e+00
   0.0000000e+00   0.0000000e+00   0.0000000e+00
   0.0000000e+00   0.0000000e+00   0.0000000e+00
   0.0000000e+00   0.0000000e+00   0.0000000e+00
   0.0000000e+00   0.0000000e+00   0.0000000e+00
   0.0000000e+00   0.0000000e+00   0.0000000e+00
   0.0000000e+00   0.0000000e+00   0.0000000e+00
   0.0000000e+00   0.0000000e+00   0.0000000e+00
   0.0000000e+00   0.0000000e+00   0.0000000e+00
   0.0000000e+00   0.0000000e+00   0.0000000e+00
   0.0000000e+00   0.0000000e+00   0.0000000e+00
   0.0000000e+00   0.0000000e+00   0.0000000e+00
   0.0000000e+00   0.0000000e+00   0.0000000e+00
   0.0000000e+00   0.0000000e+00   0.0000000e+00
   0.0000000e+00   0.0000000e+00   0.0000000e+00
   0.0000000e+00   0.0000000e+00   0.0000000e+00
   0.0000000e+00   0.0000000e+00   0.0000000e+00
   0.0000000e+00   0.0000000e+00   0.0000000e+00
   0.0000000e+00   0.0000000e+00   0.0000000e+00
   0.0000000e+00   0.0000000e+00   0.0000000e+00
   0.0000000e+00   0.0000000e+00   0.0000000e+00
   0.0000000e+00   0.0000000e+00   0.0000000e+00
   0.0000000e+00   0.0000000e+00   0.0000000e+00
   0.0000000e+00   0.0000000e+00   0.0000000e+00
   0.0000000e+00   0.0000000e+00   0.0000000e+00
   0.0000000e+00   0.0000000e+00   0.0000000e+00
   0.0000000e+00   0.0000000e+00   0.0000000e+00
   0.0000000e+00   0.0000000e+00   0.0000000e+00
   0.0000000e+00   0.0000000e+00   0.0000000e+00
   0.0000000e+00   0.0000000e+00   0.0000000e+00
   0.0000000e+00   0.0000000e+00   0.0000000e+00
   0.0000000e+00   0.0000000e+00   0.0000000e+00
   0.0000000e+00   0.0000000e+00   0.0000000e+00
   0.0000000e+00   0.0000000e+00   0.0000000e+00
   0.0000000e+00   0.0000000e+00   0.0000000e+00
   0.0000000e+00   0.0000000e+00   0.0000000e+00
   0.0000000e+00   0.0000000e+00   0.0000000e+00
   0.0000000e+00   0.0000000e+00   0.0000000e+00
   0.0000000e+00   0.0000000e+00   0.0000000e+00
   0.0000000e+00   0.0000000e+00   0.0000000e+00
   0.0000000e+00   0.0000000e+00   0.0000000e+00
   0.0000000e+00   0.0000000e+00   0.0000000e+00
   0.0000000e+00   0.0000000e+00   0.0000000e+00
   0.0000000e+00   0.0000000e+00   0.0000000e+00
   0.0000000e+00   0.0000000e+00   0.0000000e+00
   0.0000000e+00   0.0000000e+00   0.0000000e+00
   0.0000000e+00   0.0000000e+00   0.0000000e+00
   0.0000000e+00   0.0000000e+00   0.0000000e+00
   0.0000000e+00   0.0000000e+00   0.0000000e+00
   0.0000000e+00   0.0000000e+00   0.0000000e+00
   0.0000000e+00   0.0000000e+00   0.0000000e+00
   0.0000000e+00   0.0000000e+00   0.0000000e+00
   0.0000000e+00   0.0000000e+00   0.0000000e+00
   0.0000000e+00   0.0000000e+00   0.0000000e+00
   0.0000000e+00   0.0000000e+00   0.0000000e+00
   0.0000000e+00   0.0000000e+00   0.0000000e+00
   0.0000000e+00   0.0000000e+00   0.0000000e+00
   0.0000000e+00   0.0000000e+00   0.0000000e+00
   0.0000000e+00   0.0000000e+00   0.0000000e+00
   0.0000000e+00   0.0000000e+00   0.0000000e+00
   0.0000000e+00   0.0000000e+00   0.0000000e+00
   0.0000000e+00   0.0000000e+00   0.0000000e+00
   0.0000000e+00   0.0000000e+00   0.0000000e+00
   0.0000000e+00   0.0000000e+00   0.0000000e+00
   0.0000000e+00   0.0000000e+00   0.0000000e+00
   0.0000000e+00   0.0000000e+00   0.0000000e+00
   0.0000000e+00   0.0000000e+00   0.0000000e+00
   0.0000000e+00   0.0000000e+00   0.0000000e+00
   0.0000000e+00   0.0000000e+00   0.0000000e+00
   0.0000000e+00   0.0000000e+00   0.0000000e+00
   0.0000000e+00   0.0000000e+00   0.0000000e+00
   0.0000000e+00   0.0000000e+00   0.0000000e+00
   0.0000000e+00   0.0000000e+00   0.0000000e+00
   0.0000000e+00   0.0000000e+00   0.0000000e+00
   0.0000000e+00   0.0000000e+00   0.0000000e+00
   0.0000000e+00   0.0000000e+00   0.0000000e+00
   0.0000000e+00   0.0000000e+00   0.0000000e+00
   0.0000000e+00   0.0000000e+00   0.0000000e+00
   0.0000000e+00   0.0000000e+00   0.0000000e+00
