0.112500  0.800000
0.225000  0.800000
0.337500  0.800000
0.450000  0.800000
0.562500  0.800000
0.675000  0.800000
0.787500  0.800000
0.900000  0.800000
1.012500  0.800000
1.125000  0.800000
1.237500  0.800000
1.350000  0.800000
1.462500  0.800000
1.575000  0.800000
1.687500  0.800000
1.800000  0.800000
1.912500  0.800000
2.025000  0.800000
2.137500  1.600000
2.390625  1.600000
2.960156  1.600000
3.339844  2.400000
4.194141  2.400000
4.763672  3.200000
6.045117  3.200000
6.614648  4.000000
7.896094  4.000000
8.465625  4.800000
9.747070  4.800000
10.316602  5.600000
11.598047  5.600000
12.167578  6.400000
13.449023  6.400000
14.018555  7.200000
15.300000  7.200000
16.154297  8.000000
18.076465  8.000000
18.930762  8.800000
20.852930  8.800000
21.707227  9.600000
23.629395  10.400000
25.551562  10.400000
26.405859  11.200000
28.328027  11.200000
29.182324  12.000000
31.104492  12.000000
31.958789  12.800000
33.880957  12.800000
34.735254  13.600000
36.657422  13.600000
37.511719  13.600000
37.891406  14.400000
38.745703  14.400000
40.667871  14.400000
41.522168  15.200000
43.444336  15.200000
44.298633  16.000000
46.220801  16.000000
47.502246  16.800000
49.424414  16.800000
50.705859  18.400000
52.628027  18.400000
53.753027  18.400000
54.878027  18.400000
56.003027  18.400000
57.128027  18.400000
57.461361  20.670161
57.528027  23.064903
57.753027  23.064903
58.259277  32.194088
59.398340  32.194088
61.106934  39.928721
62.815527  47.222706
64.524121  54.180443
66.232715  54.180443
67.941309  56.426555
69.649902  59.311207
71.358496  59.311207
73.067090  62.391240
74.775684  64.365458
76.484277  67.683976
78.192871  70.371599
79.901465  70.371599
81.610059  70.371599
83.318652  71.445407
85.027246  71.445407
86.735840  75.332384
88.444434  75.332384
90.153027  77.886512
91.861621  80.512418
93.570215  80.512418
95.278809  80.512418
96.987402  82.457322
98.695996  82.457322
100.404590  82.457322
102.113184  84.968308
103.821777  86.942526
105.530371  86.942526
107.238965  86.942526
108.947559  89.592636
110.656152  94.141056
112.364746  94.141056
114.073340  94.141056
115.781934  94.141056
117.490527  97.979809
119.199121  97.979809
120.907715  97.979809
122.616309  99.954026
124.324902  99.954026
126.033496  99.954026
127.742090  101.919334
129.450684  101.919334
131.159277  101.919334
132.867871  101.919334
134.576465  101.919334
136.285059  110.340643
137.993652  112.264788
139.702246  116.167300
141.410840  116.167300
143.119434  116.167300
144.828027  118.141517
146.536621  118.141517
148.245215  118.141517
149.953809  118.141517
151.662402  118.141517
153.370996  120.106825
155.079590  120.106825
156.788184  120.106825
158.496777  120.106825
160.205371  120.106825
161.913965  120.106825
163.622559  120.106825
165.331152  122.821387
167.039746  122.821387
168.748340  124.778995
170.456934  131.727067
172.165527  131.727067
173.874121  135.564807
175.582715  137.488485
177.291309  137.488485
178.999902  137.488485
180.708496  137.488485
182.417090  137.488485
184.125684  137.488485
185.834277  137.488485
187.542871  137.488485
189.251465  137.488485
190.960059  137.488485
192.668652  139.433389
194.377246  139.433389
196.085840  139.433389
197.794434  139.433389
199.503027  144.099183
201.211621  144.099183
202.920215  144.099183
204.628809  144.099183
206.337402  144.099183
208.045996  146.013246
209.754590  146.782717
211.463184  146.782717
213.171777  148.706395
214.880371  149.465115
216.588965  151.416863
218.297559  151.416863
220.006152  151.416863
221.714746  151.416863
223.423340  151.416863
225.131934  153.361767
226.840527  153.361767
228.549121  153.361767
230.257715  153.361767
231.966309  156.067193
233.674902  158.467822
235.383496  158.467822
237.092090  158.467822
237.661621  158.467822
238.943066  158.467822
240.865234  158.467822
242.787402  158.467822
244.709570  158.467822
246.631738  158.467822
248.553906  160.391500
250.476074  160.391500
252.398242  162.315097
253.038965  162.315097
254.480591  162.315097
255.922217  164.266845
256.402759  164.266845
257.483978  164.266845
259.105807  166.884350
260.727637  166.884350
262.349466  166.884350
263.971295  166.884350
264.511905  166.884350
265.728277  168.845591
267.552835  168.845591
269.377393  171.612084
271.201950  171.612084
273.026508  171.612084
274.851066  171.612084
275.459252  171.612084
276.827671  171.612084
278.196089  171.612084
279.564507  171.612084
280.020647  171.612084
281.046961  171.612084
282.586431  171.612084
283.099588  171.612084
284.254191  173.535761
285.986096  175.459358
287.718000  175.459358
289.449905  175.459358
291.181809  175.459358
292.913714  175.459358
294.645619  175.459358
296.377523  177.411106
298.109428  177.411106
299.841332  177.411106
301.573237  177.411106
303.305141  179.978255
305.037046  179.978255
306.768950  181.547248
308.500855  185.975016
310.232760  185.975016
311.964664  185.975016
313.696569  185.975016
315.428473  185.975016
317.160378  185.975016
318.892282  185.975016
320.624187  185.975016
322.356091  188.617444
324.087996  188.617444
325.819900  188.617444
327.551805  188.617444
329.283710  188.617444
331.015614  190.492887
332.747519  190.492887
334.479423  190.492887
336.211328  190.492887
337.943232  190.492887
339.675137  192.444634
341.407041  192.444634
343.138946  192.444634
344.870850  192.444634
346.602755  192.444634
348.334660  192.444634
350.066564  192.444634
351.798469  192.444634
353.530373  192.444634
354.107675  192.444634
354.540651  192.844634
355.514847  192.844634
356.976142  194.788596
358.437436  194.788596
358.924534  194.788596
360.020505  196.569846
