0.112500  1  0.000056	
0.225000  1  0.000111	
0.337500  1  0.000164	
0.450000  1  0.000212	
0.562500  1  0.000251	
0.675000  1  0.000279	
0.787500  1  0.000297	
0.900000  1  0.000307	
1.012500  1  0.000311	
1.125000  1  0.000314	
1.237500  1  0.000318	
1.350000  1  0.000324	
1.462500  1  0.000331	
1.575000  1  0.000339	
1.687500  1  0.000347	
1.800000  1  0.000353	
1.912500  1  0.000359	
2.025000  1  0.000364	
2.137500  1  0.000368	
2.390625  1  0.000378	
2.960156  1  0.000401	
3.339844  1  0.000415	
4.194141  1  0.000444	
4.763672  1  0.000462	
6.045117  1  0.000498	
6.614648  1  0.000514	
7.896094  1  0.000547	
8.465625  1  0.000561	
9.747070  1  0.000589	
10.316602  1  0.000601	
11.598047  1  0.000625	
12.167578  1  0.000635	
13.449023  1  0.000657	
14.018555  1  0.000666	
15.300000  1  0.000686	
16.154297  1  0.000698	
18.076465  1  0.000724	
18.930762  1  0.000736	
20.852930  1  0.000761	
21.707227  1  0.000772	
23.629395  1  0.000796	
25.551562  1  0.000818	
26.405859  1  0.000827	
28.328027  1  0.000846	
29.182324  1  0.000855	
31.104492  1  0.000874	
31.958789  1  0.000882	
33.880957  1  0.000900	
34.735254  1  0.000908	
36.657422  1  0.000925	
37.511719  1  0.000932	
37.891406  1  0.000935	
38.745703  1  0.000942	
40.667871  1  0.000959	
41.522168  1  0.000966	
43.444336  1  0.000981	
44.298633  1  0.000988	
46.220801  1  0.001003	
47.502246  1  0.001012	
49.424414  1  0.001026	
50.705859  1  0.001035	
52.628027  1  0.001048	
53.753027  1  0.001055	
54.878027  1  0.001063	
56.003027  1  0.001070	
57.128027  1  0.001077	
57.461361  1  0.001079	
57.528027  1  0.001079	
57.753027  1  0.001081	
58.259277  1  0.001084	
59.398340  1  0.001092	
61.106934  1  0.001105	
62.815527  1  0.001119	
64.524121  1  0.001133	
66.232715  1  0.001150	
67.941309  1  0.001167	
69.649902  1  0.001187	
71.358496  1  0.001208	
73.067090  1  0.001230	
74.775684  1  0.001253	
76.484277  1  0.001276	
78.192871  1  0.001300	
79.901465  1  0.001324	
81.610059  1  0.001348	
83.318652  1  0.001373	
85.027246  1  0.001397	
86.735840  1  0.001422	
88.444434  1  0.001447	
90.153027  1  0.001472	
91.861621  1  0.001497	
93.570215  1  0.001523	
95.278809  1  0.001548	
96.987402  1  0.001573	
98.695996  1  0.001599	
100.404590  1  0.001624	
102.113184  1  0.001650	
103.821777  1  0.001675	
105.530371  1  0.001700	
107.238965  1  0.001726	
108.947559  1  0.001752	
110.656152  1  0.001778	
112.364746  1  0.001803	
114.073340  1  0.001829	
115.781934  1  0.001854	
117.490527  1  0.001880	
119.199121  1  0.001906	
120.907715  1  0.001931	
122.616309  1  0.001957	
124.324902  1  0.001982	
126.033496  1  0.002008	
127.742090  1  0.002034	
129.450684  1  0.002060	
131.159277  1  0.002085	
132.867871  1  0.002111	
134.576465  1  0.002137	
136.285059  1  0.002162	
137.993652  1  0.002188	
139.702246  1  0.002213	
141.410840  1  0.002239	
143.119434  1  0.002264	
144.828027  1  0.002290	
146.536621  1  0.002315	
148.245215  1  0.002340	
149.953809  1  0.002366	
151.662402  1  0.002391	
153.370996  1  0.002417	
155.079590  1  0.002442	
156.788184  1  0.002468	
158.496777  1  0.002493	
160.205371  1  0.002518	
161.913965  1  0.002544	
163.622559  1  0.002569	
165.331152  1  0.002593	
167.039746  1  0.002619	
168.748340  1  0.002645	
170.456934  1  0.002670	
172.165527  1  0.002695	
173.874121  1  0.002720	
175.582715  1  0.002746	
177.291309  1  0.002771	
178.999902  1  0.002797	
180.708496  1  0.002824	
182.417090  1  0.002847	
184.125684  1  0.002874	
185.834277  1  0.002899	
187.542871  1  0.002925	
189.251465  1  0.002950	
190.960059  1  0.002976	
192.668652  1  0.003002	
194.377246  1  0.003027	
196.085840  1  0.003051	
197.794434  1  0.003078	
199.503027  1  0.003102	
201.211621  1  0.003128	
202.920215  1  0.003152	
204.628809  1  0.003177	
206.337402  1  0.003203	
208.045996  1  0.003228	
209.754590  1  0.003254	
211.463184  1  0.003280	
213.171777  1  0.003306	
214.880371  1  0.003328	
216.588965  1  0.003354	
218.297559  1  0.003380	
220.006152  1  0.003404	
221.714746  1  0.003431	
223.423340  1  0.003456	
225.131934  1  0.003481	
226.840527  1  0.003508	
228.549121  1  0.003534	
230.257715  1  0.003560	
231.966309  1  0.003587	
233.674902  1  0.003612	
235.383496  1  0.003636	
237.092090  1  0.003661	
237.661621  1  0.003670	
238.943066  1  0.003690	
240.865234  1  0.003717	
242.787402  1  0.003746	
244.709570  1  0.003775	
246.631738  1  0.003803	
248.553906  1  0.003835	
250.476074  1  0.003862	
252.398242  1  0.003891	
253.038965  1  0.003900	
254.480591  1  0.003921	
255.922217  1  0.003942	
256.402759  1  0.003950	
257.483978  1  0.003965	
259.105807  1  0.003989	
260.727637  1  0.004014	
262.349466  1  0.004034	
263.971295  1  0.004058	
264.511905  1  0.004067	
265.728277  1  0.004085	
267.552835  1  0.004112	
269.377393  1  0.004138	
271.201950  1  0.004167	
273.026508  1  0.004193	
274.851066  1  0.004218	
275.459252  1  0.004227	
276.827671  1  0.004248	
278.196089  1  0.004268	
279.564507  1  0.004288	
280.020647  1  0.004293	
281.046961  1  0.004309	
282.586431  1  0.004330	
283.099588  1  0.004338	
284.254191  1  0.004356	
285.986096  1  0.004380	
287.718000  1  0.004403	
289.449905  1  0.004431	
291.181809  1  0.004455	
292.913714  1  0.004478	
294.645619  1  0.004500	
296.377523  1  0.004528	
298.109428  1  0.004551	
299.841332  1  0.004577	
301.573237  1  0.004599	
303.305141  1  0.004627	
305.037046  1  0.004652	
306.768950  1  0.004675	
308.500855  1  0.004698	
310.232760  1  0.004723	
311.964664  1  0.004745	
313.696569  1  0.004771	
315.428473  1  0.004795	
317.160378  1  0.004820	
318.892282  1  0.004843	
320.624187  1  0.004867	
322.356091  1  0.004891	
324.087996  1  0.004912	
325.819900  1  0.004938	
327.551805  1  0.004958	
329.283710  1  0.004983	
331.015614  1  0.005004	
332.747519  1  0.005032	
334.479423  1  0.005056	
336.211328  1  0.005076	
337.943232  1  0.005102	
339.675137  1  0.005124	
341.407041  1  0.005148	
343.138946  1  0.005168	
344.870850  1  0.005194	
346.602755  1  0.005219	
348.334660  1  0.005241	
350.066564  1  0.005266	
351.798469  1  0.005289	
353.530373  1  0.005323	
354.107675  1  0.005329	
354.540651  1  0.005336	
355.514847  1  0.005353	
356.976142  1  0.005375	
358.437436  1  0.005383	
358.924534  1  0.005389	
360.020505  1  0.005402	
