   5.0000000e+01
   5.0000000e+01
   5.0000000e+01
   5.0000000e+01
   5.0000000e+01
   5.0000000e+01
   5.0000000e+01
   5.0000000e+01
   5.0000000e+01
   5.0000000e+01
   5.0000000e+01
   5.0000000e+01
   5.0000000e+01
   5.0000000e+01
   5.0000000e+01
   5.0000000e+01
   5.0000000e+01
   5.0000000e+01
   5.0000000e+01
   5.0000000e+01
   5.0000000e+01
   5.0000000e+01
   5.0000000e+01
   5.0000000e+01
   5.0000000e+01
   5.0000000e+01
   5.0000000e+01
   5.0000000e+01
   5.0000000e+01
   5.0000000e+01
   5.0000000e+01
   5.0000000e+01
   5.0000000e+01
   5.0000000e+01
   5.0000000e+01
   5.0000000e+01
   5.0000000e+01
   5.0000000e+01
   5.0000000e+01
   5.0000000e+01
   5.0000000e+01
   5.0000000e+01
   5.0000000e+01
   5.0000000e+01
   5.0000000e+01
   5.0000000e+01
   5.0000000e+01
   5.0000000e+01
   5.0000000e+01
   5.0000000e+01
   5.0000000e+01
   5.0000000e+01
   5.0000000e+01
   5.0000000e+01
   4.9887170e+01
   4.9661509e+01
   4.9435848e+01
   5.0124198e+01
   5.0372593e+01
   5.0620989e+01
   4.9835203e+01
   4.9505608e+01
   4.9176014e+01
   5.0085239e+01
   5.0255716e+01
   5.0426193e+01
   4.8967475e+01
   4.8256390e+01
   4.7545306e+01
   4.6834221e+01
   5.1100729e+01
   5.1811814e+01
   5.2522898e+01
   5.3233983e+01
   5.0886485e+01
   5.1636592e+01
   5.2386699e+01
   5.3136806e+01
   4.8636163e+01
   4.7886056e+01
   4.7135949e+01
   4.6385842e+01
   4.6123136e+01
   4.5412052e+01
   4.4700967e+01
   4.3989882e+01
   5.3886913e+01
   5.4637021e+01
   5.5387128e+01
   5.6137235e+01
   5.3945068e+01
   5.4656153e+01
   5.5377131e+01
   5.4911918e+01
   5.5111471e+01
   5.6108003e+01
   4.5635735e+01
   4.4927995e+01
   4.5153484e+01
   4.5384370e+01
   4.4262622e+01
   4.3597250e+01
   4.4939089e+01
   4.4724694e+01
   4.5631749e+01
   4.5879127e+01
   4.6126506e+01
   4.6373884e+01
   5.4712366e+01
   5.4512813e+01
   5.4313260e+01
   5.4113707e+01
   5.5311024e+01
   5.5510577e+01
   5.5710129e+01
   5.5909682e+01
   4.3331213e+01
   4.2724960e+01
   4.2118707e+01
   4.1512454e+01
   4.3515158e+01
   4.3755560e+01
   5.6872868e+01
   5.7594028e+01
   5.8315187e+01
   5.9036346e+01
   5.6392226e+01
   5.6638670e+01
   5.6838875e+01
   5.7569746e+01
   5.8300618e+01
   5.9031490e+01
   4.2931878e+01
   4.2266505e+01
   4.1601133e+01
   4.0935760e+01
   4.3276793e+01
   4.3038429e+01
   4.2800064e+01
   4.2561700e+01
   4.3997999e+01
   4.4240438e+01
   4.4482877e+01
   4.4725317e+01
   5.6152101e+01
   5.5911976e+01
   5.5671851e+01
   5.6891433e+01
   5.7144197e+01
   5.7396960e+01
   5.7649723e+01
   5.6109235e+01
   5.6308788e+01
   4.6621263e+01
   4.6868641e+01
   4.7116020e+01
   4.7363398e+01
   5.3914154e+01
   5.3714601e+01
   5.3515049e+01
   5.3270271e+01
   5.3962859e+01
   5.3315496e+01
   4.0906201e+01
   4.4967756e+01
   4.5210195e+01
   4.5452634e+01
   4.5695073e+01
   4.2323335e+01
   4.2084971e+01
   4.1846606e+01
   4.1608242e+01
   5.7902487e+01
   5.8155250e+01
   5.8408013e+01
   5.8660776e+01
   4.7610777e+01
   4.7858155e+01
   4.8105534e+01
   4.8352912e+01
   5.2581163e+01
   5.1892055e+01
   5.1202947e+01
   5.0513839e+01
   5.4658928e+01
   5.5354996e+01
   5.6051065e+01
   5.6747133e+01
   5.3115943e+01
   5.2916390e+01
   5.2716837e+01
   5.2517284e+01
   4.1369877e+01
   4.1131513e+01
   4.0893148e+01
   4.0654784e+01
   5.8913540e+01
   5.9166303e+01
   5.9419066e+01
   5.9671829e+01
   4.8601665e+01
   4.8851792e+01
   4.9101920e+01
   4.9352047e+01
   4.8124728e+01
   4.8830689e+01
   5.7443201e+01
   5.8139270e+01
   5.8835338e+01
   5.9531407e+01
   5.2317731e+01
   4.7420980e+01
   4.6717232e+01
   4.6013483e+01
   4.5309735e+01
   4.9538863e+01
   5.0247037e+01
   4.0416419e+01
   4.0178055e+01
   3.9939690e+01
   3.9701326e+01
   5.9924593e+01
   6.0177356e+01
   6.0430119e+01
   6.0682883e+01
   6.0192672e+01
   6.0819134e+01
   6.1445596e+01
   6.2072058e+01
   5.9757864e+01
   5.9998940e+01
   4.9602174e+01
   4.9852301e+01
   5.0102428e+01
   5.0352555e+01
   4.4605987e+01
   4.3902239e+01
   4.3198491e+01
   4.2494743e+01
   3.9459687e+01
   3.9214774e+01
   3.8969861e+01
   3.8724948e+01
   3.9226217e+01
   3.9748863e+01
   6.0935646e+01
   6.1188409e+01
   6.1441172e+01
   6.1693936e+01
   6.0237938e+01
   6.0476935e+01
   6.0715933e+01
   6.0954931e+01
   5.9514710e+01
   5.9271556e+01
   5.9028401e+01
   5.8785247e+01
   5.0602682e+01
   5.0852810e+01
   5.1102937e+01
   5.1353064e+01
   4.1790995e+01
   4.1079395e+01
   4.1316610e+01
   4.1561632e+01
   4.0359943e+01
   3.9640490e+01
   6.1193929e+01
   6.1432927e+01
   6.1671924e+01
   6.1910922e+01
   5.8542093e+01
   5.8298939e+01
   5.8055785e+01
   5.7812631e+01
   5.2437295e+01
   6.1946699e+01
   6.2199462e+01
   6.2452225e+01
   6.2704989e+01
   4.1071589e+01
   4.0826567e+01
   4.0581546e+01
   4.0336525e+01
   4.1806653e+01
   4.2051674e+01
   4.2296696e+01
   4.2541717e+01
   3.8514362e+01
   3.7802508e+01
   3.7090654e+01
   3.6378799e+01
   5.1603191e+01
   5.1853318e+01
   5.2103445e+01
   5.2353572e+01
   5.2699086e+01
   5.2736977e+01
   3.8921038e+01
   3.8201586e+01
   3.7482134e+01
   3.6762682e+01
   5.2727861e+01
   6.2149920e+01
   6.2388918e+01
   6.2627915e+01
   6.2866913e+01
   4.0091503e+01
   3.9846482e+01
   3.9601460e+01
   3.9356439e+01
   5.2743498e+01
   4.2786739e+01
   4.3031760e+01
   4.3276781e+01
   4.3521803e+01
   5.2603700e+01
   5.2853827e+01
   5.3103954e+01
   5.3354081e+01
   5.7569477e+01
   5.7326322e+01
   5.7083168e+01
   5.6840014e+01
   5.3604208e+01
   5.3854335e+01
   5.4104462e+01
   5.4354589e+01
   3.8480035e+01
   3.8235122e+01
   3.7990209e+01
   3.7745296e+01
   5.2783890e+01
   6.2957752e+01
   6.3210515e+01
   6.3463279e+01
   6.3716042e+01
   4.3766824e+01
   4.4011846e+01
   4.4256867e+01
   4.4501888e+01
   5.4604717e+01
   5.4854844e+01
   5.5104971e+01
   5.5355098e+01
   3.6043230e+01
   3.5323777e+01
   3.4604325e+01
   3.3884873e+01
   5.2811723e+01
   3.9111418e+01
   3.8866396e+01
   3.8621375e+01
   3.8376353e+01
   5.5605225e+01
   5.5855352e+01
   5.6105479e+01
   5.6355607e+01
   5.6605734e+01
   5.6855861e+01
   5.7105988e+01
   5.7356115e+01
   3.5666945e+01
   3.4955091e+01
   3.4243237e+01
   3.3531382e+01
   5.2853487e+01
   5.7601776e+01
   5.7842970e+01
   5.8084164e+01
   5.8325358e+01
   5.7115833e+01
   5.7773981e+01
   5.8359587e+01
   5.8945192e+01
   5.6385143e+01
   5.5654453e+01
   5.4923762e+01
   5.4193072e+01
   5.6596860e+01
   5.6353706e+01
   5.6110552e+01
   5.5867398e+01
   5.8566552e+01
   5.8807746e+01
   5.9048940e+01
   5.9290134e+01
   5.3462381e+01
   5.2731691e+01
   5.2001000e+01
   5.1270310e+01
   3.3165421e+01
   3.2445969e+01
   3.1726516e+01
   3.1007064e+01
   6.3968805e+01
   6.4221568e+01
   6.4474332e+01
   6.4727095e+01
   5.0539619e+01
   4.9808929e+01
   4.9078238e+01
   4.8347548e+01
   5.2957718e+01
