   9.7039490e+00   2.9763841e+01   1.9452400e+01   3.1922319e+01
   2.4035069e+01   2.0000000e+02   1.6123436e+01   1.9791104e+02
   3.0804844e+01   1.8216728e+02   3.9522055e+01   1.8631672e+02
   8.3017030e+01   2.8030046e+01   9.3030490e+01   3.3484178e+01
   1.1321423e+01   1.7759291e+02   2.1675552e+01   1.8284976e+02
   0.0000000e+00   5.3756791e+01   6.9938160e+00   5.6851777e+01
   4.4310015e+01   5.1304391e+01   5.4830410e+01   5.5037912e+01
   6.4899120e+01   7.4616406e+00   7.3567620e+01   1.3630571e+01
   0.0000000e+00   6.3415234e+00   4.8876420e+00   7.6506207e+00
   8.9296030e+01   7.1921617e+01   9.6440440e+01   7.3884637e+01
   1.0000000e+02   1.1297786e+02   8.7420330e+01   1.0785904e+02
   2.3520672e+01   1.7927568e+01   3.5539291e+01   2.3679109e+01
   1.6800163e+01   1.6429070e+02   2.5108902e+01   1.6709615e+02
   6.2854460e+00   1.1751339e+02   1.4022713e+01   1.2100032e+02
   1.0000000e+02   1.0485571e+02   9.3839450e+01   1.0123824e+02
   2.1625164e+01   1.2990052e+01   2.8461945e+01   1.5102784e+01
   1.5662937e+01   1.0090560e+02   2.5457150e+01   1.0968636e+02
   7.6214160e+01   1.9391923e+02   8.5027950e+01   1.9848475e+02
   1.8856972e+01   1.4704701e+02   2.8286999e+01   1.5033819e+02
   5.8765910e+01   9.0738145e+01   6.8674590e+01   9.4242700e+01
   7.7438280e+01   1.5169938e+01   8.5304520e+01   2.1254991e+01
   6.0809330e+00   1.1161681e+02   1.8498974e+01   1.1750345e+02
   6.9897730e+01   3.1797471e+01   7.7542780e+01   3.3375276e+01
   4.1158070e+00   1.0050491e+02   1.5393982e+01   1.0168288e+02
   1.1062390e+00   7.2538316e+01   1.2511490e+01   7.3861627e+01
   7.2907100e+01   4.9066522e+01   7.9829840e+01   5.0620233e+01
   3.8490730e+01   1.3047225e+02   4.5601101e+01   1.3243643e+02
   4.7546251e+01   6.4036493e+01   5.8068390e+01   6.6505594e+01
   9.1011830e+01   8.9391725e+01   9.8188520e+01   9.1153894e+01
   2.1294689e+01   8.7354615e+01   2.6762104e+01   9.3796502e+01
   4.2372900e-01   7.7800538e+01   8.5415080e+00   7.9816087e+01
   7.5833660e+01   7.6249925e+01   8.4104370e+01   8.0628534e+01
   8.5216740e+01   1.7170118e+02   9.1660390e+01   1.7604954e+02
   5.0002990e+01   1.0589872e+02   5.6839900e+01   1.1082302e+02
   3.5502972e+01   1.3035006e+02   4.4971520e+01   1.3929962e+02
   5.0054350e+01   9.5125192e+01   5.8549040e+01   9.9457399e+01
   1.8646683e+01   1.6779571e+02   3.0116905e+01   1.7148264e+02
   1.4434216e+01   8.7457048e+01   2.2853157e+01   9.0293382e+01
   6.6410610e+01   1.8942400e+02   7.6398370e+01   1.9152336e+02
   1.0000000e+02   6.8689500e+01   9.6242910e+01   6.7402780e+01
   5.9078440e+01   1.7125669e+02   6.9890100e+01   1.7731531e+02
   3.5729637e+01   9.4229539e+01   4.7336792e+01   1.0075411e+02
   6.3105750e+01   3.8871949e+01   7.4375170e+01   4.4890718e+01
   1.9049187e+01   3.6508714e+01   2.9444836e+01   4.1558961e+01
   0.0000000e+00   1.4116616e+02   6.9951900e+00   1.4534407e+02
   0.0000000e+00   1.0031724e+01   6.1763690e+00   1.3794618e+01
   2.7869030e+01   1.4727166e+02   3.8243244e+01   1.5081174e+02
   7.9992640e+01   5.2030931e+01   8.7595460e+01   5.4253183e+01
   4.1938793e+01   6.7158776e+01   5.0145970e+01   7.0069703e+01
   2.6999725e+01   5.1235516e+00   3.3749184e+01   8.7904370e+00
   5.2785500e-01   4.5464196e+01   9.1019130e+00   4.9696595e+01
   7.9486000e+01   6.3833268e+01   8.9554600e+01   6.6898591e+01
   2.7669613e+01   7.6032045e+01   3.7010437e+01   7.9227166e+01
   1.0000000e+02   2.8601533e+01   8.9553580e+01   2.1740815e+01
   3.8350899e+01   1.7173394e+02   4.8730274e+01   1.7485631e+02
   2.6487587e+01   2.8386079e+01   3.4833973e+01   3.4570756e+01
   7.1236080e+01   1.9932481e+01   8.2177520e+01   2.4873841e+01
   6.6890720e+01   1.2364839e+02   7.5593110e+01   1.2777430e+02
   5.7240450e+00   1.9071308e+02   1.5576199e+01   1.9563134e+02
   9.3695720e+00   1.8712279e+02   1.8558571e+01   1.8955453e+02
   7.0208940e+01   2.0000000e+02   6.1396190e+01   1.9782372e+02
   8.8395900e+01   9.6220292e+01   9.8305990e+01   1.0097494e+02
   0.0000000e+00   1.9588922e+02   4.1351550e+00   1.9894846e+02
   7.6963790e+01   9.5422631e+01   8.5117370e+01   1.0085886e+02
   1.1644238e+01   1.4896204e+02   2.0530090e+01   1.5896770e+02
   6.6612350e+01   8.6145860e+01   7.6511840e+01   9.0487695e+01
   6.3895980e+01   6.2101548e+01   7.2098790e+01   6.6324937e+01
   5.6411070e+01   1.6203144e+02   6.7416140e+01   1.6588801e+02
   1.0000000e+02   4.0767854e+01   9.4177700e+01   3.7145768e+01
   2.0665157e+01   1.0863502e+02   3.0284599e+01   1.1654724e+02
   7.9801780e+01   1.6133412e+02   8.8971050e+01   1.6849081e+02
   2.5210026e+01   1.0070619e+01   3.5086971e+01   1.3255082e+01
   4.9776540e+00   8.4364788e+00   1.6656853e+01   1.3869401e+01
   8.8161310e+01   1.5379123e+02   9.6259220e+01   1.5818991e+02
   5.1701080e+01   1.8999353e+02   6.0085170e+01   1.9316996e+02
   0.0000000e+00   1.4793754e+02   7.9170760e+00   1.5116207e+02
   2.8636047e+01   7.0436181e+01   3.9006832e+01   7.7356614e+01
   1.0000000e+02   1.4199084e+02   9.3811510e+01   1.3900240e+02
   5.5494560e+01   3.0595796e+01   6.6742200e+01   3.6099626e+01
   8.7732350e+01   1.0288622e+02   9.7256390e+01   1.0867917e+02
   7.1460460e+01   1.8502260e+02   7.7583790e+01   1.8860110e+02
   6.3919360e+01   1.8003308e+02   7.4628840e+01   1.7909251e+02
   3.3559032e+01   1.0753072e+02   4.5212198e+01   1.0867778e+02
   1.0000000e+02   6.8591592e+01   9.6196890e+01   6.4079744e+01
   8.4239690e+01   1.3022465e+02   9.3646430e+01   1.3388928e+02
   8.3693540e+01   1.2336574e+02   8.9777350e+01   1.2715724e+02
   2.2408745e+01   4.3413820e+01   2.9500828e+01   4.5092897e+01
   3.1335514e+01   1.9033172e+02   4.1919180e+01   1.9299261e+02
   6.5360610e+01   1.0672106e+02   7.6789060e+01   1.1234343e+02
   1.2257500e+01   1.5381504e+02   2.3927197e+01   1.5855111e+02
   7.0084780e+01   4.7685406e+00   8.1578730e+01   1.2444520e+01
   4.3277304e+01   8.8033311e+01   5.0141520e+01   9.2437745e+01
   5.3117770e+01   4.1447358e+01   6.3003090e+01   4.4957139e+01
   4.2672031e+01   7.7015306e+01   5.2150280e+01   8.0283715e+01
   1.0000000e+02   1.7116700e+01   9.3142370e+01   1.5035341e+01
   4.0785795e+01   1.5511651e+02   4.6568142e+01   1.6018741e+02
   6.5679060e+01   7.0229333e+01   7.1446680e+01   7.4407029e+01
   8.0078160e+01   1.7191775e+02   8.7398260e+01   1.8056731e+02
   7.6570650e+01   1.5590256e+02   8.7037330e+01   1.6285034e+02
   7.5776270e+01   1.0590891e+02   8.7043290e+01   1.1081049e+02
   6.9540100e+01   1.8092886e+02   8.1253230e+01   1.8597103e+02
   4.1962315e+01   2.6476045e+01   5.4820500e+01   3.1074830e+01
   5.6801060e+01   1.4473855e+02   6.6489640e+01   1.4885004e+02
   4.0743710e+00   1.3445250e+02   1.4711662e+01   1.3927548e+02
   4.9554140e+00   1.3885346e+02   1.4782887e+01   1.4446183e+02
   2.8713478e+01   7.9454469e+01   4.0833893e+01   8.5997758e+01
   8.1656510e+01   1.1500000e-06   9.2742020e+01   7.5045178e+00
   5.2360030e+01   2.2140057e+00   6.1664130e+01   5.9196026e+00
   4.6105572e+01   6.7844708e+00   5.3555820e+01   1.1271943e+01
   6.7169060e+01   1.4210870e+02   7.5494420e+01   1.4809668e+02
   8.0167620e+01   8.2520044e+01   8.8659940e+01   8.7403260e+01
   7.2575280e+01   1.6557705e+02   7.8550310e+01   1.6983039e+02
   3.0508614e+01   8.6862397e+01   3.7337402e+01   8.9243486e+01
   3.9646715e+01   1.2589243e+02   4.8693195e+01   1.3190645e+02
   9.1768700e+01   5.6460244e+01   9.8298410e+01   5.9385354e+01
   7.0342640e+01   2.7553621e+01   7.8359010e+01   2.9564576e+01
   2.2578144e+01   1.2764839e+02   3.0181320e+01   1.2905959e+02
   0.0000000e+00   1.2739984e+02   8.1814770e+00   1.2931107e+02
   4.1607418e+01   1.4339928e+02   4.9744129e+01   1.4759376e+02
   5.2042470e+01   1.9700328e+02   5.8291030e+01   2.0000000e+02
   4.7250313e+01   2.0000000e+02   4.1956707e+01   1.9884448e+02
   1.7596161e+01   9.8105165e+01   2.9592571e+01   1.0399344e+02
   3.5913384e+01   2.6703981e+01   4.6339869e+01   3.4212327e+01
   6.9469220e+01   1.3570464e+02   7.7418320e+01   1.4208530e+02
   3.1435787e+01   3.7526292e+01   4.0215315e+01   4.2678407e+01
   1.7442955e+01   5.1423883e+01   2.9064590e+01   5.3347932e+01
   6.0471000e-02   2.7472444e+01   6.1649170e+00   3.2805467e+01
   5.9630220e+01   1.5518549e+02   7.2359850e+01   1.5923581e+02
   1.9769440e+01   1.6102198e+02   2.7351551e+01   1.6410093e+02
   9.0133100e+01   1.1500000e-06   9.7315150e+01   4.6437847e+00
   6.3539740e+01   4.6710519e+01   7.4881740e+01   5.2941781e+01
   9.4678120e+00   1.7214531e+02   2.2648254e+01   1.7734197e+02
   0.0000000e+00   1.5573661e+02   6.1697160e+00   1.5838046e+02
   4.5019642e+01   5.4405778e+01   5.2240870e+01   6.0394197e+01
   4.3385702e+01   7.2163041e+01   5.5339490e+01   7.6663636e+01
   6.9108990e+01   9.7852906e+01   7.9168530e+01   1.0263522e+02
   3.0462795e+01   1.1966632e+02   3.7718357e+01   1.2159652e+02
   1.0000000e+02   1.5563011e+02   9.2046920e+01   1.4891587e+02
   8.3986530e+01   7.6209390e+01   9.0647790e+01   8.1979539e+01
   5.4527780e+01   1.2158394e+02   6.2594890e+01   1.3083514e+02
   4.1309923e+01   9.4804852e+00   4.9164986e+01   1.4167894e+01
   6.9332430e+00   3.4508831e+00   1.5081772e+01   9.2961895e+00
   4.6294899e+01   2.3349687e+01   5.8758010e+01   2.5297059e+01
   3.3745312e+01   1.1467882e+02   4.4324425e+01   1.2149618e+02
   4.2538242e+01   1.6686262e+02   5.3943560e+01   1.7234485e+02
   1.5656323e+01   6.8707231e+01   2.5735462e+01   7.4856950e+01
