   3.9512584e-03
   3.9316354e-03
   3.9102297e-03
   3.8869851e-03
   3.8618657e-03
   3.8348574e-03
  -0.0000000e+00
  -0.0000000e+00
  -0.0000000e+00
   3.6522209e-03
   3.5655703e-03
   3.4706249e-03
   3.3811112e-03
   3.2984087e-03
   3.2220702e-03
   3.1513124e-03
   3.0853114e-03
   3.0232763e-03
   2.9644698e-03
   2.9082584e-03
   2.8545829e-03
   2.8069785e-03
   2.7529979e-03
   2.7082404e-03
   2.6601053e-03
   2.6124399e-03
   2.5655869e-03
   2.5193693e-03
   2.4735906e-03
   2.4280898e-03
   2.3827354e-03
   2.3374157e-03
   2.2920333e-03
   2.2464999e-03
   2.2007346e-03
   2.1546614e-03
   2.1082081e-03
   2.0613057e-03
   2.0138912e-03
   1.9658819e-03
   1.9172171e-03
   1.8678326e-03
   1.8176648e-03
   1.7666513e-03
   1.7147333e-03
   1.6618577e-03
   1.6079814e-03
   1.5530777e-03
   1.4971465e-03
   1.4402281e-03
   1.3824232e-03
   1.3239171e-03
   1.2650069e-03
   1.2061182e-03
   1.1477958e-03
   1.0906490e-03
   1.0353256e-03
   9.8329305e-04
   3.9069539e-04
   3.4343236e-04
   2.7400602e-04
   1.7598069e-04
   4.0968704e-05
  -0.0000000e+00
  -0.0000000e+00
  -0.0000000e+00
  -0.0000000e+00
  -0.0000000e+00
  -0.0000000e+00
  -0.0000000e+00
  -0.0000000e+00
  -0.0000000e+00
  -0.0000000e+00
   8.6375260e-04
   8.7860900e-04
   8.6933756e-04
   8.6203727e-04
   8.6712234e-04
   8.8322841e-04
  -0.0000000e+00
  -0.0000000e+00
  -0.0000000e+00
  -0.0000000e+00
  -0.0000000e+00
  -0.0000000e+00
  -0.0000000e+00
  -0.0000000e+00
  -0.0000000e+00
  -0.0000000e+00
  -0.0000000e+00
  -0.0000000e+00
  -0.0000000e+00
  -0.0000000e+00
  -0.0000000e+00
  -0.0000000e+00
  -0.0000000e+00
  -0.0000000e+00
  -0.0000000e+00
  -0.0000000e+00
  -0.0000000e+00
  -0.0000000e+00
  -0.0000000e+00
  -0.0000000e+00
  -0.0000000e+00
  -0.0000000e+00
  -0.0000000e+00
   4.0873714e-04
   2.6966041e-04
   2.0044321e-04
   1.3750875e-04
   7.9308416e-05
   2.5309403e-05
  -0.0000000e+00
  -0.0000000e+00
  -0.0000000e+00
  -0.0000000e+00
  -0.0000000e+00
  -0.0000000e+00
  -0.0000000e+00
  -0.0000000e+00
  -0.0000000e+00
  -0.0000000e+00
  -0.0000000e+00
  -0.0000000e+00
  -0.0000000e+00
  -0.0000000e+00
  -0.0000000e+00
  -0.0000000e+00
  -0.0000000e+00
  -0.0000000e+00
  -0.0000000e+00
  -0.0000000e+00
  -0.0000000e+00
  -0.0000000e+00
  -0.0000000e+00
  -0.0000000e+00
  -0.0000000e+00
  -0.0000000e+00
  -0.0000000e+00
  -0.0000000e+00
  -0.0000000e+00
  -0.0000000e+00
  -0.0000000e+00
  -0.0000000e+00
  -0.0000000e+00
  -0.0000000e+00
  -0.0000000e+00
  -0.0000000e+00
  -0.0000000e+00
  -0.0000000e+00
  -0.0000000e+00
  -0.0000000e+00
  -0.0000000e+00
  -0.0000000e+00
  -0.0000000e+00
  -0.0000000e+00
  -0.0000000e+00
  -0.0000000e+00
  -0.0000000e+00
  -0.0000000e+00
  -0.0000000e+00
  -0.0000000e+00
  -0.0000000e+00
  -0.0000000e+00
  -0.0000000e+00
  -0.0000000e+00
  -0.0000000e+00
  -0.0000000e+00
  -0.0000000e+00
  -0.0000000e+00
  -0.0000000e+00
  -0.0000000e+00
  -0.0000000e+00
  -0.0000000e+00
  -0.0000000e+00
  -0.0000000e+00
  -0.0000000e+00
  -0.0000000e+00
  -0.0000000e+00
  -0.0000000e+00
  -0.0000000e+00
  -0.0000000e+00
  -0.0000000e+00
  -0.0000000e+00
  -0.0000000e+00
  -0.0000000e+00
  -0.0000000e+00
  -0.0000000e+00
  -0.0000000e+00
  -0.0000000e+00
  -0.0000000e+00
  -0.0000000e+00
  -0.0000000e+00
  -0.0000000e+00
  -0.0000000e+00
  -0.0000000e+00
  -0.0000000e+00
  -0.0000000e+00
  -0.0000000e+00
  -0.0000000e+00
  -0.0000000e+00
  -0.0000000e+00
  -0.0000000e+00
  -0.0000000e+00
  -0.0000000e+00
  -0.0000000e+00
  -0.0000000e+00
  -0.0000000e+00
  -0.0000000e+00
  -0.0000000e+00
  -0.0000000e+00
  -0.0000000e+00
  -0.0000000e+00
  -0.0000000e+00
  -0.0000000e+00
  -0.0000000e+00
  -0.0000000e+00
  -0.0000000e+00
  -0.0000000e+00
  -0.0000000e+00
  -0.0000000e+00
  -0.0000000e+00
  -0.0000000e+00
  -0.0000000e+00
  -0.0000000e+00
  -0.0000000e+00
  -0.0000000e+00
  -0.0000000e+00
  -0.0000000e+00
  -0.0000000e+00
   5.9171073e-05
   1.3925600e-04
   2.1191509e-04
   2.7269561e-04
   3.1593041e-04
   3.3511186e-04
  -0.0000000e+00
  -0.0000000e+00
  -0.0000000e+00
  -0.0000000e+00
  -0.0000000e+00
  -0.0000000e+00
  -0.0000000e+00
  -0.0000000e+00
  -0.0000000e+00
  -0.0000000e+00
  -0.0000000e+00
  -0.0000000e+00
  -0.0000000e+00
  -0.0000000e+00
  -0.0000000e+00
  -0.0000000e+00
  -0.0000000e+00
  -0.0000000e+00
  -0.0000000e+00
  -0.0000000e+00
  -0.0000000e+00
  -0.0000000e+00
  -0.0000000e+00
  -0.0000000e+00
  -0.0000000e+00
  -0.0000000e+00
  -0.0000000e+00
  -0.0000000e+00
  -0.0000000e+00
  -0.0000000e+00
  -0.0000000e+00
  -0.0000000e+00
  -0.0000000e+00
  -0.0000000e+00
  -0.0000000e+00
  -0.0000000e+00
  -0.0000000e+00
  -0.0000000e+00
  -0.0000000e+00
  -0.0000000e+00
  -0.0000000e+00
  -0.0000000e+00
  -0.0000000e+00
  -0.0000000e+00
  -0.0000000e+00
  -0.0000000e+00
  -0.0000000e+00
  -0.0000000e+00
  -0.0000000e+00
  -0.0000000e+00
  -0.0000000e+00
  -0.0000000e+00
  -0.0000000e+00
  -0.0000000e+00
  -0.0000000e+00
  -0.0000000e+00
  -0.0000000e+00
  -0.0000000e+00
  -0.0000000e+00
  -0.0000000e+00
  -0.0000000e+00
  -0.0000000e+00
  -0.0000000e+00
  -0.0000000e+00
  -0.0000000e+00
  -0.0000000e+00
  -0.0000000e+00
  -0.0000000e+00
  -0.0000000e+00
  -0.0000000e+00
  -0.0000000e+00
  -0.0000000e+00
  -0.0000000e+00
  -0.0000000e+00
  -0.0000000e+00
  -0.0000000e+00
  -0.0000000e+00
  -0.0000000e+00
  -0.0000000e+00
  -0.0000000e+00
  -0.0000000e+00
  -0.0000000e+00
  -0.0000000e+00
  -0.0000000e+00
  -0.0000000e+00
  -0.0000000e+00
  -0.0000000e+00
  -0.0000000e+00
  -0.0000000e+00
  -0.0000000e+00
  -0.0000000e+00
  -0.0000000e+00
  -0.0000000e+00
  -0.0000000e+00
  -0.0000000e+00
  -0.0000000e+00
  -0.0000000e+00
  -0.0000000e+00
  -0.0000000e+00
  -0.0000000e+00
  -0.0000000e+00
  -0.0000000e+00
  -0.0000000e+00
  -0.0000000e+00
  -0.0000000e+00
  -0.0000000e+00
  -0.0000000e+00
  -0.0000000e+00
  -0.0000000e+00
  -0.0000000e+00
  -0.0000000e+00
  -0.0000000e+00
  -0.0000000e+00
  -0.0000000e+00
  -0.0000000e+00
  -0.0000000e+00
  -0.0000000e+00
  -0.0000000e+00
  -0.0000000e+00
  -0.0000000e+00
  -0.0000000e+00
  -0.0000000e+00
  -0.0000000e+00
  -0.0000000e+00
  -0.0000000e+00
  -0.0000000e+00
  -0.0000000e+00
  -0.0000000e+00
  -0.0000000e+00
  -0.0000000e+00
  -0.0000000e+00
  -0.0000000e+00
  -0.0000000e+00
  -0.0000000e+00
  -0.0000000e+00
  -0.0000000e+00
  -0.0000000e+00
   4.1986123e-04
   5.1414421e-04
   6.0421856e-04
   6.9432128e-04
   7.8873346e-04
   8.8911605e-04
   9.8845885e-04
   1.0132390e-03
   1.1272591e-03
   1.2543373e-03
   1.3865224e-03
   1.5229660e-03
   1.6622984e-03
   1.7949886e-03
  -0.0000000e+00
  -0.0000000e+00
  -0.0000000e+00
  -0.0000000e+00
  -0.0000000e+00
  -0.0000000e+00
  -0.0000000e+00
  -0.0000000e+00
  -0.0000000e+00
  -0.0000000e+00
  -0.0000000e+00
  -0.0000000e+00
  -0.0000000e+00
  -0.0000000e+00
  -0.0000000e+00
  -0.0000000e+00
  -0.0000000e+00
  -0.0000000e+00
  -0.0000000e+00
  -0.0000000e+00
  -0.0000000e+00
  -0.0000000e+00
  -0.0000000e+00
  -0.0000000e+00
  -0.0000000e+00
  -0.0000000e+00
  -0.0000000e+00
  -0.0000000e+00
  -0.0000000e+00
  -0.0000000e+00
  -0.0000000e+00
  -0.0000000e+00
  -0.0000000e+00
  -0.0000000e+00
  -0.0000000e+00
  -0.0000000e+00
  -0.0000000e+00
  -0.0000000e+00
  -0.0000000e+00
  -0.0000000e+00
  -0.0000000e+00
  -0.0000000e+00
  -0.0000000e+00
  -0.0000000e+00
  -0.0000000e+00
  -0.0000000e+00
  -0.0000000e+00
  -0.0000000e+00
  -0.0000000e+00
  -0.0000000e+00
  -0.0000000e+00
  -0.0000000e+00
  -0.0000000e+00
  -0.0000000e+00
  -0.0000000e+00
  -0.0000000e+00
  -0.0000000e+00
  -0.0000000e+00
  -0.0000000e+00
  -0.0000000e+00
  -0.0000000e+00
  -0.0000000e+00
  -0.0000000e+00
  -0.0000000e+00
  -0.0000000e+00
  -0.0000000e+00
  -0.0000000e+00
  -0.0000000e+00
  -0.0000000e+00
  -0.0000000e+00
  -0.0000000e+00
  -0.0000000e+00
  -0.0000000e+00
  -0.0000000e+00
  -0.0000000e+00
  -0.0000000e+00
  -0.0000000e+00
  -0.0000000e+00
  -0.0000000e+00
  -0.0000000e+00
  -0.0000000e+00
  -0.0000000e+00
  -0.0000000e+00
  -0.0000000e+00
  -0.0000000e+00
  -0.0000000e+00
  -0.0000000e+00
  -0.0000000e+00
  -0.0000000e+00
  -0.0000000e+00
  -0.0000000e+00
  -0.0000000e+00
  -0.0000000e+00
  -0.0000000e+00
  -0.0000000e+00
  -0.0000000e+00
  -0.0000000e+00
  -0.0000000e+00
  -0.0000000e+00
  -0.0000000e+00
  -0.0000000e+00
  -0.0000000e+00
  -0.0000000e+00
  -0.0000000e+00
  -0.0000000e+00
  -0.0000000e+00
  -0.0000000e+00
  -0.0000000e+00
  -0.0000000e+00
  -0.0000000e+00
  -0.0000000e+00
  -0.0000000e+00
  -0.0000000e+00
  -0.0000000e+00
  -0.0000000e+00
  -0.0000000e+00
  -0.0000000e+00
  -0.0000000e+00
  -0.0000000e+00
  -0.0000000e+00
  -0.0000000e+00
  -0.0000000e+00
  -0.0000000e+00
  -0.0000000e+00
  -0.0000000e+00
  -0.0000000e+00
  -0.0000000e+00
  -0.0000000e+00
  -0.0000000e+00
  -0.0000000e+00
  -0.0000000e+00
  -0.0000000e+00
  -0.0000000e+00
  -0.0000000e+00
  -0.0000000e+00
  -0.0000000e+00
  -0.0000000e+00
  -0.0000000e+00
  -0.0000000e+00
  -0.0000000e+00
  -0.0000000e+00
  -0.0000000e+00
  -0.0000000e+00
  -0.0000000e+00
  -0.0000000e+00
  -0.0000000e+00
  -0.0000000e+00
  -0.0000000e+00
  -0.0000000e+00
  -0.0000000e+00
  -0.0000000e+00
  -0.0000000e+00
  -0.0000000e+00
  -0.0000000e+00
  -0.0000000e+00
  -0.0000000e+00
  -0.0000000e+00
  -0.0000000e+00
  -0.0000000e+00
  -0.0000000e+00
  -0.0000000e+00
  -0.0000000e+00
  -0.0000000e+00
  -0.0000000e+00
  -0.0000000e+00
  -0.0000000e+00
  -0.0000000e+00
  -0.0000000e+00
  -0.0000000e+00
  -0.0000000e+00
  -0.0000000e+00
  -0.0000000e+00
  -0.0000000e+00
  -0.0000000e+00
  -0.0000000e+00
  -0.0000000e+00
  -0.0000000e+00
  -0.0000000e+00
  -0.0000000e+00
  -0.0000000e+00
  -0.0000000e+00
  -0.0000000e+00
  -0.0000000e+00
  -0.0000000e+00
  -0.0000000e+00
  -0.0000000e+00
  -0.0000000e+00
  -0.0000000e+00
  -0.0000000e+00
  -0.0000000e+00
   3.9691473e-03
   3.8059374e-03
   3.9853525e-03
   3.7750835e-03
   3.9999283e-03
   3.7422749e-03
   4.0129356e-03
   3.7074937e-03
   4.0244433e-03
   3.6707251e-03
   4.0345321e-03
   3.6319578e-03
   4.0432969e-03
   3.5911836e-03
   4.0508520e-03
   3.5483955e-03
   4.0573358e-03
   3.5035839e-03
   4.0629177e-03
   3.4567283e-03
   4.0678057e-03
   3.4077828e-03
   4.0722544e-03
   3.3566526e-03
   4.0765729e-03
   3.3031592e-03
   4.0811284e-03
   3.2469961e-03
   4.0863392e-03
   3.1876878e-03
   4.0926415e-03
   3.1245827e-03
   4.1004008e-03
   3.0569256e-03
   4.1096928e-03
   2.9840329e-03
   4.1197650e-03
   2.9054983e-03
   4.1277041e-03
   2.8212278e-03
   4.1262420e-03
   4.1130989e-03
   4.0998464e-03
   4.0808967e-03
   9.0079330e-04
   9.2362075e-04
  -0.0000000e+00
  -0.0000000e+00
   2.7319404e-03
   2.6686639e-03
   2.6216215e-03
   2.5758706e-03
  -0.0000000e+00
  -0.0000000e+00
   3.6568000e-04
   3.2359831e-04
   5.1598551e-04
   4.7936948e-04
   4.3656677e-04
   3.8877844e-04
   3.4072144e-04
   2.7490243e-04
   2.0618637e-04
   1.3568462e-04
   5.5933503e-05
