   1.5761061e-05
   1.8087170e-05
   1.4256344e-05
   2.1229411e-05
   1.3588627e-05
   2.5192454e-05
   1.3784426e-05
   2.9990583e-05
   1.4881909e-05
   3.5647415e-05
   1.6931852e-05
   4.2195577e-05
   1.9998822e-05
   4.9676205e-05
   2.4162596e-05
   5.8138107e-05
   2.9519827e-05
   6.7636356e-05
   3.6185881e-05
   7.8229995e-05
   4.4296795e-05
   8.9978504e-05
   5.4011136e-05
   1.0293669e-04
   6.5511467e-05
   1.1714791e-04
   7.9004880e-05
   1.3263635e-04
   9.4721847e-05
   1.4940127e-04
   1.1291244e-04
   1.6741935e-04
   1.3383929e-04
   1.8666654e-04
   1.5776844e-04
   2.0717451e-04
   1.8496522e-04
   2.2913524e-04
   2.1571679e-04
   2.5304663e-04
   2.5043181e-04
   2.7984565e-04
   2.8988052e-04
   3.1090453e-04
   3.3535538e-04
   3.4760618e-04
   3.8662194e-04
   4.2085196e-04
   4.4556856e-04
   4.7028821e-04
   3.8946147e-04
   4.1840934e-04
   4.3930835e-04
   4.6000608e-04
   5.2156316e-05
   5.5558371e-05
   5.2672275e-05
   2.6046224e-03
   2.5860528e-03
   2.5685450e-03
   4.1899730e-03
   4.1835455e-03
   4.1778786e-03
   2.0140633e-04
   1.9463810e-04
   1.8159051e-04
   4.7730687e-05
   3.6618408e-05
   7.0734886e-08
  -3.5759901e-07
   2.5441969e-03
   2.5027942e-03
   2.4549039e-03
   2.4011511e-03
   1.6000751e-04
   1.0894644e-04
  -4.5031830e-07
  -2.7939907e-07
   4.1698016e-03
   4.1528522e-03
   4.1245554e-03
   4.0771534e-03
  -4.9164220e-07
   4.9017869e-07
   3.6257933e-07
   7.5459604e-07
   5.5149370e-07
   3.5088359e-07
  -4.2102846e-07
   6.8364275e-07
   2.3418026e-03
   2.2677490e-03
   2.8173314e-04
  -3.7162261e-04
  -3.9231656e-04
   1.9071411e-04
   4.0021483e-03
   2.7439433e-04
  -5.7490274e-04
  -1.4550548e-03
   1.6760282e-04
   1.1367803e-04
  -4.6478247e-04
  -3.1155152e-04
  -1.5529103e-03
  -1.6360953e-03
  -1.7115160e-03
  -1.7810946e-03
  -4.2503649e-04
  -4.6158591e-04
  -4.8875899e-04
  -5.0902356e-04
  -3.9241633e-04
  -4.5245946e-04
  -4.4154228e-04
  -4.0197473e-04
   5.4881379e-07
  -2.5755809e-07
  -5.1120887e-07
  -3.5216349e-07
  -3.6302176e-09
  -4.3515202e-07
   1.4344919e-07
  -3.4227961e-07
   1.2585805e-07
   2.5850073e-08
  -3.2354692e-07
   7.1527702e-08
   1.4177977e-04
   1.0583916e-04
   6.8547428e-05
   3.6977654e-05
   1.0274284e-04
   1.0896524e-04
   1.5561892e-04
   1.2510236e-04
   1.5845701e-07
  -5.0967510e-08
  -7.6869410e-07
   3.8043757e-07
  -2.8431085e-07
   2.4365370e-08
  -2.1779165e-08
  -9.7246119e-08
  -1.0313049e-07
  -9.1470266e-08
   3.6849592e-07
   1.6093235e-07
   1.3517794e-07
   6.9378799e-07
  -2.9153973e-08
  -3.3627323e-04
  -2.3225399e-04
  -1.8450659e-03
  -1.9033512e-03
  -1.9559310e-03
  -2.0028549e-03
  -5.2348810e-04
  -5.3189361e-04
  -5.3788786e-04
   1.0382610e-04
   5.1490253e-05
  -5.5342218e-04
  -1.4342868e-07
   5.9512840e-09
   3.8176321e-08
   6.6392723e-08
   4.2845363e-08
  -7.5354518e-08
   2.7067626e-08
   7.4859254e-08
  -5.3644061e-08
  -3.3862164e-07
   8.6702758e-07
   1.4431617e-07
   1.4067460e-07
  -2.0441427e-03
  -2.0796723e-03
  -2.1092598e-03
  -2.1339400e-03
   1.2127007e-04
   1.2328754e-04
   1.1450865e-04
   8.7416524e-05
   1.2612090e-07
   4.5365534e-07
   4.2240786e-08
   8.5833794e-08
  -5.6176112e-04
  -5.6421242e-04
  -5.6066032e-04
  -5.4929405e-04
  -2.0539780e-07
  -1.6837963e-08
  -7.9847760e-08
  -6.0587678e-08
   4.6478979e-07
  -4.2570933e-07
   2.7871013e-07
  -2.6324846e-07
  -2.1607326e-03
  -2.1897101e-03
  -2.2143196e-03
  -2.2341225e-03
   4.2779095e-05
   2.1259204e-05
   8.4825238e-08
  -6.2055378e-08
  -2.8502594e-08
   1.2534016e-07
  -5.1579003e-04
   2.9032530e-05
  -3.2923197e-09
   5.0345775e-07
  -7.0033557e-08
   3.0704044e-05
   2.8617442e-05
   5.2101881e-09
  -8.7824545e-10
   3.9330020e-09
   3.8574292e-09
  -5.3288907e-07
   2.5614725e-07
  -3.5817513e-07
  -3.8819255e-07
   2.1873542e-09
  -1.1732505e-08
   7.0681513e-12
   1.6419974e-08
  -4.6274972e-08
   0.0000000e+00
  -2.2498779e-03
  -2.2621956e-03
  -2.2714694e-03
  -2.2779539e-03
   2.6949007e-08
  -2.3967328e-08
   1.1955690e-07
  -1.0664758e-07
   5.3572797e-08
   3.0156933e-08
   3.5077199e-10
  -1.0423039e-08
   3.5889809e-09
   0.0000000e+00
  -8.8233051e-08
  -1.8731675e-07
  -5.1778287e-09
   1.2740562e-07
  -4.8233516e-09
  -1.8751163e-08
   8.0487611e-08
   2.5098118e-10
   5.4018300e-08
   3.3336513e-08
   7.3042506e-08
   2.3661635e-08
  -2.2818214e-03
  -2.2831930e-03
  -2.2821562e-03
  -2.2787737e-03
  -4.4669907e-08
   2.5127123e-08
   2.6008493e-08
   3.3072509e-08
  -4.9137918e-09
  -2.7907305e-08
  -1.1748019e-09
  -1.6530622e-09
   5.4917496e-09
   1.1736199e-09
   6.2005781e-08
  -6.4325762e-08
  -7.7431502e-08
  -1.5539863e-07
   2.0603442e-04
  -3.8117703e-07
  -3.7226505e-07
   4.2553398e-07
   6.9102726e-08
   0.0000000e+00
  -2.2826656e-09
  -1.8343140e-09
  -3.8647419e-08
   1.4597783e-08
  -1.3844416e-07
   1.1744382e-07
   4.3299062e-07
   0.0000000e+00
   0.0000000e+00
   0.0000000e+00
   0.0000000e+00
  -2.2730895e-03
  -2.2651316e-03
  -2.2549135e-03
  -2.2424347e-03
   8.8193256e-05
  -1.0458971e-05
   6.5718976e-09
   2.3171930e-08
  -1.3044891e-07
   8.3881260e-08
  -5.3124917e-05
  -9.2527849e-09
   0.0000000e+00
   0.0000000e+00
   0.0000000e+00
   1.0633953e-08
   2.5708634e-09
   9.6860020e-09
   4.0559788e-08
  -3.2437527e-05
   4.3908189e-08
   9.8898046e-08
  -1.7141416e-07
   1.1723152e-07
  -2.2276748e-03
  -2.2106368e-03
  -2.1912731e-03
  -2.1695292e-03
  -1.3888556e-10
   2.3093087e-08
  -2.2693984e-09
  -1.5602272e-08
  -2.1453350e-03
  -2.1186021e-03
  -2.0892206e-03
  -2.0570556e-03
   0.0000000e+00
   0.0000000e+00
   0.0000000e+00
   0.0000000e+00
  -2.7457378e-05
  -3.0574058e-08
   5.1304061e-09
  -7.2770879e-08
  -5.6201225e-09
   3.2907906e-08
  -1.1385205e-07
   6.3890865e-08
  -1.8863300e-08
  -2.0219421e-03
  -1.9836801e-03
  -1.9420291e-03
  -1.8967034e-03
   7.6626231e-09
   3.3495869e-09
  -1.5002093e-08
  -5.7367057e-09
  -2.7622138e-05
   1.4266549e-08
   1.1404989e-10
   3.4107679e-10
  -9.3094063e-09
  -1.8473704e-03
  -1.7936560e-03
  -1.7351626e-03
  -1.6715067e-03
  -1.6023720e-03
  -1.5275470e-03
  -1.4468218e-03
  -1.3593251e-03
   0.0000000e+00
   0.0000000e+00
   0.0000000e+00
   0.0000000e+00
   1.9590973e-06
  -9.4351790e-04
  -8.5862277e-04
  -7.6888930e-04
  -6.6194791e-04
   5.4641774e-04
   3.1315509e-14
  -1.3264437e-13
  -3.2629794e-13
   5.3982380e-04
   5.3493933e-04
   5.1765989e-04
   4.8055223e-04
   0.0000000e+00
  -1.2241870e-16
   0.0000000e+00
   0.0000000e+00
  -5.1941804e-04
  -2.7570095e-04
   5.8113154e-16
  -6.1457222e-17
   4.1686845e-04
   3.1221789e-04
   8.5817666e-05
   0.0000000e+00
   0.0000000e+00
   0.0000000e+00
   0.0000000e+00
   0.0000000e+00
   0.0000000e+00
   0.0000000e+00
   0.0000000e+00
   0.0000000e+00
   0.0000000e+00
   0.0000000e+00
   0.0000000e+00
   0.0000000e+00
   2.3664622e-05
