   9.9800000e+01
   1.0020000e+02
   9.9400000e+01
   1.0060000e+02
   9.9000000e+01
   1.0100000e+02
   9.8600000e+01
   1.0140000e+02
   9.8200000e+01
   1.0180000e+02
   9.7800000e+01
   1.0220000e+02
   9.7400000e+01
   9.7104574e+01
   9.6913722e+01
   9.6722870e+01
   1.0260000e+02
   1.0300000e+02
   1.0340000e+02
   9.6587662e+01
   9.6508098e+01
   9.6428534e+01
   9.6298498e+01
   9.6117989e+01
   9.6658025e+01
   9.6719188e+01
   9.6840024e+01
   9.7020533e+01
   9.7201041e+01
   9.5937481e+01
   9.5756972e+01
   9.5576464e+01
   9.5395955e+01
   9.5215446e+01
   1.0380000e+02
   9.7381550e+01
   9.7562058e+01
   9.7742567e+01
   9.7923076e+01
   9.8103584e+01
   1.0420000e+02
   9.8284093e+01
   9.8464602e+01
   9.8645110e+01
   9.8825619e+01
   9.9006127e+01
   1.0459997e+02
   1.0499988e+02
   1.0539978e+02
   1.0569973e+02
   9.9186636e+01
   9.9367145e+01
   1.0599971e+02
   1.0629970e+02
   1.0659946e+02
   1.0689919e+02
   1.0709916e+02
   1.0739890e+02
   1.0767638e+02
   1.0783184e+02
   1.0798729e+02
   1.0801662e+02
   1.0791983e+02
   1.0782304e+02
   1.0765740e+02
   1.0742291e+02
   1.0810967e+02
   1.0819897e+02
   1.0836087e+02
   1.0859536e+02
   1.0882985e+02
   1.0718842e+02
   1.0695393e+02
   1.0671944e+02
   1.0648495e+02
   1.0625046e+02
   1.0906434e+02
   1.0929883e+02
   1.0953332e+02
   1.0976781e+02
   1.1000230e+02
   1.0601597e+02
   1.1023679e+02
   1.1047128e+02
   1.1070577e+02
   1.1100720e+02
   1.1128218e+02
   1.1146516e+02
   1.1165119e+02
   1.1184013e+02
   1.1203029e+02
   9.4933037e+01
   9.4646286e+01
   1.1231760e+02
   9.4456172e+01
   1.1260595e+02
   9.4264036e+01
   1.1289602e+02
   9.4070798e+01
   1.1328529e+02
   1.1367786e+02
   9.3779625e+01
   1.1397374e+02
   1.1426896e+02
   1.1466401e+02
   9.3487793e+01
   1.1496170e+02
   1.1525903e+02
   9.3195168e+01
   1.1555616e+02
   1.1585433e+02
   1.1615300e+02
   1.1645116e+02
   1.1674940e+02
   1.1694869e+02
   1.1724781e+02
   9.2902145e+01
   1.1754703e+02
   1.1784615e+02
   9.2608172e+01
   1.1814523e+02
   1.1844450e+02
   1.1874385e+02
   1.1904273e+02
   1.1944166e+02
   1.1974142e+02
   1.2004073e+02
   1.2034008e+02
   1.2053999e+02
   1.2083981e+02
   1.2113960e+02
   9.2314517e+01
   1.2143932e+02
   1.2173900e+02
   1.2192584e+02
   1.2209973e+02
   1.2227361e+02
   1.2231562e+02
   1.2222573e+02
   1.2203158e+02
   1.2173315e+02
   1.2243007e+02
   1.2256910e+02
   1.2270813e+02
   1.2292686e+02
   1.2322528e+02
   1.2352371e+02
   1.2382213e+02
   1.2412056e+02
   1.2441899e+02
   1.2471741e+02
   1.2501584e+02
   1.2531426e+02
   1.2561269e+02
   1.2591111e+02
   1.2620954e+02
   9.2119802e+01
   1.2650797e+02
   1.2680639e+02
   1.2710482e+02
   1.2740324e+02
   1.2770167e+02
   1.2800009e+02
   1.2829852e+02
   1.2859695e+02
   1.2889537e+02
   1.2919380e+02
   1.2949222e+02
   1.2979065e+02
   1.3008908e+02
   1.3038750e+02
   1.3068593e+02
   9.1829153e+01
   9.1538254e+01
   9.1343041e+01
   1.3100259e+02
   1.3125538e+02
   1.3142607e+02
   1.3168692e+02
   1.3195487e+02
   1.3213973e+02
   1.3241486e+02
   1.3268890e+02
   1.3296285e+02
   1.3323983e+02
   1.3342968e+02
   1.3362062e+02
   1.3390709e+02
   1.3419360e+02
   1.3448031e+02
   1.3476712e+02
   1.3505646e+02
   1.3534708e+02
   1.3563687e+02
   9.1050640e+01
   1.3592707e+02
   1.3612163e+02
   1.3641465e+02
   1.3670825e+02
   1.3700165e+02
   1.3729495e+02
   1.3758972e+02
   1.3788523e+02
   1.3818011e+02
   1.3847469e+02
   1.3877084e+02
   1.3906778e+02
   1.3936344e+02
   1.3965906e+02
   1.3985693e+02
   1.4015418e+02
   1.4045166e+02
   1.4074889e+02
   1.4104599e+02
   1.4134365e+02
   1.4164158e+02
   1.4193917e+02
   1.4223658e+02
   1.4253478e+02
   1.4283337e+02
   1.4313134e+02
   1.4342937e+02
   1.4362852e+02
   1.4392762e+02
   1.4432568e+02
   1.4462384e+02
   1.4482306e+02
   1.4512234e+02
   1.4539679e+02
   1.4554633e+02
   1.4569588e+02
   1.4574983e+02
   1.4570818e+02
   1.4560829e+02
   1.4545015e+02
   1.4529202e+02
   1.4580948e+02
   1.4588714e+02
   1.4596480e+02
   1.4608269e+02
   1.4624083e+02
   1.4513389e+02
   1.4497575e+02
   1.4481762e+02
   1.4639896e+02
   1.4655709e+02
   1.4671523e+02
   1.4687336e+02
   1.4703150e+02
   1.4718963e+02
   1.4734776e+02
   1.4750590e+02
   1.4766403e+02
   1.4782217e+02
   1.4798030e+02
   1.4813844e+02
   1.4829657e+02
   1.4845470e+02
   1.4861284e+02
   1.4877097e+02
   9.0758449e+01
   9.0466628e+01
   9.0173898e+01
   8.9976774e+01
   8.9779140e+01
   8.9481909e+01
   8.9085904e+01
   8.8789517e+01
   8.8492047e+01
   8.8194426e+01
   8.7996531e+01
   8.7699844e+01
   8.7303382e+01
   8.7005299e+01
   8.6707412e+01
   8.6409624e+01
   8.6111385e+01
   8.5812922e+01
   8.5514597e+01
   8.5216341e+01
   8.4917708e+01
   8.4618887e+01
   8.4320297e+01
   8.4021823e+01
   8.3722927e+01
   8.3423819e+01
   8.3124972e+01
   8.2826255e+01
   8.2527096e+01
   8.2227715e+01
   8.1928763e+01
   8.1629776e+01
   8.1430116e+01
   8.1130467e+01
   8.0731328e+01
   8.0432345e+01
   8.0132981e+01
   7.9833638e+01
   7.9634357e+01
   7.9335592e+01
   7.8936802e+01
   7.8637306e+01
   7.8337972e+01
   7.8038717e+01
   7.7739195e+01
   7.7439538e+01
   7.7140160e+01
   7.6840745e+01
   7.6640900e+01
   7.6341062e+01
   7.6054331e+01
   7.5880701e+01
   7.5707071e+01
   7.5599814e+01
   7.5558929e+01
   7.5468165e+01
   7.5327522e+01
   7.5186878e+01
   7.5653509e+01
   7.5720015e+01
   7.5786521e+01
   7.5890096e+01
   7.6030740e+01
   7.6171383e+01
   7.6312027e+01
   7.6452671e+01
   7.6593314e+01
   7.5046235e+01
   7.4905591e+01
   7.4764947e+01
   7.4624304e+01
   7.4483660e+01
   7.4343017e+01
   7.4202373e+01
   7.4061730e+01
   7.3921086e+01
   7.3780442e+01
   7.3639799e+01
   7.3499155e+01
   7.3358512e+01
   7.3217868e+01
   7.3077224e+01
   7.2936581e+01
   7.2795937e+01
   7.2655294e+01
   7.2514650e+01
   7.2374006e+01
   7.2233363e+01
   1.4904327e+02
   1.4933493e+02
   1.4953181e+02
   1.4982306e+02
   1.5011113e+02
   1.5030364e+02
   7.1967912e+01
   7.1673839e+01
   1.5049884e+02
   7.1475496e+01
   7.1277585e+01
   1.5069476e+02
   7.1080558e+01
   1.5098759e+02
   7.0783439e+01
   1.5137710e+02
   7.0485532e+01
   1.5166903e+02
   7.0187683e+01
   1.5196225e+02
   6.9889863e+01
   6.9593946e+01
   1.5235464e+02
   1.5264937e+02
   6.9201311e+01
   1.5294377e+02
   6.8907324e+01
   1.5323800e+02
   6.8619655e+01
   6.8352429e+01
   6.8197328e+01
   6.8042226e+01
   1.5353223e+02
   1.5392521e+02
   1.5422046e+02
   6.7940621e+01
   6.7892513e+01
   6.7844405e+01
   6.7754193e+01
   6.7621878e+01
   6.7984726e+01
   6.8024828e+01
   6.8064929e+01
   6.8151137e+01
   6.8283452e+01
   6.7489563e+01
   6.7357248e+01
   6.7224933e+01
   6.8415767e+01
   6.8548082e+01
   6.8680397e+01
   6.8812712e+01
   6.8945027e+01
   1.5451607e+02
   6.9077342e+01
   6.9209656e+01
   6.9341971e+01
   6.9474286e+01
   6.9606601e+01
   6.9738916e+01
   6.9871231e+01
   7.0003546e+01
   1.5481228e+02
   1.5501034e+02
   1.5530663e+02
   1.5570145e+02
   1.5599779e+02
   1.5629338e+02
   1.5658164e+02
   1.5676456e+02
   1.5683728e+02
   1.5679981e+02
   1.5671970e+02
   1.5659697e+02
   1.5647423e+02
   1.5688444e+02
   1.5694128e+02
   1.5699812e+02
   1.5708791e+02
   1.5721065e+02
   1.5733339e+02
   1.5745612e+02
   1.5757886e+02
   1.5770160e+02
   1.5782433e+02
   1.5635149e+02
   1.5622875e+02
   1.5610602e+02
   1.5598328e+02
   1.5586054e+02
   1.5794707e+02
   1.5806981e+02
   1.5819255e+02
   1.5831528e+02
   1.5843802e+02
   1.5573781e+02
   1.5561507e+02
   1.5549233e+02
   1.5536960e+02
   1.5524686e+02
   1.5856076e+02
   1.5868349e+02
   1.5880623e+02
   1.5892897e+02
   1.5905170e+02
   1.5917444e+02
   6.6963153e+01
   6.6670512e+01
   6.6474549e+01
   6.6276658e+01
   6.5980302e+01
   6.5684185e+01
   6.5387817e+01
   6.5091323e+01
   6.4796014e+01
   6.4401737e+01
   6.4104636e+01
   6.3906550e+01
   6.3708984e+01
   6.3412835e+01
   6.3116786e+01
   6.2820515e+01
   6.2425483e+01
   6.2129316e+01
   1.5943278e+02
   1.5972941e+02
   1.5992875e+02
   6.1833772e+01
   1.6022451e+02
   6.1539533e+01
   1.6051864e+02
   6.1344697e+01
   6.1050596e+01
   1.6081355e+02
   6.0755570e+01
   6.0460140e+01
   1.6110935e+02
   6.0164508e+01
   5.9868409e+01
   1.6130720e+02
   5.9572077e+01
   5.9275429e+01
   5.8879489e+01
   1.6160450e+02
   5.8483163e+01
   5.8086694e+01
   5.7689604e+01
   1.6200202e+02
   5.7292262e+01
   1.6230074e+02
   5.6994568e+01
   5.6696450e+01
   1.6259711e+02
   5.6398120e+01
   5.6100079e+01
   5.5801881e+01
   5.5602682e+01
   1.6289230e+02
   5.5303763e+01
   1.6318887e+02
   5.4905572e+01
   5.4607264e+01
   5.4308636e+01
   5.4009846e+01
   5.3711312e+01
   1.6348611e+02
   1.6378278e+02
   5.3412906e+01
   5.3114067e+01
   5.2815012e+01
   5.2516333e+01
   5.2217841e+01
   5.1918772e+01
   1.6407916e+02
   5.1619672e+01
   1.6437619e+02
   5.1420616e+01
   5.1122101e+01
   5.0723588e+01
   5.0424300e+01
   5.0125135e+01
   1.6477287e+02
   4.9826030e+01
   4.9526712e+01
   4.9227288e+01
   4.8927993e+01
   4.8628764e+01
   1.6507052e+02
   4.8329343e+01
   4.8029825e+01
   1.6536730e+02
   4.7730432e+01
   4.7431101e+01
   4.7131600e+01
   4.6832014e+01
   4.6532535e+01
   4.6233110e+01
   4.5933539e+01
   1.6566365e+02
   4.5633894e+01
   4.5334338e+01
   4.5034826e+01
   1.6596058e+02
   4.4735196e+01
   4.4435507e+01
   4.4135886e+01
   4.3836300e+01
   4.3536626e+01
   4.3236909e+01
   4.2937244e+01
   4.2637604e+01
   1.6625779e+02
   4.2337892e+01
   4.2038144e+01
   4.1738752e+01
   1.6655445e+02
   4.1339344e+01
   4.1039445e+01
   4.0739777e+01
   4.0440103e+01
   4.0240160e+01
   3.9940217e+01
   3.9540453e+01
   3.9240764e+01
   3.8940963e+01
   1.6685083e+02
   3.8641106e+01
   3.8341364e+01
   3.8041680e+01
   3.7741868e+01
   3.7441992e+01
   1.6714748e+02
   3.7142237e+01
   3.6842544e+01
   3.6542717e+01
   3.6242824e+01
   3.5943057e+01
   3.5643354e+01
   3.5343503e+01
   3.5043579e+01
   3.4743812e+01
   3.4444122e+01
   3.4144261e+01
   3.3844313e+01
   3.3659241e+01
   3.3489062e+01
   3.3318884e+01
   3.3185133e+01
   3.3087809e+01
   3.2921830e+01
   3.2687194e+01
   3.2452558e+01
   3.3279565e+01
   3.3371107e+01
   3.3462649e+01
   3.3625737e+01
   3.3860373e+01
   3.4095009e+01
   3.2217923e+01
   3.1983287e+01
   3.1748651e+01
   3.1514015e+01
   3.1279379e+01
   1.6744425e+02
   3.1044744e+01
   3.0810108e+01
   3.0575472e+01
   3.0340836e+01
   3.0106200e+01
   2.9871564e+01
   2.9636929e+01
   2.9402293e+01
   2.9167657e+01
   2.8933021e+01
   1.6774040e+02
   2.8698385e+01
   2.8463750e+01
   2.8229114e+01
   2.7994478e+01
   2.7759842e+01
   2.7525206e+01
   2.7290571e+01
   2.7055935e+01
   2.6821299e+01
   1.6803624e+02
   1.6833227e+02
   1.6862838e+02
   1.6892376e+02
   1.6921877e+02
