   9.9600000e+01
   1.0040000e+02
   9.8800000e+01
   1.0120000e+02
   9.8000000e+01
   1.0200000e+02
   9.7200000e+01
   1.0280000e+02
   9.6400000e+01
   1.0360000e+02
   9.5600000e+01
   1.0440000e+02
   9.4800000e+01
   1.0520000e+02
   9.4000000e+01
   1.0600000e+02
   9.3200000e+01
   1.0680000e+02
   9.2400000e+01
   1.0760000e+02
   9.1600000e+01
   1.0840000e+02
   9.0800000e+01
   1.0920000e+02
   9.0000000e+01
   1.1000000e+02
   8.9200000e+01
   1.1080000e+02
   8.8400000e+01
   1.1160000e+02
   8.7600000e+01
   1.1240000e+02
   8.6800000e+01
   1.1320000e+02
   8.6000000e+01
   1.1400000e+02
   8.5200000e+01
   1.1480000e+02
   8.4400000e+01
   1.1560000e+02
   8.3600000e+01
   1.1640000e+02
   8.2800000e+01
   1.1720000e+02
   8.2000000e+01
   1.1800000e+02
   8.1200000e+01
   8.0666667e+01
   8.0400000e+01
   8.0133333e+01
   1.1880000e+02
   1.1933333e+02
   1.1960000e+02
   1.1986667e+02
   1.1995893e+02
   1.1987680e+02
   1.1979467e+02
   1.2004520e+02
   1.2013561e+02
   1.2022602e+02
   7.9940019e+01
   7.9820056e+01
   7.9700094e+01
   8.0031024e+01
   8.0093073e+01
   8.0155121e+01
   1.1962419e+02
   1.1936538e+02
   1.1910656e+02
   1.1884775e+02
   1.2040063e+02
   1.2065945e+02
   1.2091826e+02
   1.2117707e+02
   8.0322654e+01
   8.0595671e+01
   8.0868687e+01
   8.1141704e+01
   7.9503604e+01
   7.9230587e+01
   7.8957571e+01
   7.8684554e+01
   1.1858894e+02
   1.1833012e+02
   1.1807131e+02
   1.1781250e+02
   8.1414721e+01
   8.1687737e+01
   8.1960754e+01
   8.2233771e+01
   1.2143589e+02
   1.2169470e+02
   1.2195711e+02
   1.2216785e+02
   1.2148036e+02
   1.2222313e+02
   7.8411538e+01
   7.8153941e+01
   7.8590738e+01
   7.7910749e+01
   7.7911766e+01
   7.7669590e+01
   7.9222157e+01
   7.9853576e+01
   7.7182189e+01
   7.6453629e+01
   7.5725069e+01
   7.4996510e+01
   1.2285535e+02
   1.2354285e+02
   1.2423034e+02
   1.2491784e+02
   1.2079286e+02
   1.2010537e+02
   1.1941787e+02
   1.1873038e+02
   1.1757276e+02
   1.1735210e+02
   1.1713145e+02
   1.1691079e+02
   1.1804660e+02
   1.1731336e+02
   8.2501519e+01
   8.2764000e+01
   8.3026480e+01
   8.3288961e+01
   8.2725646e+01
   8.1996208e+01
   1.2248915e+02
   1.2275516e+02
   1.2302118e+02
   1.2328719e+02
   7.7427414e+01
   7.7185238e+01
   7.6943063e+01
   7.6700887e+01
   1.1877363e+02
   1.1950065e+02
   1.2022768e+02
   1.2095470e+02
   1.1657391e+02
   1.1583446e+02
   1.1509500e+02
   1.1435555e+02
   8.3436381e+01
   8.4147116e+01
   8.4857851e+01
   8.1248066e+01
   8.0499924e+01
   7.9751782e+01
   7.9003640e+01
   1.1804288e+02
   1.1735539e+02
   7.4267950e+01
   7.3539390e+01
   7.2810830e+01
   7.2082270e+01
   1.2560533e+02
   1.2629283e+02
   1.2698032e+02
   1.2651117e+02
   1.2676325e+02
   1.2766782e+02
   1.1669013e+02
   1.1361610e+02
   1.1287664e+02
   1.1213719e+02
   1.1139774e+02
   1.2168173e+02
   1.2240875e+02
   1.2313578e+02
   1.2386280e+02
   7.8255498e+01
   7.7507356e+01
   7.6759214e+01
   7.6011072e+01
   7.1353710e+01
   7.0625150e+01
   6.9896590e+01
   6.9168030e+01
   1.2626035e+02
   1.2600954e+02
   1.2575872e+02
   1.2550791e+02
   1.2701660e+02
   1.2726995e+02
   1.2752330e+02
   1.2777665e+02
   1.2835532e+02
   1.2904281e+02
   1.2973031e+02
   1.3041781e+02
   1.2458983e+02
   1.2531685e+02
   1.2604388e+02
   1.2677091e+02
   7.5262930e+01
   7.4514788e+01
   7.3766646e+01
   7.3018504e+01
   6.8435423e+01
   6.7698768e+01
   6.6962113e+01
   6.6225458e+01
   6.8675678e+01
   6.8932627e+01
   1.2802999e+02
   1.2828334e+02
   1.2853669e+02
   1.2879004e+02
   1.3110530e+02
   6.8419535e+01
   6.8163392e+01
   6.7907248e+01
   6.7651105e+01
   6.9190382e+01
   6.9448136e+01
   1.2749793e+02
   1.2822496e+02
   1.2895198e+02
   1.2967901e+02
   7.2270362e+01
   7.1522219e+01
   7.0774077e+01
   7.0025935e+01
   1.2903072e+02
   1.2925874e+02
   1.2948675e+02
   1.2971476e+02
   1.2928888e+02
   1.2855091e+02
   6.5488803e+01
   6.4752148e+01
   6.4015493e+01
   6.3278838e+01
   6.7394962e+01
   6.7138818e+01
   6.6882675e+01
   6.6626532e+01
   1.3041602e+02
   1.3116302e+02
   1.3191002e+02
   1.3265701e+02
   1.2991297e+02
   1.3010320e+02
   6.9277793e+01
   6.8529651e+01
   6.7781509e+01
   6.7033367e+01
   1.2781930e+02
   1.2708769e+02
   1.2635608e+02
   1.2562447e+02
   1.3003321e+02
   1.3077755e+02
   1.3152188e+02
   1.3226622e+02
   6.2542183e+01
   6.1805528e+01
   6.1068873e+01
   6.0332218e+01
   6.6370388e+01
   6.6111387e+01
   6.6607026e+01
   6.5877608e+01
   6.5849528e+01
   6.5587669e+01
   1.2489286e+02
   1.2416125e+02
   1.2342964e+02
   1.2269803e+02
   1.3301055e+02
   1.3375488e+02
   1.3449922e+02
   1.3524355e+02
   1.3168578e+02
   6.6285225e+01
   6.5537083e+01
   6.4788941e+01
   6.4040799e+01
   6.7336443e+01
   6.8065861e+01
   6.8795279e+01
   6.9524697e+01
   6.5148190e+01
   6.4418772e+01
   6.3689355e+01
   6.2959937e+01
   1.2965388e+02
   1.2939478e+02
   1.2913569e+02
   1.2887660e+02
   5.9595563e+01
   5.8858908e+01
   5.8122253e+01
   5.7385598e+01
   1.3228530e+02
   1.3270438e+02
   6.5325810e+01
   6.5063950e+01
   6.4802091e+01
   6.4540232e+01
   1.3310878e+02
   1.2196642e+02
   1.2123481e+02
   1.2050320e+02
   1.1977159e+02
   7.0254115e+01
   7.0983532e+01
   7.1712950e+01
   7.2442368e+01
   1.3370822e+02
   6.2230519e+01
   6.1501101e+01
   6.0771684e+01
   6.0042266e+01
   5.6648943e+01
   5.5912288e+01
   5.5175633e+01
   5.4438978e+01
   1.3598788e+02
   1.3673222e+02
   1.3747655e+02
   1.3822089e+02
   5.3702323e+01
   5.2965668e+01
   5.2229013e+01
   5.1492358e+01
   1.3340401e+02
   1.3415101e+02
   1.3489801e+02
   1.3564501e+02
   1.3450720e+02
   6.3292657e+01
   6.2544515e+01
   6.1796373e+01
   6.1048231e+01
   5.9312848e+01
   5.8583430e+01
   5.7854013e+01
   5.7124595e+01
   5.0755703e+01
   5.0019048e+01
   4.9282393e+01
   4.8545738e+01
   6.4278373e+01
   6.4016514e+01
   6.3754655e+01
   6.3492795e+01
   1.3530661e+02
   7.3171786e+01
   7.3901204e+01
   7.4630622e+01
   7.5360039e+01
   4.7809083e+01
   4.7072428e+01
   4.6335773e+01
   4.5599119e+01
   4.4862464e+01
   4.4125809e+01
   4.3389154e+01
   4.2652499e+01
   1.2861750e+02
   1.2835841e+02
   1.2809932e+02
   1.2784022e+02
   1.3610508e+02
   4.1928998e+01
   4.1218652e+01
   4.0508306e+01
   3.9797961e+01
   4.2151196e+01
   4.2390743e+01
   4.2603886e+01
   4.2817029e+01
   4.1885247e+01
   4.1619297e+01
   4.1353347e+01
   4.1087398e+01
   1.3896522e+02
   1.3970955e+02
   1.4045389e+02
   1.4119822e+02
   3.9087615e+01
   3.8377269e+01
   3.7666923e+01
   3.6956577e+01
   4.0821448e+01
   4.0555499e+01
   4.0289549e+01
   4.0023599e+01
   6.3230936e+01
   6.2969077e+01
   6.2707218e+01
   6.2445359e+01
   6.0300089e+01
   5.9551947e+01
   5.8803805e+01
   5.8055663e+01
   3.9757650e+01
   3.9491700e+01
   3.9225751e+01
   3.8959801e+01
   1.3689743e+02
