0.045000  0.400000
0.090000  0.400000
0.135000  0.400000
0.180000  0.400000
0.225000  0.400000
0.270000  0.400000
0.315000  0.400000
0.360000  0.400000
0.405000  0.400000
0.450000  0.400000
0.495000  0.400000
0.540000  0.400000
0.585000  0.400000
0.630000  0.400000
0.675000  0.400000
0.720000  0.400000
0.765000  0.400000
0.810000  0.400000
0.855000  0.400000
0.900000  0.800000
1.001250  0.800000
1.229063  0.800000
1.380938  1.200000
1.722656  1.200000
1.950469  1.600000
2.463047  1.600000
2.690859  2.286278
3.203438  2.286278
3.292326  2.486278
3.742326  2.486278
4.042326  2.686278
4.492326  4.076887
4.719467  5.070179
5.103295  6.263472
5.597604  6.263472
6.095694  6.463472
