0.045000  1  0.013250	
0.090000  1  0.013250	
0.135000  1  0.013250	
0.180000  1  0.013250	
0.225000  1  0.013250	
0.270000  1  0.013250	
0.315000  1  0.013250	
0.360000  1  0.013250	
0.405000  1  0.013250	
0.450000  1  0.013250	
0.495000  1  0.013250	
0.540000  1  0.013250	
0.585000  1  0.013250	
0.630000  1  0.013250	
0.675000  1  0.013250	
0.720000  1  0.013250	
0.765000  1  0.013250	
0.810000  1  0.013250	
0.855000  1  0.013250	
0.900000  1  0.013250	
1.001250  1  0.013250	
1.229063  1  0.013250	
1.380938  1  0.013250	
1.722656  1  0.013250	
1.950469  1  0.013250	
2.463047  1  0.013250	
2.690859  1  0.013250	
3.203438  1  0.013250	
3.292326  1  0.013250	
3.742326  1  0.013250	
4.042326  1  0.013250	
4.492326  1  0.013250	
4.719467  1  0.013250	
5.103295  1  0.013250	
5.597604  1  0.013250	
6.095694  1  0.013250	
