-- number of fracture
147
-- fracture type 1:hydraulic fracture 2: joint
1
2
2
2
2
2
2
2
2
2
2
2
2
2
2
2
2
2
2
2
2
2
2
2
2
2
2
2
2
2
2
2
2
2
2
2
2
2
2
2
2
2
2
2
2
2
2
2
2
2
2
2
2
2
2
2
2
2
2
2
2
2
2
2
2
2
2
2
2
2
2
2
2
2
2
2
2
2
2
2
2
2
2
2
2
2
2
2
2
2
2
2
2
2
2
2
2
2
2
2
2
2
2
2
2
2
2
2
2
2
2
2
2
2
2
2
2
2
2
2
2
2
2
2
2
2
2
2
2
2
2
2
2
2
2
2
2
2
2
2
2
2
2
2
2
2
2
--  Frac element initial length of boundary elements
0.400000
0.400000
0.400000
0.400000
0.400000
0.400000
0.400000
0.400000
0.400000
0.400000
0.400000
0.400000
0.400000
0.400000
0.400000
0.400000
0.400000
0.400000
0.400000
0.400000
0.400000
0.400000
0.400000
0.400000
0.400000
0.400000
0.400000
0.400000
0.400000
0.400000
0.400000
0.400000
0.400000
0.400000
0.400000
0.400000
0.400000
0.400000
0.400000
0.400000
0.400000
0.400000
0.400000
0.400000
0.400000
0.400000
0.400000
0.400000
0.400000
0.400000
0.400000
0.400000
0.400000
0.400000
0.400000
0.400000
0.400000
0.400000
0.400000
0.400000
0.400000
0.400000
0.400000
0.400000
0.400000
0.400000
0.400000
0.400000
0.400000
0.400000
0.400000
0.400000
0.400000
0.400000
0.400000
0.400000
0.400000
0.400000
0.400000
0.400000
0.400000
0.400000
0.400000
0.400000
0.400000
0.400000
0.400000
0.400000
0.400000
0.400000
0.400000
0.400000
0.400000
0.400000
0.400000
0.400000
0.400000
0.400000
0.400000
0.400000
0.400000
0.400000
0.400000
0.400000
0.400000
0.400000
0.400000
0.400000
0.400000
0.400000
0.400000
0.400000
0.400000
0.400000
0.400000
0.400000
0.400000
0.400000
0.400000
0.400000
0.400000
0.400000
0.400000
0.400000
0.400000
0.400000
0.400000
0.400000
0.400000
0.400000
0.400000
0.400000
0.400000
0.400000
0.400000
0.400000
0.400000
0.400000
0.400000
0.400000
0.400000
0.400000
0.400000
0.400000
0.400000
0.400000
0.400000
--  locations of Frac start and end
53.000000  98.800000  53.000000  101.200000
9.703949  29.763841  19.452400  31.922319
24.035069  200.000000  16.123436  197.911040
30.804844  182.167280  39.522055  186.316720
83.017030  28.030046  93.030490  33.484178
11.321423  177.592910  21.675552  182.849760
0.000000  53.756791  6.993816  56.851777
44.310015  51.304391  54.830410  55.037912
64.899120  7.461641  73.567620  13.630571
0.000000  6.341523  4.887642  7.650621
89.296030  71.921617  96.440440  73.884637
100.000000  112.977860  87.420330  107.859040
23.520672  17.927568  35.539291  23.679109
16.800163  164.290700  25.108902  167.096150
6.285446  117.513390  14.022713  121.000320
100.000000  104.855710  93.839450  101.238240
21.625164  12.990052  28.461945  15.102784
15.662937  100.905600  25.457150  109.686360
76.214160  193.919230  85.027950  198.484750
18.856972  147.047010  28.286999  150.338190
58.765910  90.738145  68.674590  94.242700
77.438280  15.169938  85.304520  21.254991
6.080933  111.616810  18.498974  117.503450
69.897730  31.797471  77.542780  33.375276
4.115807  100.504910  15.393982  101.682880
1.106239  72.538316  12.511490  73.861627
72.907100  49.066522  79.829840  50.620233
38.490730  130.472250  45.601101  132.436430
47.546251  64.036493  58.068390  66.505594
91.011830  89.391725  98.188520  91.153894
21.294689  87.354615  26.762104  93.796502
0.423729  77.800538  8.541508  79.816087
75.833660  76.249925  84.104370  80.628534
85.216740  171.701180  91.660390  176.049540
50.002990  105.898720  56.839900  110.823020
35.502972  130.350060  44.971520  139.299620
50.054350  95.125192  58.549040  99.457399
18.646683  167.795710  30.116905  171.482640
14.434216  87.457048  22.853157  90.293382
66.410610  189.424000  76.398370  191.523360
100.000000  68.689500  96.242910  67.402780
59.078440  171.256690  69.890100  177.315310
35.729637  94.229539  47.336792  100.754110
63.105750  38.871949  74.375170  44.890718
19.049187  36.508714  29.444836  41.558961
0.000000  141.166160  6.995190  145.344070
0.000000  10.031724  6.176369  13.794618
27.869030  147.271660  38.243244  150.811740
79.992640  52.030931  87.595460  54.253183
41.938793  67.158776  50.145970  70.069703
26.999725  5.123552  33.749184  8.790437
0.527855  45.464196  9.101913  49.696595
79.486000  63.833268  89.554600  66.898591
27.669613  76.032045  37.010437  79.227166
100.000000  28.601533  89.553580  21.740815
38.350899  171.733940  48.730274  174.856310
26.487587  28.386079  34.833973  34.570756
71.236080  19.932481  82.177520  24.873841
66.890720  123.648390  75.593110  127.774300
5.724045  190.713080  15.576199  195.631340
9.369572  187.122790  18.558571  189.554530
70.208940  200.000000  61.396190  197.823720
88.395900  96.220292  98.305990  100.974940
0.000000  195.889220  4.135155  198.948460
76.963790  95.422631  85.117370  100.858860
11.644238  148.962040  20.530090  158.967700
66.612350  86.145860  76.511840  90.487695
63.895980  62.101548  72.098790  66.324937
56.411070  162.031440  67.416140  165.888010
100.000000  40.767854  94.177700  37.145768
20.665157  108.635020  30.284599  116.547240
79.801780  161.334120  88.971050  168.490810
25.210026  10.070619  35.086971  13.255082
4.977654  8.436479  16.656853  13.869401
88.161310  153.791230  96.259220  158.189910
51.701080  189.993530  60.085170  193.169960
0.000000  147.937540  7.917076  151.162070
28.636047  70.436181  39.006832  77.356614
100.000000  141.990840  93.811510  139.002400
55.494560  30.595796  66.742200  36.099626
87.732350  102.886220  97.256390  108.679170
71.460460  185.022600  77.583790  188.601100
63.919360  180.033080  74.628840  179.092510
33.559032  107.530720  45.212198  108.677780
100.000000  68.591592  96.196890  64.079744
84.239690  130.224650  93.646430  133.889280
83.693540  123.365740  89.777350  127.157240
22.408745  43.413820  29.500828  45.092897
31.335514  190.331720  41.919180  192.992610
65.360610  106.721060  76.789060  112.343430
12.257500  153.815040  23.927197  158.551110
70.084780  4.768541  81.578730  12.444520
43.277304  88.033311  50.141520  92.437745
53.117770  41.447358  63.003090  44.957139
42.672031  77.015306  52.150280  80.283715
100.000000  17.116700  93.142370  15.035341
40.785795  155.116510  46.568142  160.187410
65.679060  70.229333  71.446680  74.407029
80.078160  171.917750  87.398260  180.567310
76.570650  155.902560  87.037330  162.850340
75.776270  105.908910  87.043290  110.810490
69.540100  180.928860  81.253230  185.971030
41.962315  26.476045  54.820500  31.074830
56.801060  144.738550  66.489640  148.850040
4.074371  134.452500  14.711662  139.275480
4.955414  138.853460  14.782887  144.461830
28.713478  79.454469  40.833893  85.997758
81.656510  0.000001  92.742020  7.504518
52.360030  2.214006  61.664130  5.919603
46.105572  6.784471  53.555820  11.271943
67.169060  142.108700  75.494420  148.096680
80.167620  82.520044  88.659940  87.403260
72.575280  165.577050  78.550310  169.830390
30.508614  86.862397  37.337402  89.243486
39.646715  125.892430  48.693195  131.906450
91.768700  56.460244  98.298410  59.385354
70.342640  27.553621  78.359010  29.564576
22.578144  127.648390  30.181320  129.059590
0.000000  127.399840  8.181477  129.311070
41.607418  143.399280  49.744129  147.593760
52.042470  197.003280  58.291030  200.000000
47.250313  200.000000  41.956707  198.844480
17.596161  98.105165  29.592571  103.993440
35.913384  26.703981  46.339869  34.212327
69.469220  135.704640  77.418320  142.085300
31.435787  37.526292  40.215315  42.678407
17.442955  51.423883  29.064590  53.347932
0.060471  27.472444  6.164917  32.805467
59.630220  155.185490  72.359850  159.235810
19.769440  161.021980  27.351551  164.100930
90.133100  0.000001  97.315150  4.643785
63.539740  46.710519  74.881740  52.941781
9.467812  172.145310  22.648254  177.341970
0.000000  155.736610  6.169716  158.380460
45.019642  54.405778  52.240870  60.394197
43.385702  72.163041  55.339490  76.663636
69.108990  97.852906  79.168530  102.635220
30.462795  119.666320  37.718357  121.596520
100.000000  155.630110  92.046920  148.915870
83.986530  76.209390  90.647790  81.979539
54.527780  121.583940  62.594890  130.835140
41.309923  9.480485  49.164986  14.167894
6.933243  3.450883  15.081772  9.296190
46.294899  23.349687  58.758010  25.297059
33.745312  114.678820  44.324425  121.496180
42.538242  166.862620  53.943560  172.344850
15.656323  68.707231  25.735462  74.856950
--   Boundary Value(BC)
0.000000
0.000000
10.000000
10.000000
20.000000
1.000000
10.000000
10.000000
20.000000
1.000000
10.000000
10.000000
20.000000
1.000000
10.000000
10.000000
20.000000
1.000000
10.000000
10.000000
20.000000
1.000000
10.000000
10.000000
20.000000
1.000000
10.000000
10.000000
20.000000
1.000000
10.000000
10.000000
20.000000
1.000000
10.000000
10.000000
20.000000
1.000000
10.000000
10.000000
20.000000
1.000000
10.000000
10.000000
20.000000
1.000000
10.000000
10.000000
20.000000
1.000000
10.000000
10.000000
20.000000
1.000000
10.000000
10.000000
20.000000
1.000000
10.000000
10.000000
20.000000
1.000000
10.000000
10.000000
20.000000
1.000000
10.000000
10.000000
20.000000
1.000000
10.000000
10.000000
20.000000
1.000000
10.000000
10.000000
20.000000
1.000000
10.000000
10.000000
20.000000
1.000000
10.000000
10.000000
20.000000
1.000000
10.000000
10.000000
20.000000
1.000000
10.000000
10.000000
20.000000
1.000000
10.000000
10.000000
20.000000
1.000000
10.000000
10.000000
20.000000
1.000000
10.000000
10.000000
20.000000
1.000000
10.000000
10.000000
20.000000
1.000000
10.000000
10.000000
20.000000
1.000000
10.000000
10.000000
20.000000
1.000000
10.000000
10.000000
20.000000
1.000000
10.000000
10.000000
20.000000
1.000000
10.000000
10.000000
20.000000
1.000000
10.000000
10.000000
20.000000
1.000000
10.000000
10.000000
20.000000
1.000000
10.000000
10.000000
20.000000
1.000000
10.000000
10.000000
20.000000
1.000000
10.000000
10.000000
20.000000
1.000000
10.000000
10.000000
20.000000
1.000000
10.000000
10.000000
20.000000
1.000000
10.000000
10.000000
20.000000
1.000000
10.000000
10.000000
20.000000
1.000000
10.000000
10.000000
20.000000
1.000000
10.000000
10.000000
20.000000
1.000000
10.000000
10.000000
20.000000
1.000000
10.000000
10.000000
20.000000
1.000000
10.000000
10.000000
20.000000
1.000000
10.000000
10.000000
20.000000
1.000000
10.000000
10.000000
20.000000
1.000000
10.000000
10.000000
20.000000
1.000000
10.000000
10.000000
20.000000
1.000000
10.000000
10.000000
20.000000
1.000000
10.000000
10.000000
20.000000
1.000000
10.000000
10.000000
20.000000
1.000000
10.000000
10.000000
20.000000
1.000000
10.000000
10.000000
20.000000
1.000000
10.000000
10.000000
20.000000
1.000000
10.000000
10.000000
20.000000
1.000000
10.000000
10.000000
20.000000
1.000000
10.000000
10.000000
20.000000
1.000000
10.000000
10.000000
20.000000
1.000000
10.000000
10.000000
20.000000
1.000000
10.000000
10.000000
20.000000
1.000000
10.000000
10.000000
20.000000
1.000000
10.000000
10.000000
20.000000
1.000000
10.000000
10.000000
20.000000
1.000000
10.000000
10.000000
20.000000
1.000000
10.000000
10.000000
20.000000
1.000000
10.000000
10.000000
20.000000
1.000000
10.000000
10.000000
20.000000
1.000000
10.000000
10.000000
20.000000
1.000000
10.000000
10.000000
20.000000
1.000000
10.000000
10.000000
20.000000
1.000000
10.000000
10.000000
20.000000
1.000000
10.000000
10.000000
20.000000
1.000000
10.000000
10.000000
20.000000
1.000000
10.000000
10.000000
20.000000
1.000000
10.000000
10.000000
20.000000
1.000000
10.000000
10.000000
20.000000
1.000000
10.000000
10.000000
20.000000
1.000000
10.000000
10.000000
20.000000
1.000000
10.000000
10.000000
20.000000
1.000000
10.000000
10.000000
20.000000
1.000000
10.000000
10.000000
20.000000
1.000000
10.000000
10.000000
20.000000
1.000000
10.000000
10.000000
20.000000
1.000000
10.000000
10.000000
20.000000
1.000000
10.000000
10.000000
20.000000
1.000000
10.000000
10.000000
20.000000
1.000000
10.000000
10.000000
20.000000
1.000000
10.000000
10.000000
20.000000
1.000000
10.000000
10.000000
20.000000
1.000000
10.000000
10.000000
20.000000
1.000000
10.000000
10.000000
20.000000
1.000000
10.000000
10.000000
20.000000
1.000000
10.000000
10.000000
20.000000
1.000000
10.000000
10.000000
20.000000
1.000000
10.000000
10.000000
20.000000
1.000000
10.000000
10.000000
20.000000
1.000000
10.000000
10.000000
20.000000
1.000000
10.000000
10.000000
20.000000
1.000000
10.000000
10.000000
20.000000
1.000000
10.000000
10.000000
20.000000
1.000000
10.000000
10.000000
20.000000
1.000000
10.000000
10.000000
20.000000
1.000000
10.000000
10.000000
20.000000
1.000000
10.000000
10.000000
20.000000
1.000000
10.000000
10.000000
20.000000
1.000000
10.000000
10.000000
20.000000
1.000000
10.000000
10.000000
20.000000
1.000000
10.000000
10.000000
20.000000
1.000000
10.000000
10.000000
20.000000
1.000000
10.000000
10.000000
20.000000
1.000000
10.000000
10.000000
20.000000
1.000000
10.000000
10.000000
20.000000
1.000000
10.000000
10.000000
20.000000
1.000000
10.000000
10.000000
20.000000
1.000000
10.000000
10.000000
20.000000
1.000000
10.000000
10.000000
20.000000
1.000000
10.000000
10.000000
20.000000
1.000000
10.000000
10.000000
20.000000
1.000000
10.000000
10.000000
20.000000
1.000000
10.000000
10.000000
20.000000
1.000000
10.000000
10.000000
20.000000
1.000000
10.000000
10.000000
20.000000
1.000000
10.000000
10.000000
20.000000
1.000000
10.000000
10.000000
20.000000
1.000000
10.000000
10.000000
20.000000
1.000000
10.000000
10.000000
20.000000
1.000000
10.000000
10.000000
20.000000
1.000000
10.000000
10.000000
20.000000
1.000000
10.000000
10.000000
20.000000
1.000000
10.000000
10.000000
20.000000
1.000000
10.000000
10.000000
20.000000
1.000000
10.000000
10.000000
20.000000
1.000000
10.000000
10.000000
20.000000
1.000000
10.000000
10.000000
20.000000
1.000000
10.000000
10.000000
20.000000
1.000000
10.000000
10.000000
20.000000
1.000000
10.000000
10.000000
20.000000
1.000000
10.000000
10.000000
20.000000
1.000000
10.000000
10.000000
20.000000
1.000000
10.000000
10.000000
20.000000
1.000000
10.000000
10.000000
20.000000
1.000000
10.000000
10.000000
20.000000
1.000000
10.000000
10.000000
20.000000
1.000000
10.000000
10.000000
20.000000
1.000000
