-- number of fracture
140
-- fracture type 1:hydraulic fracture 2: joint
1
2
2
2
2
2
2
2
2
2
2
2
2
2
2
2
2
2
2
2
2
2
2
2
2
2
2
2
2
2
2
2
2
2
2
2
2
2
2
2
2
2
2
2
2
2
2
2
2
2
2
2
2
2
2
2
2
2
2
2
2
2
2
2
2
2
2
2
2
2
2
2
2
2
2
2
2
2
2
2
2
2
2
2
2
2
2
2
2
2
2
2
2
2
2
2
2
2
2
2
2
2
2
2
2
2
2
2
2
2
2
2
2
2
2
2
2
2
2
2
2
2
2
2
2
2
2
2
2
2
2
2
2
2
2
2
2
2
2
2
--  Frac element initial length of boundary elements
0.400000
0.400000
0.400000
0.400000
0.400000
0.400000
0.400000
0.400000
0.400000
0.400000
0.400000
0.400000
0.400000
0.400000
0.400000
0.400000
0.400000
0.400000
0.400000
0.400000
0.400000
0.400000
0.400000
0.400000
0.400000
0.400000
0.400000
0.400000
0.400000
0.400000
0.400000
0.400000
0.400000
0.400000
0.400000
0.400000
0.400000
0.400000
0.400000
0.400000
0.400000
0.400000
0.400000
0.400000
0.400000
0.400000
0.400000
0.400000
0.400000
0.400000
0.400000
0.400000
0.400000
0.400000
0.400000
0.400000
0.400000
0.400000
0.400000
0.400000
0.400000
0.400000
0.400000
0.400000
0.400000
0.400000
0.400000
0.400000
0.400000
0.400000
0.400000
0.400000
0.400000
0.400000
0.400000
0.400000
0.400000
0.400000
0.400000
0.400000
0.400000
0.400000
0.400000
0.400000
0.400000
0.400000
0.400000
0.400000
0.400000
0.400000
0.400000
0.400000
0.400000
0.400000
0.400000
0.400000
0.400000
0.400000
0.400000
0.400000
0.400000
0.400000
0.400000
0.400000
0.400000
0.400000
0.400000
0.400000
0.400000
0.400000
0.400000
0.400000
0.400000
0.400000
0.400000
0.400000
0.400000
0.400000
0.400000
0.400000
0.400000
0.400000
0.400000
0.400000
0.400000
0.400000
0.400000
0.400000
0.400000
0.400000
0.400000
0.400000
0.400000
0.400000
0.400000
0.400000
0.400000
0.400000
0.400000
0.400000
--  locations of Frac start and end
50.000000  98.800000  50.000000  101.200000
37.009354  18.255089  49.919829  19.384611
48.700719  131.033840  59.190720  131.951600
77.193970  192.492130  89.164870  193.539450
83.319160  54.638737  95.930860  55.742123
47.867054  84.181771  61.580480  85.381546
0.000001  191.255230  10.551003  192.178320
21.344861  165.093940  37.081137  166.470700
73.029200  23.312728  83.597430  24.237330
84.276660  63.828053  97.389570  64.975285
37.796732  131.829020  52.018970  133.073300
29.214066  62.087109  43.437965  63.331543
0.000001  90.293350  9.608811  91.134018
100.000000  185.809070  90.309690  184.961280
9.655497  80.861153  23.418902  82.065300
60.785610  24.085824  75.302020  25.355848
53.649890  75.139694  68.708400  76.457150
12.586690  101.959230  24.713391  103.020180
65.916950  92.737557  78.849710  93.869026
0.000001  7.877850  10.165156  8.767187
9.364609  151.151450  24.225666  152.451620
34.625349  3.881366  49.137636  5.151029
20.086692  170.631610  32.282627  171.698620
0.000001  78.464749  9.201628  79.269787
14.069569  35.668385  27.332002  36.828699
46.823938  113.774290  58.020130  114.753830
81.204420  130.376760  91.076820  131.240490
0.000001  85.958756  6.060986  86.489022
78.751450  15.889642  93.475390  17.177822
21.965581  44.920460  37.607548  46.288958
8.038388  194.025120  23.495774  195.377480
84.640150  76.761395  98.157340  77.944000
40.916580  137.563440  52.076700  138.539830
21.906325  33.382390  32.965683  34.349961
77.779490  44.328251  91.438390  45.523251
51.366780  169.861170  65.654130  171.111150
67.893070  153.856380  82.541540  155.137960
4.043816  68.340576  18.355715  69.592709
42.353998  195.768290  56.628350  197.017130
41.606150  175.737890  52.484180  176.689600
83.379760  49.070919  95.739030  50.152218
36.072467  38.568510  51.310120  39.901634
60.804330  107.875370  76.418770  109.241460
3.685830  18.869086  16.140397  19.958721
55.100310  88.814224  65.973610  89.765511
28.741512  189.398110  41.442930  190.509330
24.911154  38.268971  35.208956  39.169913
14.731097  8.956798  27.954064  10.113659
100.000000  135.308060  90.964610  134.517560
66.847100  29.266911  80.866940  30.493489
62.781630  167.101660  72.374410  167.940910
52.659830  51.188675  66.876780  52.432499
75.072840  188.990090  89.286630  190.233640
85.022690  9.417504  99.650960  10.697314
31.897514  148.862510  45.341102  150.038670
5.340289  166.731190  20.646941  168.070370
83.009820  141.934890  96.578590  143.122000
54.548560  142.140370  69.420190  143.441480
0.000001  70.969532  7.751481  71.647701
71.569020  103.935070  84.098530  105.031260
38.183950  81.213772  52.366520  82.454590
53.352540  161.810070  68.975210  163.176870
63.121700  73.210327  77.752570  74.490368
32.434154  125.874120  45.148186  126.986450
55.425850  120.546670  64.424270  121.333930
49.508992  167.807840  62.668570  168.959160
80.417930  36.973471  95.213510  38.267920
36.208298  155.278070  47.968281  156.306940
1.486874  138.664930  13.015364  139.673550
2.272660  186.681770  17.039965  187.973750
0.000001  62.872410  6.151881  63.410629
55.981950  98.729782  65.532840  99.565376
7.162760  140.827260  19.322711  141.891110
82.199410  122.312840  93.675100  123.316830
66.216760  138.054270  82.051150  139.439600
46.426740  146.775730  56.098820  147.621940
100.000000  171.675420  91.596440  170.940210
69.745120  123.647300  81.806260  124.702510
44.567207  178.999670  55.568420  179.962170
19.278853  160.896540  30.983619  161.920570
69.411490  148.134860  82.498350  149.279820
0.000001  116.334910  9.398118  117.157140
66.900260  116.046900  81.342540  117.310430
9.280503  51.232948  24.137232  52.532746
85.391030  119.200350  98.360960  120.335070
68.413400  3.585323  80.929380  4.680331
21.024320  92.862313  33.042042  93.913727
100.000000  197.712270  90.564680  196.886790
37.259488  78.210564  48.542777  79.197724
53.130540  111.860370  67.599660  113.126270
56.493570  172.089730  67.905340  173.088130
16.470681  178.994010  26.034191  179.830710
19.599907  99.874916  18.235974  115.464740
20.379193  80.427788  19.514027  90.316628
91.161540  49.063339  89.944910  62.969437
56.925870  37.169068  55.589430  52.444657
70.819110  96.444542  69.521450  111.276870
87.057230  62.940910  86.231730  72.376442
98.444660  124.404030  97.231630  138.269020
97.104270  71.174095  95.831910  85.717156
13.073803  135.061930  12.019379  147.114050
9.125248  105.466960  7.933850  119.084710
34.726090  157.738240  33.743197  168.972740
99.470270  8.473831  98.364840  21.108933
6.338356  0.000000  5.502976  9.548431
5.961830  181.263700  5.032788  191.882730
47.467628  149.294740  46.490535  160.462950
94.970960  178.178820  93.996950  189.311750
57.799070  71.205086  56.574590  85.200981
41.741911  142.320550  40.482727  156.713070
38.940426  48.224030  37.566746  63.925255
89.754400  13.458557  88.886540  23.378250
33.703120  148.780450  32.814036  158.942730
9.987812  150.742660  9.001675  162.014270
73.236330  65.312622  71.957490  79.929802
85.868360  33.762543  84.527390  49.089966
67.692640  137.866220  66.855030  147.440100
16.305195  67.593155  15.162293  80.656601
77.393740  91.183571  76.072000  106.291180
36.660528  115.191060  35.376272  129.870160
75.035970  130.167900  73.660290  145.891950
73.516640  103.280770  72.286320  117.343350
61.115600  79.133698  59.946210  92.499878
97.015990  123.225720  95.935130  135.579980
73.816170  2.226319  73.027800  11.237396
21.465077  154.770000  20.336624  167.668230
85.590670  135.035650  84.263710  150.202900
90.321590  135.996050  89.397640  146.556850
43.330267  68.538208  42.162396  81.887039
39.302605  119.066840  38.041729  133.478710
7.709091  68.471832  6.622711  80.889221
95.431610  161.870630  94.546780  171.984270
58.694970  49.367539  57.807350  59.513046
32.486647  183.853730  31.533659  194.746420
50.121560  177.476860  48.907681  191.351500
83.664450  123.256940  82.476440  136.835950
63.180040  137.981330  61.978820  151.711320
76.538550  73.574463  75.676510  83.427689
98.286060  200.000000  99.149880  190.126610
5.631108  16.073319  4.461277  29.444550
--   Boundary Value(BC)
0.000000
0.000000
10.000000
10.000000
20.000000
1.000000
10.000000
10.000000
20.000000
1.000000
10.000000
10.000000
20.000000
1.000000
10.000000
10.000000
20.000000
1.000000
10.000000
10.000000
20.000000
1.000000
10.000000
10.000000
20.000000
1.000000
10.000000
10.000000
20.000000
1.000000
10.000000
10.000000
20.000000
1.000000
10.000000
10.000000
20.000000
1.000000
10.000000
10.000000
20.000000
1.000000
10.000000
10.000000
20.000000
1.000000
10.000000
10.000000
20.000000
1.000000
10.000000
10.000000
20.000000
1.000000
10.000000
10.000000
20.000000
1.000000
10.000000
10.000000
20.000000
1.000000
10.000000
10.000000
20.000000
1.000000
10.000000
10.000000
20.000000
1.000000
10.000000
10.000000
20.000000
1.000000
10.000000
10.000000
20.000000
1.000000
10.000000
10.000000
20.000000
1.000000
10.000000
10.000000
20.000000
1.000000
10.000000
10.000000
20.000000
1.000000
10.000000
10.000000
20.000000
1.000000
10.000000
10.000000
20.000000
1.000000
10.000000
10.000000
20.000000
1.000000
10.000000
10.000000
20.000000
1.000000
10.000000
10.000000
20.000000
1.000000
10.000000
10.000000
20.000000
1.000000
10.000000
10.000000
20.000000
1.000000
10.000000
10.000000
20.000000
1.000000
10.000000
10.000000
20.000000
1.000000
10.000000
10.000000
20.000000
1.000000
10.000000
10.000000
20.000000
1.000000
10.000000
10.000000
20.000000
1.000000
10.000000
10.000000
20.000000
1.000000
10.000000
10.000000
20.000000
1.000000
10.000000
10.000000
20.000000
1.000000
10.000000
10.000000
20.000000
1.000000
10.000000
10.000000
20.000000
1.000000
10.000000
10.000000
20.000000
1.000000
10.000000
10.000000
20.000000
1.000000
10.000000
10.000000
20.000000
1.000000
10.000000
10.000000
20.000000
1.000000
10.000000
10.000000
20.000000
1.000000
10.000000
10.000000
20.000000
1.000000
10.000000
10.000000
20.000000
1.000000
10.000000
10.000000
20.000000
1.000000
10.000000
10.000000
20.000000
1.000000
10.000000
10.000000
20.000000
1.000000
10.000000
10.000000
20.000000
1.000000
10.000000
10.000000
20.000000
1.000000
10.000000
10.000000
20.000000
1.000000
10.000000
10.000000
20.000000
1.000000
10.000000
10.000000
20.000000
1.000000
10.000000
10.000000
20.000000
1.000000
10.000000
10.000000
20.000000
1.000000
10.000000
10.000000
20.000000
1.000000
10.000000
10.000000
20.000000
1.000000
10.000000
10.000000
20.000000
1.000000
10.000000
10.000000
20.000000
1.000000
10.000000
10.000000
20.000000
1.000000
10.000000
10.000000
20.000000
1.000000
10.000000
10.000000
20.000000
1.000000
10.000000
10.000000
20.000000
1.000000
10.000000
10.000000
20.000000
1.000000
10.000000
10.000000
20.000000
1.000000
10.000000
10.000000
20.000000
1.000000
10.000000
10.000000
20.000000
1.000000
10.000000
10.000000
20.000000
1.000000
10.000000
10.000000
20.000000
1.000000
10.000000
10.000000
20.000000
1.000000
10.000000
10.000000
20.000000
1.000000
10.000000
10.000000
20.000000
1.000000
10.000000
10.000000
20.000000
1.000000
10.000000
10.000000
20.000000
1.000000
10.000000
10.000000
20.000000
1.000000
10.000000
10.000000
20.000000
1.000000
10.000000
10.000000
20.000000
1.000000
10.000000
10.000000
20.000000
1.000000
10.000000
10.000000
20.000000
1.000000
10.000000
10.000000
20.000000
1.000000
10.000000
10.000000
20.000000
1.000000
10.000000
10.000000
20.000000
1.000000
10.000000
10.000000
20.000000
1.000000
10.000000
10.000000
20.000000
1.000000
10.000000
10.000000
20.000000
1.000000
10.000000
10.000000
20.000000
1.000000
10.000000
10.000000
20.000000
1.000000
10.000000
10.000000
20.000000
1.000000
10.000000
10.000000
20.000000
1.000000
10.000000
10.000000
20.000000
1.000000
10.000000
10.000000
20.000000
1.000000
10.000000
10.000000
20.000000
1.000000
10.000000
10.000000
20.000000
1.000000
10.000000
10.000000
20.000000
1.000000
10.000000
10.000000
20.000000
1.000000
10.000000
10.000000
20.000000
1.000000
10.000000
10.000000
20.000000
1.000000
10.000000
10.000000
20.000000
1.000000
10.000000
10.000000
20.000000
1.000000
10.000000
10.000000
20.000000
1.000000
10.000000
10.000000
20.000000
1.000000
10.000000
10.000000
20.000000
1.000000
10.000000
10.000000
20.000000
1.000000
10.000000
10.000000
20.000000
1.000000
10.000000
10.000000
20.000000
1.000000
10.000000
10.000000
20.000000
1.000000
10.000000
10.000000
20.000000
1.000000
10.000000
10.000000
20.000000
1.000000
10.000000
10.000000
20.000000
1.000000
10.000000
10.000000
20.000000
1.000000
10.000000
10.000000
20.000000
1.000000
10.000000
10.000000
20.000000
1.000000
10.000000
10.000000
20.000000
1.000000
10.000000
10.000000
20.000000
1.000000
10.000000
10.000000
20.000000
1.000000
10.000000
10.000000
20.000000
1.000000
10.000000
10.000000
20.000000
1.000000
10.000000
10.000000
20.000000
1.000000
10.000000
10.000000
20.000000
1.000000
10.000000
10.000000
20.000000
1.000000
10.000000
10.000000
20.000000
1.000000
10.000000
10.000000
20.000000
1.000000
10.000000
10.000000
20.000000
1.000000
10.000000
10.000000
20.000000
1.000000
10.000000
10.000000
20.000000
1.000000
10.000000
10.000000
20.000000
1.000000
10.000000
10.000000
20.000000
1.000000
10.000000
10.000000
20.000000
1.000000
10.000000
10.000000
20.000000
1.000000
10.000000
10.000000
20.000000
1.000000
10.000000
10.000000
20.000000
1.000000
10.000000
10.000000
20.000000
1.000000
10.000000
10.000000
20.000000
1.000000
10.000000
10.000000
20.000000
1.000000
10.000000
10.000000
20.000000
1.000000
10.000000
10.000000
20.000000
1.000000
10.000000
10.000000
20.000000
1.000000
10.000000
10.000000
20.000000
1.000000
