0.101250  1  0.000099	
0.329063  1  0.000223	
0.374063  1  0.000240	
0.419063  1  0.000251	
0.464062  1  0.000259	
0.509062  1  0.000264	
0.554063  1  0.000270	
0.599063  1  0.000277	
0.644063  1  0.000284	
0.689063  1  0.000290	
0.734063  1  0.000296	
0.779063  1  0.000301	
0.824063  1  0.000306	
0.869063  1  0.000309	
0.899063  1  0.000311	
0.966563  1  0.000316	
1.118438  1  0.000330	
1.460156  1  0.000355	
1.972734  1  0.000388	
2.485313  1  0.000417	
2.713125  1  0.000430	
3.225703  1  0.000457	
3.453516  1  0.000468	
3.966094  1  0.000491	
4.193906  1  0.000500	
4.706484  1  0.000520	
4.934297  1  0.000529	
5.035547  1  0.000533	
5.263359  1  0.000541	
5.775938  1  0.000559	
6.003750  1  0.000566	
6.516328  1  0.000583	
6.858047  1  0.000593	
7.626914  1  0.000614	
7.968633  1  0.000623	
8.737500  1  0.000643	
9.079219  1  0.000651	
9.848086  1  0.000670	
10.189805  1  0.000678	
10.958672  1  0.000695	
11.300391  1  0.000703	
12.069258  1  0.000719	
12.410977  1  0.000726	
13.179844  1  0.000741	
13.521563  1  0.000747	
14.290430  1  0.000761	
14.632148  1  0.000767	
15.401016  1  0.000780	
15.913594  1  0.000789	
17.066895  1  0.000807	
17.579473  1  0.000815	
18.732773  1  0.000833	
19.886074  1  0.000849	
21.039375  1  0.000865	
21.551953  1  0.000872	
22.705254  1  0.000887	
23.858555  1  0.000901	
24.371133  1  0.000907	
25.524434  1  0.000921	
26.037012  1  0.000927	
27.190313  1  0.000940	
28.343613  1  0.000952	
28.856191  1  0.000958	
30.009492  1  0.000970	
30.522070  1  0.000975	
31.675371  1  0.000986	
32.187949  1  0.000991	
33.341250  1  0.001002	
33.853828  1  0.001006	
35.007129  1  0.001017	
35.519707  1  0.001021	
36.673008  1  0.001031	
37.185586  1  0.001035	
41.077976  1  0.001069	
41.462530  1  0.001072	
42.084333  1  0.001078	
42.964243  1  0.001087	
44.135603  1  0.001097	
45.445628  1  0.001109	
48.393185  1  0.001137	
48.752549  1  0.001140	
49.345059  1  0.001145	
50.201248  1  0.001154	
51.346879  1  0.001166	
52.542670  1  0.001180	
53.744934  1  0.001195	
54.963990  1  0.001210	
56.204503  1  0.001227	
57.473207  1  0.001245	
58.779752  1  0.001264	
60.130374  1  0.001285	
61.515244  1  0.001306	
62.946161  1  0.001329	
64.412911  1  0.001353	
65.913507  1  0.001378	
67.450269  1  0.001405	
69.046122  1  0.001433	
70.693523  1  0.001462	
72.398841  1  0.001492	
74.147822  1  0.001523	
75.940069  1  0.001554	
77.795485  1  0.001588	
79.699357  1  0.001622	
81.668309  1  0.001655	
83.685029  1  0.001690	
85.692688  1  0.001725	
87.754787  1  0.001761	
89.836411  1  0.001799	
92.056057  1  0.001837	
94.331041  1  0.001877	
96.643630  1  0.001920	
106.768630  1  0.002118	
109.203550  1  0.002158	
111.741693  1  0.002194	
114.309358  1  0.002238	
116.835151  1  0.002285	
129.649604  1  0.002543	
134.775385  1  0.002616	
136.164598  1  0.002628	
137.902611  1  0.002655	
139.560343  1  0.002681	
141.174770  1  0.002709	
142.025991  1  0.002720	
142.851632  1  0.002732	
143.735722  1  0.002747	
145.391192  1  0.002781	
146.950728  1  0.002799	
147.548903  1  0.002808	
149.028034  1  0.002829	
149.925830  1  0.002845	
149.997976  1  0.002847	
150.162931  1  0.002848	
150.727924  1  0.002856	
