0.101250  1  69.741993	
0.329063  1  71.164756	
0.374063  1  71.255040	
0.419063  1  71.196495	
0.464062  1  71.052085	
0.509062  1  70.884693	
0.554063  1  70.738742	
0.599063  1  70.632416	
0.644063  1  70.562649	
0.689063  1  70.516111	
0.734063  1  70.478886	
0.779063  1  70.440915	
0.824063  1  70.396760	
0.869063  1  70.344957	
0.899063  1  70.307214	
0.966563  1  70.227248	
1.118438  1  70.106050	
1.460156  1  69.910425	
1.972734  1  69.721822	
2.485313  1  69.598583	
2.713125  1  69.552899	
3.225703  1  69.478607	
3.453516  1  69.447109	
3.966094  1  69.391304	
4.193906  1  69.367520	
4.706484  1  69.321696	
4.934297  1  69.303248	
5.035547  1  69.294576	
5.263359  1  69.277177	
5.775938  1  69.244483	
6.003750  1  69.228822	
6.516328  1  69.199887	
6.858047  1  69.182242	
7.626914  1  69.142718	
7.968633  1  69.126465	
8.737500  1  69.095870	
9.079219  1  69.083641	
9.848086  1  69.059058	
10.189805  1  69.049388	
10.958672  1  69.028161	
11.300391  1  69.020281	
12.069258  1  69.001291	
12.410977  1  68.994847	
13.179844  1  68.977598	
13.521563  1  68.972375	
14.290430  1  68.956612	
14.632148  1  68.952443	
15.401016  1  68.938023	
15.913594  1  68.931530	
17.066895  1  68.911748	
17.579473  1  68.905904	
18.732773  1  68.890096	
19.886074  1  68.879566	
21.039375  1  68.869626	
21.551953  1  68.867249	
22.705254  1  68.854712	
23.858555  1  68.847913	
24.371133  1  68.847421	
25.524434  1  68.836948	
26.037012  1  68.837251	
27.190313  1  68.828176	
28.343613  1  68.825278	
28.856191  1  68.827045	
30.009492  1  68.818844	
30.522070  1  68.821056	
31.675371  1  68.813572	
32.187949  1  68.816458	
33.341250  1  68.809715	
33.853828  1  68.813224	
35.007129  1  68.807053	
35.519707  1  68.811105	
36.673008  1  68.805369	
37.185586  1  68.809899	
41.077976  1  68.792752	
41.462530  1  68.799272	
42.084333  1  68.806130	
42.964243  1  68.813797	
44.135603  1  68.820042	
45.445628  1  68.826144	
48.393185  1  68.833277	
48.752549  1  68.842281	
49.345059  1  68.851144	
50.201248  1  68.860002	
51.346879  1  68.861793	
52.542670  1  68.873195	
53.744934  1  68.877367	
54.963990  1  68.891571	
56.204503  1  68.906816	
57.473207  1  68.914406	
58.779752  1  68.922813	
60.130374  1  68.941719	
61.515244  1  68.961957	
62.946161  1  68.983433	
64.412911  1  69.006268	
65.913507  1  69.030684	
67.450269  1  69.046852	
69.046122  1  69.063997	
70.693523  1  69.081925	
72.398841  1  69.111306	
74.147822  1  69.141838	
75.940069  1  69.173344	
77.795485  1  69.195941	
79.699357  1  69.229842	
81.668309  1  69.263275	
83.685029  1  69.298207	
85.692688  1  69.333735	
87.754787  1  69.370261	
89.836411  1  69.397919	
92.056057  1  69.436904	
94.331041  1  69.478165	
96.643630  1  69.509727	
106.768630  1  69.660638	
109.203550  1  69.703669	
111.741693  1  69.742275	
114.309358  1  69.788955	
116.835151  1  69.824607	
129.649604  1  70.029940	
134.775385  1  70.097587	
136.164598  1  70.119834	
137.902611  1  70.155925	
139.560343  1  70.175170	
141.174770  1  70.196322	
142.025991  1  70.204449	
142.851632  1  70.212853	
143.735722  1  70.224512	
145.391192  1  70.252092	
146.950728  1  70.264722	
147.548903  1  70.270413	
149.028034  1  70.286309	
149.925830  1  70.298744	
149.997976  1  70.299017	
150.162931  1  70.319354	
150.727924  1  70.324828	
