0.101250  1  0.013250	
0.329063  1  0.013250	
0.374063  1  0.013250	
0.419063  1  0.013250	
0.464062  1  0.013250	
0.509062  1  0.013250	
0.554063  1  0.013250	
0.599063  1  0.013250	
0.644063  1  0.013250	
0.689063  1  0.013250	
0.734063  1  0.013250	
0.779063  1  0.013250	
0.824063  1  0.013250	
0.869063  1  0.013250	
0.899063  1  0.013250	
0.966563  1  0.013250	
1.118438  1  0.013250	
1.460156  1  0.013250	
1.972734  1  0.013250	
2.485313  1  0.013250	
2.713125  1  0.013250	
3.225703  1  0.013250	
3.453516  1  0.013250	
3.966094  1  0.013250	
4.193906  1  0.013250	
4.706484  1  0.013250	
4.934297  1  0.013250	
5.035547  1  0.013250	
5.263359  1  0.013250	
5.775938  1  0.013250	
6.003750  1  0.013250	
6.516328  1  0.013250	
6.858047  1  0.013250	
7.626914  1  0.013250	
7.968633  1  0.013250	
8.737500  1  0.013250	
9.079219  1  0.013250	
9.848086  1  0.013250	
10.189805  1  0.013250	
10.958672  1  0.013250	
11.300391  1  0.013250	
12.069258  1  0.013250	
12.410977  1  0.013250	
13.179844  1  0.013250	
13.521563  1  0.013250	
14.290430  1  0.013250	
14.632148  1  0.013250	
15.401016  1  0.013250	
15.913594  1  0.013250	
17.066895  1  0.013250	
17.579473  1  0.013250	
18.732773  1  0.013250	
19.886074  1  0.013250	
21.039375  1  0.013250	
21.551953  1  0.013250	
22.705254  1  0.013250	
23.858555  1  0.013250	
24.371133  1  0.013250	
25.524434  1  0.013250	
26.037012  1  0.013250	
27.190313  1  0.013250	
28.343613  1  0.013250	
28.856191  1  0.013250	
30.009492  1  0.013250	
30.522070  1  0.013250	
31.675371  1  0.013250	
32.187949  1  0.013250	
33.341250  1  0.013250	
33.853828  1  0.013250	
35.007129  1  0.013250	
35.519707  1  0.013250	
36.673008  1  0.013250	
37.185586  1  0.013250	
41.077976  1  0.013250	
41.462530  1  0.013250	
42.084333  1  0.013250	
42.964243  1  0.013250	
44.135603  1  0.013250	
45.445628  1  0.013250	
48.393185  1  0.013250	
48.752549  1  0.013250	
49.345059  1  0.013250	
50.201248  1  0.013250	
51.346879  1  0.013250	
52.542670  1  0.013250	
53.744934  1  0.013250	
54.963990  1  0.013250	
56.204503  1  0.013250	
57.473207  1  0.013250	
58.779752  1  0.013250	
60.130374  1  0.013250	
61.515244  1  0.013250	
62.946161  1  0.013250	
64.412911  1  0.013250	
65.913507  1  0.013250	
67.450269  1  0.013250	
69.046122  1  0.013250	
70.693523  1  0.013250	
72.398841  1  0.013250	
74.147822  1  0.013250	
75.940069  1  0.013250	
77.795485  1  0.013250	
79.699357  1  0.013250	
81.668309  1  0.013250	
83.685029  1  0.013250	
85.692688  1  0.013250	
87.754787  1  0.013250	
89.836411  1  0.013250	
92.056057  1  0.013250	
94.331041  1  0.013250	
96.643630  1  0.013250	
106.768630  1  0.013250	
109.203550  1  0.013250	
111.741693  1  0.013250	
114.309358  1  0.013250	
116.835151  1  0.013250	
129.649604  1  0.013250	
134.775385  1  0.013250	
136.164598  1  0.013250	
137.902611  1  0.013250	
139.560343  1  0.013250	
141.174770  1  0.013250	
142.025991  1  0.013250	
142.851632  1  0.013250	
143.735722  1  0.013250	
145.391192  1  0.013250	
146.950728  1  0.013250	
147.548903  1  0.013250	
149.028034  1  0.013250	
149.925830  1  0.013250	
149.997976  1  0.013250	
150.162931  1  0.013250	
150.727924  1  0.013250	
