   5.3000000e+01
   5.3000000e+01
   5.3000000e+01
   5.3000000e+01
   5.3000000e+01
   5.3000000e+01
   5.3000000e+01
   5.3000000e+01
   5.3000000e+01
   5.3000000e+01
   5.3000000e+01
   5.3000000e+01
   5.3000000e+01
   5.3000000e+01
   5.3000000e+01
   5.3000000e+01
   5.3000000e+01
   5.3000000e+01
   5.3000000e+01
   5.2921995e+01
   5.2765984e+01
   5.2609973e+01
   5.2354995e+01
   5.2001050e+01
   5.3059965e+01
   5.3179894e+01
   5.3416831e+01
   5.3770777e+01
   5.4124722e+01
   5.1647104e+01
   5.1293159e+01
   5.0939214e+01
   5.0585268e+01
   5.0231323e+01
   5.2999302e+01
   5.4478668e+01
   5.4832613e+01
   5.5186559e+01
   5.5540504e+01
   5.5894449e+01
   5.2998255e+01
   5.6248395e+01
   5.6602340e+01
   5.6956286e+01
   5.7310231e+01
   5.7664176e+01
   5.2994764e+01
   5.2996858e+01
   5.2998533e+01
   5.2993193e+01
   5.8018122e+01
   5.8372067e+01
   5.2992739e+01
   5.2994729e+01
   5.2985483e+01
   5.2973688e+01
   5.2969919e+01
   5.2977873e+01
   5.2991542e+01
   5.2999199e+01
   5.3006857e+01
   5.2943492e+01
   5.2809106e+01
   5.2674720e+01
   5.2444744e+01
   5.2119176e+01
   5.3072679e+01
   5.3196667e+01
   5.3421445e+01
   5.3747012e+01
   5.4072579e+01
   5.1793609e+01
   5.1468042e+01
   5.1142475e+01
   5.0816908e+01
   5.0491341e+01
   5.4398146e+01
   5.4723714e+01
   5.5049281e+01
   5.5374848e+01
   5.5700415e+01
   5.0165774e+01
   5.6025982e+01
   5.6351549e+01
   5.6677116e+01
   5.6761936e+01
   5.6642084e+01
   5.6561408e+01
   5.6488116e+01
   5.6422639e+01
   5.6360692e+01
   5.0109817e+01
   5.0197710e+01
   5.6274512e+01
   5.0259743e+01
   5.6191703e+01
   5.0315131e+01
   5.6115298e+01
   5.0366697e+01
   5.6023469e+01
   5.5947421e+01
   5.0438833e+01
   5.5897889e+01
   5.5844576e+01
   5.5783042e+01
   5.0508363e+01
   5.5745944e+01
   5.5706008e+01
   5.0574422e+01
   5.5664654e+01
   5.5632105e+01
   5.5603959e+01
   5.5570953e+01
   5.5538887e+01
   5.5522000e+01
   5.5499106e+01
   5.0638746e+01
   5.5477430e+01
   5.5454571e+01
   5.0698490e+01
   5.5431120e+01
   5.5410176e+01
   5.5390485e+01
   5.5364879e+01
   5.5337868e+01
   5.5325916e+01
   5.5306297e+01
   5.5287795e+01
   5.5282060e+01
   5.5271712e+01
   5.5260491e+01
   5.0759630e+01
   5.5247527e+01
   5.5233691e+01
   5.5225065e+01
   5.5217037e+01
   5.5209009e+01
   5.5165806e+01
   5.5087428e+01
   5.4918124e+01
   5.4657895e+01
   5.5265612e+01
   5.5386846e+01
   5.5508080e+01
   5.5698812e+01
   5.5959041e+01
   5.6219271e+01
   5.6479500e+01
   5.6739730e+01
   5.6999959e+01
   5.7260188e+01
   5.7520418e+01
   5.7780647e+01
   5.8040876e+01
   5.8301106e+01
   5.8561335e+01
   5.0805304e+01
   5.8821564e+01
   5.9081794e+01
   5.9342023e+01
   5.9602252e+01
   5.9862482e+01
   6.0122711e+01
   6.0382940e+01
   6.0643170e+01
   6.0903399e+01
   6.1163629e+01
   6.1423858e+01
   6.1684087e+01
   6.1944317e+01
   6.2204546e+01
   6.2464775e+01
   5.0879504e+01
   5.0952615e+01
   5.0996111e+01
   6.2485520e+01
   6.2324031e+01
   6.2219795e+01
   6.2071782e+01
   6.1937729e+01
   6.1861413e+01
   6.1741872e+01
   6.1619797e+01
   6.1497530e+01
   6.1382885e+01
   6.1320059e+01
   6.1260546e+01
   6.1171477e+01
   6.1082508e+01
   6.0994206e+01
   6.0906237e+01
   6.0827273e+01
   6.0752811e+01
   6.0675245e+01
   5.1063193e+01
   6.0599340e+01
   6.0553020e+01
   6.0488785e+01
   6.0427173e+01
   6.0364605e+01
   6.0301559e+01
   6.0246050e+01
   6.0194309e+01
   6.0139205e+01
   6.0082418e+01
   6.0034993e+01
   5.9992249e+01
   5.9941721e+01
   5.9890882e+01
   5.9861764e+01
   5.9821338e+01
   5.9782536e+01
   5.9741867e+01
   5.9700264e+01
   5.9662953e+01
   5.9627789e+01
   5.9589854e+01
   5.9550533e+01
   5.9518079e+01
   5.9489057e+01
   5.9454485e+01
   5.9420400e+01
   5.9402025e+01
   5.9378987e+01
   5.9341068e+01
   5.9308162e+01
   5.9290483e+01
   5.9270230e+01
   5.9254543e+01
   5.9245996e+01
   5.9237448e+01
   5.9184102e+01
   5.9085958e+01
   5.8850567e+01
   5.8477930e+01
   5.8105292e+01
   5.9324672e+01
   5.9507668e+01
   5.9690664e+01
   5.9968480e+01
   6.0341118e+01
   5.7732654e+01
   5.7360017e+01
   5.6987379e+01
   6.0713756e+01
   6.1086393e+01
   6.1459031e+01
   6.1831669e+01
   6.2204307e+01
   6.2576944e+01
   6.2949582e+01
   6.3322220e+01
   6.3694857e+01
   6.4067495e+01
   6.4440133e+01
   6.4812770e+01
   6.5185408e+01
   6.5558046e+01
   6.5930683e+01
   6.6303321e+01
   5.1131195e+01
   5.1200758e+01
   5.1265983e+01
   5.1299647e+01
   5.1330317e+01
   5.1370791e+01
   5.1426877e+01
   5.1473296e+01
   5.1511760e+01
   5.1549224e+01
   5.1578168e+01
   5.1622620e+01
   5.1675175e+01
   5.1709038e+01
   5.1744565e+01
   5.1780924e+01
   5.1813258e+01
   5.1843581e+01
   5.1875223e+01
   5.1907525e+01
   5.1936005e+01
   5.1962575e+01
   5.1991577e+01
   5.2021796e+01
   5.2047286e+01
   5.2070412e+01
   5.2096599e+01
   5.2124316e+01
   5.2146396e+01
   5.2165657e+01
   5.2190416e+01
   5.2214583e+01
   5.2226239e+01
   5.2240586e+01
   5.2265566e+01
   5.2290257e+01
   5.2309377e+01
   5.2328741e+01
   5.2345689e+01
   5.2372850e+01
   5.2403123e+01
   5.2420502e+01
   5.2440390e+01
   5.2461532e+01
   5.2478144e+01
   5.2492491e+01
   5.2511507e+01
   5.2529686e+01
   5.2537577e+01
   5.2547320e+01
   5.2555635e+01
   5.2560671e+01
   5.2565706e+01
   5.2513928e+01
   5.2405338e+01
   5.2164265e+01
   5.1790709e+01
   5.1417153e+01
   5.2656545e+01
   5.2833189e+01
   5.3009833e+01
   5.3284933e+01
   5.3658489e+01
   5.4032044e+01
   5.4405600e+01
   5.4779156e+01
   5.5152712e+01
   5.1043597e+01
   5.0670042e+01
   5.0296486e+01
   4.9922930e+01
   4.9549374e+01
   4.9175818e+01
   4.8802262e+01
   4.8428706e+01
   4.8055150e+01
   4.7681595e+01
   4.7308039e+01
   4.6934483e+01
   4.6560927e+01
   4.6187371e+01
   4.5813815e+01
   4.5440259e+01
   4.5066703e+01
   4.4693148e+01
   4.4319592e+01
   4.3946036e+01
   4.3572480e+01
   6.6438029e+01
   6.6368822e+01
   6.6333630e+01
   6.6262873e+01
   6.6179318e+01
   6.6125588e+01
   4.3429574e+01
   4.3487935e+01
   6.6082154e+01
   4.3513383e+01
   4.3541519e+01
   6.6041957e+01
   4.3575875e+01
   6.5976886e+01
   4.3616635e+01
   6.5885854e+01
   4.3652007e+01
   6.5816765e+01
   4.3687864e+01
   6.5753469e+01
   4.3723964e+01
   4.3772484e+01
   6.5675883e+01
   6.5619902e+01
   4.3848814e+01
   6.5562207e+01
   4.3908579e+01
   6.5503657e+01
   4.3991934e+01
   4.4081301e+01
   4.4133171e+01
   4.4185041e+01
   6.5445106e+01
   6.5370604e+01
   6.5317403e+01
   4.4143157e+01
   4.4007518e+01
   4.3871880e+01
   4.3617534e+01
   4.3244480e+01
   4.4267508e+01
   4.4380572e+01
   4.4493636e+01
   4.4736694e+01
   4.5109748e+01
   4.2871427e+01
   4.2498373e+01
   4.2125320e+01
   4.5482801e+01
   4.5855855e+01
   4.6228908e+01
   4.6601962e+01
   4.6975015e+01
   6.5266266e+01
   4.7348069e+01
   4.7721122e+01
   4.8094176e+01
   4.8467229e+01
   4.8840283e+01
   4.9213336e+01
   4.9586390e+01
   4.9959443e+01
   6.5218953e+01
   6.5191137e+01
   6.5144238e+01
   6.5080117e+01
   6.5033421e+01
   6.4982251e+01
   6.4930100e+01
   6.4897009e+01
   6.4821578e+01
   6.4703808e+01
   6.4452050e+01
   6.4066303e+01
   6.3680557e+01
   6.4969788e+01
   6.5148439e+01
   6.5327090e+01
   6.5609289e+01
   6.5995035e+01
   6.6380781e+01
   6.6766528e+01
   6.7152274e+01
   6.7538020e+01
   6.7923767e+01
   6.3294810e+01
   6.2909064e+01
   6.2523318e+01
   6.2137571e+01
   6.1751825e+01
   6.8309513e+01
   6.8695260e+01
   6.9081006e+01
   6.9466752e+01
   6.9852499e+01
   6.1366079e+01
   6.0980332e+01
   6.0594586e+01
   6.0208840e+01
   5.9823093e+01
   7.0238245e+01
   7.0623991e+01
   7.1009738e+01
   7.1395484e+01
   7.1781230e+01
   7.2166977e+01
   4.1980405e+01
   4.2046257e+01
   4.2084983e+01
   4.2113953e+01
   4.2160513e+01
   4.2208625e+01
   4.2255151e+01
   4.2300885e+01
   4.2353498e+01
   4.2420458e+01
   4.2461836e+01
   4.2489176e+01
   4.2520286e+01
   4.2568191e+01
   4.2616717e+01
   4.2663864e+01
   4.2726704e+01
   4.2774506e+01
   7.2325155e+01
   7.2282317e+01
   7.2266034e+01
   4.2825955e+01
   7.2218531e+01
   4.2884048e+01
   7.2159491e+01
   4.2929204e+01
   4.2988052e+01
   7.2104565e+01
   4.3042458e+01
   4.3094596e+01
   7.2054694e+01
   4.3145601e+01
   4.3193781e+01
   7.2025443e+01
   4.3240549e+01
   4.3285246e+01
   4.3342080e+01
   7.1985369e+01
   4.3396149e+01
   4.3449181e+01
   4.3497013e+01
   7.1941482e+01
   4.3542907e+01
   7.1913823e+01
   4.3580032e+01
   4.3613482e+01
   7.1868945e+01
   4.3645093e+01
   4.3679272e+01
   4.3711852e+01
   4.3729731e+01
   7.1815459e+01
   4.3755157e+01
   7.1770591e+01
   4.3792858e+01
   4.3824678e+01
   4.3853232e+01
   4.3880154e+01
   4.3909716e+01
   7.1730031e+01
   7.1685535e+01
   4.3940599e+01
   4.3966754e+01
   4.3990546e+01
   4.4018509e+01
   4.4048558e+01
   4.4071650e+01
   7.1639070e+01
   4.4094430e+01
   7.1597095e+01
   4.4113837e+01
   4.4143643e+01
   4.4177518e+01
   4.4198176e+01
   4.4220506e+01
   7.1545646e+01
   4.4243671e+01
   4.4263772e+01
   4.4282340e+01
   4.4302859e+01
   4.4324354e+01
   7.1508202e+01
   4.4342852e+01
   4.4359853e+01
   7.1464606e+01
   4.4378874e+01
   4.4398906e+01
   4.4416080e+01
   4.4431826e+01
   4.4449454e+01
   4.4468022e+01
   4.4483942e+01
   7.1417934e+01
   4.4498537e+01
   4.4514806e+01
   4.4531911e+01
   7.1375198e+01
   4.4546715e+01
   4.4560369e+01
   4.4575418e+01
   4.4591164e+01
   4.4605096e+01
   4.4618123e+01
   4.4632265e+01
   4.4646965e+01
   7.1334431e+01
   4.4660061e+01
   4.4672354e+01
   4.4690921e+01
   7.1289866e+01
   4.4710586e+01
   4.4718379e+01
   4.4731892e+01
   4.4745196e+01
   4.4749973e+01
   4.4755743e+01
   4.4768226e+01
   4.4781880e+01
   4.4792604e+01
   7.1243401e+01
   4.4801863e+01
   4.4814122e+01
   4.4827880e+01
   4.4838220e+01
   4.4846851e+01
   7.1198661e+01
   4.4858761e+01
   4.4872310e+01
   4.4882162e+01
   4.4890165e+01
   4.4901726e+01
   4.4915066e+01
   4.4924011e+01
   4.4930757e+01
   4.4942109e+01
   4.4955763e+01
   4.4964044e+01
   4.4969639e+01
   4.4973091e+01
   4.4976265e+01
   4.4979440e+01
   4.4913453e+01
   4.4778305e+01
   4.4547817e+01
   4.4221989e+01
   4.3896162e+01
   4.5044587e+01
   4.5171706e+01
   4.5298826e+01
   4.5525300e+01
   4.5851128e+01
   4.6176955e+01
   4.3570334e+01
   4.3244506e+01
   4.2918679e+01
   4.2592851e+01
   4.2267023e+01
   7.1154784e+01
   4.1941196e+01
   4.1615368e+01
   4.1289540e+01
   4.0963713e+01
   4.0637885e+01
   4.0312057e+01
   3.9986230e+01
   3.9660402e+01
   3.9334574e+01
   3.9008747e+01
   7.1106976e+01
   3.8682919e+01
   3.8357091e+01
   3.8031264e+01
   3.7705436e+01
   3.7379608e+01
   3.7053781e+01
   3.6727953e+01
   3.6402125e+01
   3.6076298e+01
   7.1057204e+01
   7.1008533e+01
   7.0960413e+01
   7.0908029e+01
   7.0853513e+01
