-- number of fracture
20
-- fracture type 1:hydraulic fracture 2: joint
1
2
2
2
2
2
2
2
2
2
2
2
2
2
2
2
2
2
2
2
--  Frac element initial length of boundary elements
0.800000
0.800000
0.800000
0.800000
0.800000
0.800000
0.800000
0.800000
0.800000
0.800000
0.800000
0.800000
0.800000
0.800000
0.800000
0.800000
0.800000
0.800000
0.800000
0.800000
--  locations of Frac start and end
50.000000  97.600000  50.000000  102.400000
59.410731  36.601404  44.617497  80.169285
40.603074  76.579799  59.396926  83.420201
40.603074  116.579800  59.396926  123.420200
17.694626  156.129810  29.910630  160.576070
26.759886  125.375600  39.915582  130.163880
50.169285  125.382500  62.385289  129.828770
47.771692  143.665050  55.289233  146.401210
29.927886  62.052570  50.601124  69.577013
42.323528  36.767237  59.237995  42.923600
64.019375  53.177302  77.175071  57.965584
33.424102  124.608640  19.656928  165.357450
48.476439  31.557469  44.285830  45.994879
45.816293  111.028010  36.153361  140.500500
56.408564  117.011640  52.217954  131.449050
62.986412  119.405780  53.665500  147.938580
52.556523  142.214050  45.629753  164.169000
32.484409  84.266624  37.182872  85.976725
44.624399  56.759886  31.883286  94.689611
69.318961  44.464416  55.551788  85.213219
--   Boundary Value(BC)
0.000000
0.000000
10.000000
10.000000
20.000000
1.000000
10.000000
10.000000
20.000000
1.000000
10.000000
10.000000
20.000000
1.000000
10.000000
10.000000
20.000000
1.000000
10.000000
10.000000
20.000000
1.000000
10.000000
10.000000
20.000000
1.000000
10.000000
10.000000
20.000000
1.000000
10.000000
10.000000
20.000000
1.000000
10.000000
10.000000
20.000000
1.000000
10.000000
10.000000
20.000000
1.000000
10.000000
10.000000
20.000000
1.000000
10.000000
10.000000
20.000000
1.000000
10.000000
10.000000
20.000000
1.000000
10.000000
10.000000
20.000000
1.000000
10.000000
10.000000
20.000000
1.000000
10.000000
10.000000
20.000000
1.000000
10.000000
10.000000
20.000000
1.000000
10.000000
10.000000
20.000000
1.000000
10.000000
10.000000
20.000000
1.000000
