   9.6083116e-01
   9.6083116e-01
   9.9396327e-01
   9.9396327e-01
   1.0572624e+00
   1.0572624e+00
   1.5088824e+00
   1.5088824e+00
   1.0489781e+00
   1.0029864e+00
   1.6774164e+00
   1.9552372e+00
   2.1938550e+00
   2.2702019e+00
   2.3906671e+00
   1.0557171e+00
   1.5182098e+00
   1.3188917e+00
   1.7717954e+00
   1.9175144e+00
   2.3821054e+00
   2.1629323e+00
   3.8128584e+01
   1.1293471e+00
   1.0834804e+00
   1.1397856e+00
   1.0639405e+00
   9.2268752e-01
   3.1628490e+01
   1.0285130e+00
   1.1221000e+00
   9.2414268e-01
   9.7613302e-01
   1.0345259e+00
   1.0858690e+00
   9.0871297e-01
   9.1826648e-01
   9.5902620e-01
   9.5444394e-01
   1.0323070e+00
   1.1844513e+00
   1.1845764e+00
   9.8784770e-01
   1.1231200e+00
   1.0752909e+00
   9.2127448e-01
   1.1908854e+00
   1.3116214e+00
   9.6612930e-01
   1.0054962e+00
   1.2042838e+00
   1.4162670e+00
   1.2346369e+00
   9.0803420e-01
   1.0950179e+00
   1.4268570e+00
   9.1541988e-01
   9.0147947e-01
   1.2876340e+00
   9.0112425e-01
   1.3103027e+00
   1.3602206e+00
   1.1808835e+00
   9.1731169e-01
   1.2743736e+00
   9.6172762e-01
   1.0493178e+00
   1.2490831e+00
   9.0639982e-01
   1.1058226e+00
   9.4377530e-01
   9.1375353e-01
   9.0472093e-01
   9.0067149e-01
   9.0255053e-01
   6.0249755e+01
   2.1354148e+00
   1.2790377e+00
   9.8905435e-01
   9.3692376e-01
   1.0104099e+00
   9.5394317e-01
   9.2465033e-01
   9.2052151e-01
   1.0229799e+00
   1.0551335e+00
   1.1460644e+00
   1.0019208e+00
   1.1750570e+00
   9.5278959e-01
   9.2462040e-01
   1.2633943e+00
   1.0455570e+00
   9.1553562e-01
   9.0044008e-01
   1.1814649e+00
   1.2216813e+00
   1.3191560e+00
   9.9662084e-01
   1.0277367e+00
   9.1706025e-01
   1.0525969e+00
   1.1314684e+00
   1.2517457e+00
   9.5303671e-01
   1.1664510e+00
   1.0851117e+00
   1.2559634e+00
   1.1794745e+00
   1.4824430e+00
   1.3789330e+00
   9.3859585e-01
   1.3057131e+00
   9.3185999e-01
   1.3859828e+00
   1.0747233e+00
   9.5005934e-01
   1.3089209e+00
   1.2282508e+00
   1.1860801e+00
   1.0730288e+00
   1.1203307e+00
   1.0209753e+00
   1.2674074e+00
   1.1843422e+00
   1.3147508e+00
   1.2549987e+00
   1.4904451e+00
   9.0114347e-01
   9.0169893e-01
   9.0152041e-01
   9.0616077e-01
   9.1463238e-01
   9.1464632e-01
   9.1909645e-01
   9.0801136e-01
   9.2120064e-01
   9.3862054e-01
   9.2786387e-01
   9.0574021e-01
   9.5289671e-01
   9.6982183e-01
   9.1872854e-01
   9.5900992e-01
   1.0109706e+00
   9.0703662e-01
   9.5304434e-01
   9.0080268e-01
   1.0583710e+00
   1.0129588e+00
   1.0002379e+00
   1.0120298e+00
   1.0409274e+00
   1.0000347e+00
   9.7811409e-01
   9.2993564e-01
   9.3362120e-01
   1.0322540e+00
   9.8326928e-01
   9.1576398e-01
   1.0838751e+00
   1.0500411e+00
   1.0541941e+00
   9.4811032e-01
   1.0004739e+00
   1.0658108e+00
   1.0940076e+00
   1.1145950e+00
   9.8719031e-01
   9.4825208e-01
   1.0585450e+00
   1.0739881e+00
   9.7586535e-01
   9.9626980e-01
   1.1433866e+00
   1.1109696e+00
   1.0085337e+00
   9.3719318e-01
   9.8045487e+01
   1.0774064e+00
   9.1336661e-01
   1.0272659e+00
   9.7248153e-01
   9.2560455e-01
   1.0185028e+02
   1.0715310e+00
   9.4745901e-01
   1.2373618e+00
   9.5032564e-01
   9.9048173e-01
   9.6913412e-01
   9.6426322e-01
   9.0732239e-01
   9.6266454e-01
   9.0145873e-01
   9.2390338e-01
   9.0542830e-01
   9.1549200e-01
   9.1273215e-01
   9.2285080e-01
   9.3679430e-01
   9.2128873e-01
   9.5266756e-01
   9.3391809e-01
   9.2962073e-01
   9.0882886e-01
   9.1595694e-01
   9.1683179e-01
   9.0837889e-01
   9.3980218e-01
   9.2845497e-01
   9.2008942e-01
   9.4583189e-01
   9.4689208e-01
   9.0533654e-01
   9.0924024e-01
   9.4017018e-01
   7.1878154e+01
   1.7173911e+00
   9.0783768e-01
   1.2096520e+00
   9.3052082e-01
   9.3803210e-01
   1.0580632e+00
   1.0291107e+00
   9.2287301e-01
   9.7162859e-01
   9.5146015e-01
   9.4160991e-01
   9.1980891e-01
   9.0365880e-01
   9.5617511e-01
   9.4989308e-01
   9.1077093e-01
   9.1305989e-01
   1.2102164e+02
   1.3357421e+00
   1.1144930e+00
   9.3103507e-01
   9.1340901e-01
   9.3946256e-01
   9.1497065e-01
   9.1003771e-01
   9.1704245e-01
   9.4212194e-01
   9.2103124e-01
   9.0010868e-01
   9.1720074e-01
   9.1877182e-01
   9.0541519e-01
   9.1827986e-01
   9.1565676e-01
   9.1525699e-01
   9.0087688e-01
   9.1302869e-01
   9.2250303e-01
   9.2764237e-01
   9.1502233e-01
   9.1585956e-01
   9.0090244e-01
   9.0764857e-01
   9.1488210e-01
   9.1671776e-01
   9.0292064e-01
   9.0324865e-01
   9.1996190e-01
   9.0913945e-01
   9.0331034e-01
   9.0565530e-01
   9.2423115e-01
   9.1377950e-01
   9.0205698e-01
   9.1371172e-01
   9.3446460e-01
   9.1865423e-01
   9.1714800e-01
   9.0660413e-01
   9.0813388e-01
   9.2197995e-01
   9.5077295e-01
   9.3338969e-01
   9.4027480e-01
   9.3241741e-01
   9.5170345e-01
   9.0127901e-01
   9.3877423e-01
   9.0112265e-01
   9.0772220e-01
   9.3546079e-01
   9.2065413e-01
   9.3169040e-01
   9.3116191e-01
   9.0621375e-01
   9.2511432e-01
   9.0258785e-01
   9.2548819e-01
   9.3681189e-01
   9.2563162e-01
   9.0036362e-01
   9.1595207e-01
   9.2432645e-01
   9.0452416e-01
   9.5181061e-01
   9.2401343e-01
   9.2705154e-01
   9.1450013e-01
   9.0044397e-01
   9.2422844e-01
   9.4057398e-01
   9.0542516e-01
   9.0458548e-01
   9.1146690e-01
   9.1758399e-01
   9.0317739e-01
   9.5087927e-01
   9.1134112e-01
   9.2637306e-01
   9.0530413e-01
   9.3266936e-01
   9.1461211e-01
   9.2786964e-01
   9.3039811e-01
   9.0161676e-01
   9.5494275e-01
   9.1191954e-01
   9.2742438e-01
   9.0004795e-01
   9.2143735e-01
   9.0228832e-01
   9.2908673e-01
   9.3497431e-01
   9.0047016e-01
   9.3722567e-01
   9.3045024e-01
   9.2978596e-01
   9.0974845e-01
   9.0019234e-01
   9.4693294e-01
   9.0973851e-01
   9.4076915e-01
   9.1612481e-01
   9.3376869e-01
   9.0125895e-01
   9.6221161e-01
   9.4280342e-01
   9.1704311e-01
   9.0926574e-01
   9.3052095e-01
   9.4368003e-01
   9.1042226e-01
   9.3360672e-01
   9.4339088e-01
   9.4220924e-01
   9.5945803e-01
   9.0051579e-01
   9.0051601e-01
   9.0103597e-01
   9.0058799e-01
   9.0131817e-01
   9.0064758e-01
   9.0043484e-01
   9.0020746e-01
   0.0000000e+00
