   7.0128522e+01
   7.0128528e+01
   7.0128511e+01
   7.0128531e+01
   7.0128500e+01
   7.0128534e+01
   7.0128489e+01
   7.0128536e+01
   7.0128478e+01
   7.0128539e+01
   7.0128467e+01
   7.0128542e+01
   7.0128455e+01
   7.0128447e+01
   7.0128442e+01
   7.0128436e+01
   7.0128544e+01
   7.0128547e+01
   7.0128550e+01
   7.0128424e+01
   7.0128312e+01
   7.0128201e+01
   7.0128021e+01
   7.0127775e+01
   7.0128436e+01
   7.0128791e+01
   7.0129538e+01
   7.0130707e+01
   7.0131886e+01
   7.0127537e+01
   7.0127312e+01
   7.0127105e+01
   7.0126925e+01
   7.0126787e+01
   7.0128552e+01
   7.0133035e+01
   7.0134132e+01
   7.0135159e+01
   7.0136106e+01
   7.0136963e+01
   7.0128555e+01
   7.0137724e+01
   7.0138385e+01
   7.0138942e+01
   7.0139392e+01
   7.0139731e+01
   7.0128557e+01
   7.0128560e+01
   7.0128562e+01
   7.0128564e+01
   7.0139959e+01
   7.0140075e+01
   7.0128566e+01
   7.0128568e+01
   7.0128570e+01
   7.0128572e+01
   7.0128573e+01
   7.0128575e+01
   7.0128577e+01
   7.0128578e+01
   7.0128579e+01
   7.0128580e+01
   7.0128587e+01
   7.0128595e+01
   7.0128602e+01
   7.0128591e+01
   7.0128581e+01
   7.0128590e+01
   7.0128607e+01
   7.0128631e+01
   7.0128654e+01
   7.0128533e+01
   7.0128445e+01
   7.0128354e+01
   7.0128280e+01
   7.0128229e+01
   7.0128678e+01
   7.0128701e+01
   7.0128724e+01
   7.0128746e+01
   7.0128767e+01
   7.0128203e+01
   7.0128787e+01
   7.0128806e+01
   7.0128823e+01
   7.0128828e+01
   7.0128829e+01
   7.0128831e+01
   7.0128832e+01
   7.0128833e+01
   7.0128834e+01
   7.0126761e+01
   7.0126752e+01
   7.0128836e+01
   7.0126747e+01
   7.0128838e+01
   7.0126741e+01
   7.0128839e+01
   7.0126735e+01
   7.0128841e+01
   7.0128844e+01
   7.0126727e+01
   7.0128845e+01
   7.0128847e+01
   7.0128849e+01
   7.0126718e+01
   7.0128851e+01
   7.0128852e+01
   7.0126710e+01
   7.0128854e+01
   7.0128856e+01
   7.0128857e+01
   7.0128859e+01
   7.0128861e+01
   7.0128862e+01
   7.0128863e+01
   7.0126701e+01
   7.0128865e+01
   7.0128867e+01
   7.0126693e+01
   7.0128868e+01
   7.0128870e+01
   7.0128872e+01
   7.0128873e+01
   7.0128875e+01
   7.0128877e+01
   7.0128879e+01
   7.0128880e+01
   7.0128881e+01
   7.0128883e+01
   7.0128885e+01
   7.0126684e+01
   7.0128886e+01
   7.0128888e+01
   7.0128889e+01
   7.0128890e+01
   7.0128891e+01
   7.0128891e+01
   7.0128921e+01
   7.0129013e+01
   7.0129152e+01
   7.0128892e+01
   7.0128896e+01
   7.0128899e+01
   7.0128905e+01
   7.0128914e+01
   7.0128922e+01
   7.0128930e+01
   7.0128939e+01
   7.0128947e+01
   7.0128956e+01
   7.0128965e+01
   7.0128973e+01
   7.0128982e+01
   7.0128991e+01
   7.0128999e+01
   7.0126679e+01
   7.0129008e+01
   7.0129017e+01
   7.0129026e+01
   7.0129035e+01
   7.0129045e+01
   7.0129054e+01
   7.0129063e+01
   7.0129073e+01
   7.0129083e+01
   7.0129092e+01
   7.0129103e+01
   7.0129113e+01
   7.0129124e+01
   7.0129136e+01
   7.0129148e+01
   7.0126670e+01
   7.0126661e+01
   7.0126655e+01
   7.0129151e+01
   7.0129153e+01
   7.0129154e+01
   7.0129155e+01
   7.0129157e+01
   7.0129158e+01
   7.0129159e+01
   7.0129161e+01
   7.0129163e+01
   7.0129164e+01
   7.0129165e+01
   7.0129166e+01
   7.0129168e+01
   7.0129169e+01
   7.0129171e+01
   7.0129172e+01
   7.0129174e+01
   7.0129175e+01
   7.0129177e+01
   7.0126646e+01
   7.0129178e+01
   7.0129179e+01
   7.0129181e+01
   7.0129182e+01
   7.0129184e+01
   7.0129185e+01
   7.0129187e+01
   7.0129188e+01
   7.0129189e+01
   7.0129191e+01
   7.0129192e+01
   7.0129194e+01
   7.0129195e+01
   7.0129197e+01
   7.0129198e+01
   7.0129199e+01
   7.0129201e+01
   7.0129202e+01
   7.0129204e+01
   7.0129205e+01
   7.0129207e+01
   7.0129208e+01
   7.0129210e+01
   7.0129211e+01
   7.0129212e+01
   7.0129214e+01
   7.0129215e+01
   7.0129216e+01
   7.0129218e+01
   7.0129219e+01
   7.0129221e+01
   7.0129222e+01
   7.0129223e+01
   7.0129224e+01
   7.0129225e+01
   7.0129226e+01
   7.0129226e+01
   7.0129303e+01
   7.0129480e+01
   7.0129693e+01
   7.0129499e+01
   7.0129228e+01
   7.0129353e+01
   7.0129483e+01
   7.0129688e+01
   7.0129971e+01
   7.0129106e+01
   7.0128693e+01
   7.0128407e+01
   7.0130262e+01
   7.0130560e+01
   7.0130861e+01
   7.0131162e+01
   7.0131460e+01
   7.0131754e+01
   7.0132038e+01
   7.0132310e+01
   7.0132566e+01
   7.0132801e+01
   7.0133012e+01
   7.0133194e+01
   7.0133345e+01
   7.0133462e+01
   7.0133542e+01
   7.0133588e+01
   7.0126637e+01
   7.0126628e+01
   7.0126619e+01
   7.0126613e+01
   7.0126607e+01
   7.0126598e+01
   7.0126586e+01
   7.0126577e+01
   7.0126568e+01
   7.0126559e+01
   7.0126553e+01
   7.0126544e+01
   7.0126532e+01
   7.0126523e+01
   7.0126513e+01
   7.0126504e+01
   7.0126495e+01
   7.0126486e+01
   7.0126476e+01
   7.0126467e+01
   7.0126457e+01
   7.0126448e+01
   7.0126438e+01
   7.0126429e+01
   7.0126419e+01
   7.0126409e+01
   7.0126400e+01
   7.0126390e+01
   7.0126380e+01
   7.0126370e+01
   7.0126360e+01
   7.0126350e+01
   7.0126344e+01
   7.0126334e+01
   7.0126320e+01
   7.0126310e+01
   7.0126300e+01
   7.0126290e+01
   7.0126283e+01
   7.0126273e+01
   7.0126260e+01
   7.0126249e+01
   7.0126239e+01
   7.0126229e+01
   7.0126219e+01
   7.0126208e+01
   7.0126198e+01
   7.0126188e+01
   7.0126181e+01
   7.0126170e+01
   7.0126160e+01
   7.0126154e+01
   7.0126148e+01
   7.0126133e+01
   7.0125373e+01
   7.0123539e+01
   7.0120449e+01
   7.0116991e+01
   7.0126148e+01
   7.0128690e+01
   7.0131072e+01
   7.0134269e+01
   7.0137505e+01
   7.0139862e+01
   7.0141550e+01
   7.0142646e+01
   7.0143182e+01
   7.0113151e+01
   7.0108909e+01
   7.0104232e+01
   7.0099079e+01
   7.0093398e+01
   7.0087128e+01
   7.0080196e+01
   7.0072515e+01
   7.0063983e+01
   7.0054485e+01
   7.0043884e+01
   7.0032027e+01
   7.0018740e+01
   7.0003818e+01
   6.9987019e+01
   6.9968038e+01
   6.9946508e+01
   6.9922137e+01
   6.9895551e+01
   6.9871524e+01
   6.9860811e+01
   7.0133591e+01
   7.0133592e+01
   7.0133593e+01
   7.0133594e+01
   7.0133595e+01
   7.0133595e+01
   6.9860753e+01
   6.9860741e+01
   7.0133596e+01
   6.9860733e+01
   6.9860724e+01
   7.0133596e+01
   6.9860716e+01
   7.0133597e+01
   6.9860703e+01
   7.0133598e+01
   6.9860690e+01
   7.0133599e+01
   6.9860677e+01
   7.0133600e+01
   6.9860664e+01
   6.9860651e+01
   7.0133601e+01
   7.0133601e+01
   6.9860632e+01
   7.0133602e+01
   6.9860618e+01
   7.0133603e+01
   6.9860604e+01
   6.9860590e+01
   6.9860583e+01
   6.9860575e+01
   7.0133603e+01
   7.0133604e+01
   7.0133605e+01
   6.9860549e+01
   6.9833194e+01
   6.9800311e+01
   6.9717046e+01
   6.9537996e+01
   6.9860575e+01
   6.9871375e+01
   6.9881476e+01
   6.9902714e+01
   6.9934750e+01
   6.9202666e+01
   6.8750093e+01
   6.8671902e+01
   6.9963813e+01
   6.9983802e+01
   6.9995700e+01
   7.0003327e+01
   7.0009068e+01
   7.0133606e+01
   7.0014082e+01
   7.0018948e+01
   7.0023933e+01
   7.0029033e+01
   7.0033905e+01
   7.0037848e+01
   7.0040057e+01
   7.0040291e+01
   7.0133606e+01
   7.0133607e+01
   7.0133607e+01
   7.0133608e+01
   7.0133608e+01
   7.0133609e+01
   7.0133609e+01
   7.0133610e+01
   7.0133610e+01
   7.0133622e+01
   7.0133655e+01
   7.0133732e+01
   7.0133820e+01
   7.0133611e+01
   7.0133791e+01
   7.0133976e+01
   7.0134292e+01
   7.0134699e+01
   7.0135088e+01
   7.0135418e+01
   7.0135609e+01
   7.0135504e+01
   7.0134804e+01
   7.0133910e+01
   7.0133994e+01
   7.0134073e+01
   7.0134147e+01
   7.0134216e+01
   7.0132908e+01
   7.0128541e+01
   7.0118758e+01
   7.0095930e+01
   7.0037247e+01
   7.0134280e+01
   7.0134338e+01
   7.0134386e+01
   7.0134422e+01
   7.0134442e+01
   6.9866354e+01
   6.9383500e+01
   6.8505518e+01
   6.7384080e+01
   6.5974624e+01
   6.4800754e+01
   6.8671818e+01
   6.8671801e+01
   6.8671790e+01
   6.8671778e+01
   6.8671761e+01
   6.8671744e+01
   6.8671726e+01
   6.8671709e+01
   6.8671691e+01
   6.8671666e+01
   6.8671647e+01
   6.8671635e+01
   6.8671622e+01
   6.8671602e+01
   6.8671582e+01
   6.8671561e+01
   6.8671533e+01
   6.8671512e+01
   6.4800731e+01
   6.4800726e+01
   6.4800723e+01
   6.8671490e+01
   6.4800716e+01
   6.8671468e+01
   6.4800708e+01
   6.8671452e+01
   6.8671430e+01
   6.4800699e+01
   6.8671407e+01
   6.8671383e+01
   6.4800689e+01
   6.8671360e+01
   6.8671336e+01
   6.4800681e+01
   6.8671312e+01
   6.8671288e+01
   6.8671255e+01
   6.4800667e+01
   6.8671222e+01
   6.8671188e+01
   6.8671154e+01
   6.4800645e+01
   6.8671119e+01
   6.4800626e+01
   6.8671093e+01
   6.8671066e+01
   6.4800603e+01
   6.8671039e+01
   6.8671011e+01
   6.8670984e+01
   6.8670966e+01
   6.4800576e+01
   6.8670937e+01
   6.4800544e+01
   6.8670900e+01
   6.8670871e+01
   6.8670842e+01
   6.8670813e+01
   6.8670783e+01
   6.4800508e+01
   6.4800463e+01
   6.8670754e+01
   6.8670723e+01
   6.8670693e+01
   6.8670662e+01
   6.8670631e+01
   6.8670600e+01
   6.4800413e+01
   6.8670569e+01
   6.4800348e+01
   6.8670548e+01
   6.8670516e+01
   6.8670474e+01
   6.8670442e+01
   6.8670409e+01
   6.4800248e+01
   6.8670377e+01
   6.8670345e+01
   6.8670312e+01
   6.8670279e+01
   6.8670247e+01
   6.4800160e+01
   6.8670213e+01
   6.8670180e+01
   6.4800040e+01
   6.8670146e+01
   6.8670113e+01
   6.8670079e+01
   6.8670045e+01
   6.8670010e+01
   6.8669977e+01
   6.8669942e+01
   6.4799904e+01
   6.8669907e+01
   6.8669872e+01
   6.8669837e+01
   6.4799725e+01
   6.8669802e+01
   6.8669767e+01
   6.8669731e+01
   6.8669696e+01
   6.8669660e+01
   6.8669624e+01
   6.8669587e+01
   6.8669551e+01
   6.4799525e+01
   6.8669515e+01
   6.8669478e+01
   6.8669441e+01
   6.4799235e+01
   6.8669391e+01
   6.8669352e+01
   6.8669314e+01
   6.8669278e+01
   6.8669253e+01
   6.8669214e+01
   6.8669164e+01
   6.8669127e+01
   6.8669088e+01
   6.4798906e+01
   6.8669050e+01
   6.8669011e+01
   6.8668974e+01
   6.8668934e+01
   6.8668895e+01
   6.4798428e+01
   6.8668856e+01
   6.8668818e+01
   6.8668778e+01
   6.8668738e+01
   6.8668699e+01
   6.8668661e+01
   6.8668621e+01
   6.8668580e+01
   6.8668541e+01
   6.8668503e+01
   6.8668462e+01
   6.8668421e+01
   6.8668396e+01
   6.8668372e+01
   6.8668348e+01
   6.8668286e+01
   6.8667399e+01
   6.8665662e+01
   6.8662918e+01
   6.8659607e+01
   6.8668347e+01
   6.8666711e+01
   6.8665306e+01
   6.8663037e+01
   6.8660796e+01
   6.8659537e+01
   6.8655552e+01
   6.8650531e+01
   6.8644241e+01
   6.8636256e+01
   6.8625960e+01
   6.4797895e+01
   6.8612421e+01
   6.8594186e+01
   6.8568872e+01
   6.8532378e+01
   6.8477313e+01
   6.8390431e+01
   6.8254185e+01
   6.8089980e+01
   6.8025843e+01
   6.7972264e+01
   6.4797009e+01
   6.7930120e+01
   6.7896653e+01
   6.7869909e+01
   6.7848563e+01
   6.7831723e+01
   6.7818800e+01
   6.7809410e+01
   6.7803302e+01
   6.7800308e+01
   6.4796004e+01
   6.4794248e+01
   6.4792374e+01
   6.4787769e+01
   6.4784265e+01
