   5.0000000e+01   9.7600000e+01   5.0000000e+01   9.8400000e+01   1.0000000e+00
   5.0000000e+01   9.8400000e+01   5.0000000e+01   9.9200000e+01   1.0000000e+00
   5.0000000e+01   9.9200000e+01   5.0000000e+01   1.0000000e+02   1.0000000e+00
   5.0000000e+01   1.0000000e+02   5.0000000e+01   1.0080000e+02   1.0000000e+00
   5.0000000e+01   1.0080000e+02   5.0000000e+01   1.0160000e+02   1.0000000e+00
   5.0000000e+01   1.0160000e+02   5.0000000e+01   1.0240000e+02   1.0000000e+00
   4.4617497e+01   8.0169285e+01   4.4831892e+01   7.9537866e+01   2.0000000e+00
   4.4831892e+01   7.9537866e+01   4.5046286e+01   7.8906448e+01   2.0000000e+00
   4.5046286e+01   7.8906448e+01   4.5260681e+01   7.8275029e+01   2.0000000e+00
   4.5260681e+01   7.8275029e+01   4.5508060e+01   7.7546469e+01   2.0000000e+00
   4.5508060e+01   7.7546469e+01   4.5755438e+01   7.6817909e+01   2.0000000e+00
   4.5755438e+01   7.6817909e+01   4.6002817e+01   7.6089349e+01   2.0000000e+00
   4.6002817e+01   7.6089349e+01   4.6250195e+01   7.5360789e+01   2.0000000e+00
   4.6250195e+01   7.5360789e+01   4.6497574e+01   7.4632230e+01   2.0000000e+00
   4.6497574e+01   7.4632230e+01   4.6744952e+01   7.3903670e+01   2.0000000e+00
   4.6744952e+01   7.3903670e+01   4.6992331e+01   7.3175110e+01   2.0000000e+00
   4.6992331e+01   7.3175110e+01   4.7239709e+01   7.2446550e+01   2.0000000e+00
   4.7239709e+01   7.2446550e+01   4.7487088e+01   7.1717990e+01   2.0000000e+00
   4.7487088e+01   7.1717990e+01   4.7734466e+01   7.0989430e+01   2.0000000e+00
   4.7734466e+01   7.0989430e+01   4.7981845e+01   7.0260870e+01   2.0000000e+00
   4.7981845e+01   7.0260870e+01   4.8229223e+01   6.9532310e+01   2.0000000e+00
   4.8229223e+01   6.9532310e+01   4.8476602e+01   6.8803750e+01   2.0000000e+00
   4.8476602e+01   6.8803750e+01   4.8726729e+01   6.8067095e+01   2.0000000e+00
   4.8726729e+01   6.8067095e+01   4.8976856e+01   6.7330440e+01   2.0000000e+00
   4.8976856e+01   6.7330440e+01   4.9226983e+01   6.6593785e+01   2.0000000e+00
   4.9226983e+01   6.6593785e+01   4.9477110e+01   6.5857130e+01   2.0000000e+00
   4.9477110e+01   6.5857130e+01   4.9727237e+01   6.5120475e+01   2.0000000e+00
   4.9727237e+01   6.5120475e+01   4.9977365e+01   6.4383820e+01   2.0000000e+00
   4.9977365e+01   6.4383820e+01   5.0227492e+01   6.3647165e+01   2.0000000e+00
   5.0227492e+01   6.3647165e+01   5.0477619e+01   6.2910510e+01   2.0000000e+00
   5.0477619e+01   6.2910510e+01   5.0727746e+01   6.2173855e+01   2.0000000e+00
   5.0727746e+01   6.2173855e+01   5.0977873e+01   6.1437200e+01   2.0000000e+00
   5.0977873e+01   6.1437200e+01   5.1228000e+01   6.0700545e+01   2.0000000e+00
   5.1228000e+01   6.0700545e+01   5.1478127e+01   5.9963890e+01   2.0000000e+00
   5.1478127e+01   5.9963890e+01   5.1728255e+01   5.9227236e+01   2.0000000e+00
   5.1728255e+01   5.9227236e+01   5.1978382e+01   5.8490581e+01   2.0000000e+00
   5.1978382e+01   5.8490581e+01   5.2228509e+01   5.7753926e+01   2.0000000e+00
   5.2228509e+01   5.7753926e+01   5.2478636e+01   5.7017271e+01   2.0000000e+00
   5.2478636e+01   5.7017271e+01   5.2728763e+01   5.6280616e+01   2.0000000e+00
   5.2728763e+01   5.6280616e+01   5.2978890e+01   5.5543961e+01   2.0000000e+00
   5.2978890e+01   5.5543961e+01   5.3229017e+01   5.4807306e+01   2.0000000e+00
   5.3229017e+01   5.4807306e+01   5.3479145e+01   5.4070651e+01   2.0000000e+00
   5.3479145e+01   5.4070651e+01   5.3729272e+01   5.3333996e+01   2.0000000e+00
   5.3729272e+01   5.3333996e+01   5.3979399e+01   5.2597341e+01   2.0000000e+00
   5.3979399e+01   5.2597341e+01   5.4229526e+01   5.1860686e+01   2.0000000e+00
   5.4229526e+01   5.1860686e+01   5.4479653e+01   5.1124031e+01   2.0000000e+00
   5.4479653e+01   5.1124031e+01   5.4729780e+01   5.0387376e+01   2.0000000e+00
   5.4729780e+01   5.0387376e+01   5.4979907e+01   4.9650721e+01   2.0000000e+00
   5.4979907e+01   4.9650721e+01   5.5230034e+01   4.8914066e+01   2.0000000e+00
   5.5230034e+01   4.8914066e+01   5.5480162e+01   4.8177411e+01   2.0000000e+00
   5.5480162e+01   4.8177411e+01   5.5730289e+01   4.7440756e+01   2.0000000e+00
   5.5730289e+01   4.7440756e+01   5.5980416e+01   4.6704101e+01   2.0000000e+00
   5.5980416e+01   4.6704101e+01   5.6230543e+01   4.5967446e+01   2.0000000e+00
   5.6230543e+01   4.5967446e+01   5.6480670e+01   4.5230791e+01   2.0000000e+00
   5.6480670e+01   4.5230791e+01   5.6730797e+01   4.4494136e+01   2.0000000e+00
   5.6730797e+01   4.4494136e+01   5.6980924e+01   4.3757481e+01   2.0000000e+00
   5.6980924e+01   4.3757481e+01   5.7231052e+01   4.3020826e+01   2.0000000e+00
   5.7231052e+01   4.3020826e+01   5.7481179e+01   4.2284171e+01   2.0000000e+00
   5.7481179e+01   4.2284171e+01   5.7722373e+01   4.1573825e+01   2.0000000e+00
   5.7722373e+01   4.1573825e+01   5.7963567e+01   4.0863479e+01   2.0000000e+00
   5.7963567e+01   4.0863479e+01   5.8204761e+01   4.0153133e+01   2.0000000e+00
   5.8204761e+01   4.0153133e+01   5.8445955e+01   3.9442788e+01   2.0000000e+00
   5.8445955e+01   3.9442788e+01   5.8687149e+01   3.8732442e+01   2.0000000e+00
   5.8687149e+01   3.8732442e+01   5.8928343e+01   3.8022096e+01   2.0000000e+00
   5.8928343e+01   3.8022096e+01   5.9169537e+01   3.7311750e+01   2.0000000e+00
   5.9169537e+01   3.7311750e+01   5.9410731e+01   3.6601404e+01   2.0000000e+00
   4.0603074e+01   7.6579799e+01   4.1268446e+01   7.6821975e+01   2.0000000e+00
   4.1268446e+01   7.6821975e+01   4.1933819e+01   7.7064150e+01   2.0000000e+00
   4.1933819e+01   7.7064150e+01   4.2599191e+01   7.7306326e+01   2.0000000e+00
   4.2599191e+01   7.7306326e+01   4.3264564e+01   7.7548502e+01   2.0000000e+00
   4.3264564e+01   7.7548502e+01   4.3929936e+01   7.7790678e+01   2.0000000e+00
   4.3929936e+01   7.7790678e+01   4.4595309e+01   7.8032853e+01   2.0000000e+00
   4.4595309e+01   7.8032853e+01   4.5260681e+01   7.8275029e+01   2.0000000e+00
   4.5260681e+01   7.8275029e+01   4.6010788e+01   7.8548046e+01   2.0000000e+00
   4.6010788e+01   7.8548046e+01   4.6760895e+01   7.8821062e+01   2.0000000e+00
   4.6760895e+01   7.8821062e+01   4.7511003e+01   7.9094079e+01   2.0000000e+00
   4.7511003e+01   7.9094079e+01   4.8261110e+01   7.9367096e+01   2.0000000e+00
   4.8261110e+01   7.9367096e+01   4.9011217e+01   7.9640112e+01   2.0000000e+00
   4.9011217e+01   7.9640112e+01   4.9340811e+01   7.9760075e+01   2.0000000e+00
   5.0000000e+01   8.0000000e+01   5.0170477e+01   8.0062049e+01   2.0000000e+00
   5.0511431e+01   8.0186146e+01   5.1261538e+01   8.0459162e+01   2.0000000e+00
   5.1261538e+01   8.0459162e+01   5.2011646e+01   8.0732179e+01   2.0000000e+00
   5.2011646e+01   8.0732179e+01   5.2761753e+01   8.1005196e+01   2.0000000e+00
   5.2761753e+01   8.1005196e+01   5.3511860e+01   8.1278212e+01   2.0000000e+00
   5.3511860e+01   8.1278212e+01   5.4261967e+01   8.1551229e+01   2.0000000e+00
   5.4261967e+01   8.1551229e+01   5.5012074e+01   8.1824246e+01   2.0000000e+00
   5.5012074e+01   8.1824246e+01   5.5762181e+01   8.2097262e+01   2.0000000e+00
   5.5762181e+01   8.2097262e+01   5.6512289e+01   8.2370279e+01   2.0000000e+00
   5.6512289e+01   8.2370279e+01   5.7233448e+01   8.2632759e+01   2.0000000e+00
   5.7233448e+01   8.2632759e+01   5.7954607e+01   8.2895240e+01   2.0000000e+00
   5.7954607e+01   8.2895240e+01   5.8675767e+01   8.3157720e+01   2.0000000e+00
   5.8675767e+01   8.3157720e+01   5.9396926e+01   8.3420201e+01   2.0000000e+00
   4.0603074e+01   1.1657980e+02   4.1209327e+01   1.1680046e+02   2.0000000e+00
   4.1209327e+01   1.1680046e+02   4.1815580e+01   1.1702112e+02   2.0000000e+00
   4.1815580e+01   1.1702112e+02   4.2421834e+01   1.1724177e+02   2.0000000e+00
   4.2421834e+01   1.1724177e+02   4.3028087e+01   1.1746243e+02   2.0000000e+00
   4.3028087e+01   1.1746243e+02   4.3634340e+01   1.1768309e+02   2.0000000e+00
   4.3634340e+01   1.1768309e+02   4.4345425e+01   1.1794190e+02   2.0000000e+00
   4.4345425e+01   1.1794190e+02   4.5056509e+01   1.1820072e+02   2.0000000e+00
   4.5056509e+01   1.1820072e+02   4.5767594e+01   1.1845953e+02   2.0000000e+00
   4.5767594e+01   1.1845953e+02   4.6478679e+01   1.1871834e+02   2.0000000e+00
   4.6478679e+01   1.1871834e+02   4.7189763e+01   1.1897716e+02   2.0000000e+00
   4.7189763e+01   1.1897716e+02   4.7900848e+01   1.1923597e+02   2.0000000e+00
   4.7900848e+01   1.1923597e+02   4.8611933e+01   1.1949479e+02   2.0000000e+00
   4.8611933e+01   1.1949479e+02   4.9323017e+01   1.1975360e+02   2.0000000e+00
   4.9323017e+01   1.1975360e+02   4.9548678e+01   1.1983573e+02   2.0000000e+00
   5.0000000e+01   1.2000000e+02   5.0248396e+01   1.2009041e+02   2.0000000e+00
   5.0745187e+01   1.2027123e+02   5.1456271e+01   1.2053004e+02   2.0000000e+00
   5.1456271e+01   1.2053004e+02   5.2167356e+01   1.2078885e+02   2.0000000e+00
   5.2167356e+01   1.2078885e+02   5.2878441e+01   1.2104767e+02   2.0000000e+00
   5.2878441e+01   1.2104767e+02   5.3589526e+01   1.2130648e+02   2.0000000e+00
   5.3589526e+01   1.2130648e+02   5.4300610e+01   1.2156529e+02   2.0000000e+00
   5.4300610e+01   1.2156529e+02   5.5011695e+01   1.2182411e+02   2.0000000e+00
   5.5011695e+01   1.2182411e+02   5.5742567e+01   1.2209012e+02   2.0000000e+00
   5.5742567e+01   1.2209012e+02   5.6473439e+01   1.2235614e+02   2.0000000e+00
   5.6473439e+01   1.2235614e+02   5.7204310e+01   1.2262215e+02   2.0000000e+00
   5.7204310e+01   1.2262215e+02   5.7935182e+01   1.2288817e+02   2.0000000e+00
   5.7935182e+01   1.2288817e+02   5.8666054e+01   1.2315418e+02   2.0000000e+00
   5.8666054e+01   1.2315418e+02   5.9396926e+01   1.2342020e+02   2.0000000e+00
   1.7694626e+01   1.5612981e+02   1.8340860e+01   1.5636502e+02  -1.0000000e+00
   1.8340860e+01   1.5636502e+02   1.8987093e+01   1.5660023e+02  -1.0000000e+00
   1.8987093e+01   1.5660023e+02   1.9633327e+01   1.5683544e+02  -1.0000000e+00
   1.9633327e+01   1.5683544e+02   2.0279561e+01   1.5707065e+02  -1.0000000e+00
   2.0279561e+01   1.5707065e+02   2.0925795e+01   1.5730586e+02  -1.0000000e+00
   2.0925795e+01   1.5730586e+02   2.1572028e+01   1.5754107e+02  -1.0000000e+00
   2.1572028e+01   1.5754107e+02   2.2218262e+01   1.5777628e+02  -1.0000000e+00
   2.2218262e+01   1.5777628e+02   2.2917568e+01   1.5803080e+02  -1.0000000e+00
   2.2917568e+01   1.5803080e+02   2.3616874e+01   1.5828533e+02  -1.0000000e+00
   2.3616874e+01   1.5828533e+02   2.4316181e+01   1.5853986e+02  -1.0000000e+00
   2.4316181e+01   1.5853986e+02   2.5015487e+01   1.5879438e+02  -1.0000000e+00
   2.5015487e+01   1.5879438e+02   2.5714793e+01   1.5904891e+02  -1.0000000e+00
   2.5714793e+01   1.5904891e+02   2.6414099e+01   1.5930344e+02  -1.0000000e+00
   2.6414099e+01   1.5930344e+02   2.7113405e+01   1.5955796e+02  -1.0000000e+00
   2.7113405e+01   1.5955796e+02   2.7812711e+01   1.5981249e+02  -1.0000000e+00
   2.7812711e+01   1.5981249e+02   2.8512018e+01   1.6006702e+02  -1.0000000e+00
   2.8512018e+01   1.6006702e+02   2.9211324e+01   1.6032154e+02  -1.0000000e+00
   2.9211324e+01   1.6032154e+02   2.9910630e+01   1.6057607e+02  -1.0000000e+00
   2.6759886e+01   1.2537560e+02   2.7472850e+01   1.2563510e+02  -1.0000000e+00
   2.7472850e+01   1.2563510e+02   2.8185815e+01   1.2589460e+02  -1.0000000e+00
   2.8185815e+01   1.2589460e+02   2.8898779e+01   1.2615409e+02  -1.0000000e+00
   2.8898779e+01   1.2615409e+02   2.9611743e+01   1.2641359e+02  -1.0000000e+00
   2.9611743e+01   1.2641359e+02   3.0324708e+01   1.2667309e+02  -1.0000000e+00
   3.0324708e+01   1.2667309e+02   3.1037672e+01   1.2693259e+02  -1.0000000e+00
   3.1037672e+01   1.2693259e+02   3.1750637e+01   1.2719208e+02  -1.0000000e+00
   3.1750637e+01   1.2719208e+02   3.2463601e+01   1.2745158e+02  -1.0000000e+00
   3.2463601e+01   1.2745158e+02   3.3175455e+01   1.2771068e+02  -1.0000000e+00
   3.3175455e+01   1.2771068e+02   3.3887310e+01   1.2796977e+02   2.0000000e+00
   3.3887310e+01   1.2796977e+02   3.4599164e+01   1.2822886e+02   2.0000000e+00
   3.4599164e+01   1.2822886e+02   3.5311018e+01   1.2848796e+02   2.0000000e+00
   3.5311018e+01   1.2848796e+02   3.6022872e+01   1.2874705e+02   2.0000000e+00
   3.6022872e+01   1.2874705e+02   3.6734727e+01   1.2900614e+02   2.0000000e+00
   3.6734727e+01   1.2900614e+02   3.7446581e+01   1.2926524e+02   2.0000000e+00
   3.7446581e+01   1.2926524e+02   3.8158435e+01   1.2952433e+02   2.0000000e+00
   3.8158435e+01   1.2952433e+02   3.8870289e+01   1.2978342e+02   2.0000000e+00
   3.8870289e+01   1.2978342e+02   3.9582144e+01   1.3004252e+02   2.0000000e+00
   3.9582144e+01   1.3004252e+02   3.9915582e+01   1.3016388e+02   2.0000000e+00
   5.0169285e+01   1.2538250e+02   5.0858393e+01   1.2563332e+02   2.0000000e+00
   5.0858393e+01   1.2563332e+02   5.1547501e+01   1.2588413e+02   2.0000000e+00
   5.1547501e+01   1.2588413e+02   5.2236609e+01   1.2613495e+02   2.0000000e+00
   5.2236609e+01   1.2613495e+02   5.2925717e+01   1.2638576e+02   2.0000000e+00
   5.2925717e+01   1.2638576e+02   5.3614825e+01   1.2663658e+02   2.0000000e+00
   5.3614825e+01   1.2663658e+02   5.4310894e+01   1.2688992e+02   2.0000000e+00
   5.4310894e+01   1.2688992e+02   5.5006962e+01   1.2714327e+02   2.0000000e+00
   5.5006962e+01   1.2714327e+02   5.5703030e+01   1.2739662e+02   2.0000000e+00
   5.5703030e+01   1.2739662e+02   5.6399099e+01   1.2764997e+02   2.0000000e+00
   5.6399099e+01   1.2764997e+02   5.7095167e+01   1.2790332e+02   2.0000000e+00
   5.7095167e+01   1.2790332e+02   5.7791236e+01   1.2815667e+02   2.0000000e+00
   5.7791236e+01   1.2815667e+02   5.8487304e+01   1.2841002e+02   2.0000000e+00
   5.8487304e+01   1.2841002e+02   5.9183373e+01   1.2866337e+02   2.0000000e+00
   5.9183373e+01   1.2866337e+02   5.9879441e+01   1.2891671e+02   2.0000000e+00
   5.9879441e+01   1.2891671e+02   6.0505903e+01   1.2914473e+02   2.0000000e+00
   6.0505903e+01   1.2914473e+02   6.1132365e+01   1.2937274e+02   2.0000000e+00
   6.1132365e+01   1.2937274e+02   6.1758827e+01   1.2960076e+02   2.0000000e+00
   6.1758827e+01   1.2960076e+02   6.2385289e+01   1.2982877e+02   2.0000000e+00
   4.7771692e+01   1.4366505e+02   4.8418582e+01   1.4390050e+02  -1.0000000e+00
   4.8418582e+01   1.4390050e+02   4.9065472e+01   1.4413595e+02  -1.0000000e+00
   4.9065472e+01   1.4413595e+02   4.9712361e+01   1.4437140e+02  -1.0000000e+00
   4.9712361e+01   1.4437140e+02   5.0359251e+01   1.4460684e+02  -1.0000000e+00
   5.0359251e+01   1.4460684e+02   5.1006141e+01   1.4484229e+02  -1.0000000e+00
   5.1006141e+01   1.4484229e+02   5.1653031e+01   1.4507774e+02  -1.0000000e+00
   5.1653031e+01   1.4507774e+02   5.2311497e+01   1.4531740e+02  -1.0000000e+00
   5.2311497e+01   1.4531740e+02   5.2969963e+01   1.4555707e+02  -1.0000000e+00
   5.2969963e+01   1.4555707e+02   5.3628429e+01   1.4579673e+02  -1.0000000e+00
   5.3628429e+01   1.4579673e+02   5.4286896e+01   1.4603639e+02  -1.0000000e+00
   5.4286896e+01   1.4603639e+02   5.4788064e+01   1.4621880e+02  -1.0000000e+00
   5.4788064e+01   1.4621880e+02   5.5289233e+01   1.4640121e+02  -1.0000000e+00
   2.9927886e+01   6.2052570e+01   3.0647338e+01   6.2314429e+01  -1.0000000e+00
   3.0647338e+01   6.2314429e+01   3.1366790e+01   6.2576288e+01   2.0000000e+00
   3.1366790e+01   6.2576288e+01   3.2086243e+01   6.2838148e+01   2.0000000e+00
   3.2086243e+01   6.2838148e+01   3.2805695e+01   6.3100007e+01   2.0000000e+00
   3.2805695e+01   6.3100007e+01   3.3525147e+01   6.3361866e+01   2.0000000e+00
   3.3525147e+01   6.3361866e+01   3.4244599e+01   6.3623725e+01   2.0000000e+00
   3.4244599e+01   6.3623725e+01   3.4964051e+01   6.3885584e+01   2.0000000e+00
   3.4964051e+01   6.3885584e+01   3.5683503e+01   6.4147443e+01   2.0000000e+00
   3.5683503e+01   6.4147443e+01   3.6402956e+01   6.4409303e+01   2.0000000e+00
   3.6402956e+01   6.4409303e+01   3.7122408e+01   6.4671162e+01   2.0000000e+00
   3.7122408e+01   6.4671162e+01   3.7841860e+01   6.4933021e+01   2.0000000e+00
   3.7841860e+01   6.4933021e+01   3.8561312e+01   6.5194880e+01   2.0000000e+00
   3.8561312e+01   6.5194880e+01   3.9280764e+01   6.5456739e+01   2.0000000e+00
   3.9280764e+01   6.5456739e+01   4.0000217e+01   6.5718598e+01   2.0000000e+00
   4.0000217e+01   6.5718598e+01   4.0719669e+01   6.5980458e+01   2.0000000e+00
   4.0719669e+01   6.5980458e+01   4.1439121e+01   6.6242317e+01   2.0000000e+00
   4.1439121e+01   6.6242317e+01   4.2142869e+01   6.6498460e+01   2.0000000e+00
   4.2142869e+01   6.6498460e+01   4.2846617e+01   6.6754603e+01   2.0000000e+00
   4.2846617e+01   6.6754603e+01   4.3550365e+01   6.7010747e+01   2.0000000e+00
   4.3550365e+01   6.7010747e+01   4.4254113e+01   6.7266890e+01   2.0000000e+00
   4.4254113e+01   6.7266890e+01   4.4957861e+01   6.7523033e+01   2.0000000e+00
   4.4957861e+01   6.7523033e+01   4.5661609e+01   6.7779177e+01   2.0000000e+00
   4.5661609e+01   6.7779177e+01   4.6365358e+01   6.8035320e+01   2.0000000e+00
   4.6365358e+01   6.8035320e+01   4.7069106e+01   6.8291463e+01   2.0000000e+00
   4.7069106e+01   6.8291463e+01   4.7772854e+01   6.8547607e+01   2.0000000e+00
   4.7772854e+01   6.8547607e+01   4.8476602e+01   6.8803750e+01   2.0000000e+00
   4.8476602e+01   6.8803750e+01   4.9184776e+01   6.9061504e+01   2.0000000e+00
   4.9184776e+01   6.9061504e+01   4.9892950e+01   6.9319259e+01   2.0000000e+00
   4.9892950e+01   6.9319259e+01   5.0601124e+01   6.9577013e+01   2.0000000e+00
   4.2323528e+01   3.6767237e+01   4.3023077e+01   3.7021852e+01  -1.0000000e+00
   4.3023077e+01   3.7021852e+01   4.3722626e+01   3.7276467e+01  -1.0000000e+00
   4.3722626e+01   3.7276467e+01   4.4422175e+01   3.7531082e+01  -1.0000000e+00
   4.4422175e+01   3.7531082e+01   4.5121724e+01   3.7785697e+01  -1.0000000e+00
   4.5121724e+01   3.7785697e+01   4.5821273e+01   3.8040312e+01  -1.0000000e+00
   4.5821273e+01   3.8040312e+01   4.6520821e+01   3.8294927e+01  -1.0000000e+00
   4.6520821e+01   3.8294927e+01   4.7251512e+01   3.8560877e+01  -1.0000000e+00
   4.7251512e+01   3.8560877e+01   4.7982202e+01   3.8826826e+01  -1.0000000e+00
   4.7982202e+01   3.8826826e+01   4.8712893e+01   3.9092776e+01   2.0000000e+00
   4.8712893e+01   3.9092776e+01   4.9443583e+01   3.9358725e+01   2.0000000e+00
   4.9443583e+01   3.9358725e+01   5.0174274e+01   3.9624675e+01   2.0000000e+00
   5.0174274e+01   3.9624675e+01   5.0904964e+01   3.9890625e+01   2.0000000e+00
   5.0904964e+01   3.9890625e+01   5.1635655e+01   4.0156574e+01   2.0000000e+00
   5.1635655e+01   4.0156574e+01   5.2366345e+01   4.0422524e+01   2.0000000e+00
   5.2366345e+01   4.0422524e+01   5.3097036e+01   4.0688473e+01   2.0000000e+00
   5.3097036e+01   4.0688473e+01   5.3827726e+01   4.0954423e+01   2.0000000e+00
   5.3827726e+01   4.0954423e+01   5.4558417e+01   4.1220373e+01   2.0000000e+00
   5.4558417e+01   4.1220373e+01   5.5289107e+01   4.1486322e+01   2.0000000e+00
   5.5289107e+01   4.1486322e+01   5.6019798e+01   4.1752272e+01   2.0000000e+00
   5.6019798e+01   4.1752272e+01   5.6750488e+01   4.2018222e+01   2.0000000e+00
   5.6750488e+01   4.2018222e+01   5.7481179e+01   4.2284171e+01   2.0000000e+00
   5.7481179e+01   4.2284171e+01   5.8066784e+01   4.2497314e+01   2.0000000e+00
   5.8066784e+01   4.2497314e+01   5.8652390e+01   4.2710457e+01   2.0000000e+00
   5.8652390e+01   4.2710457e+01   5.9237995e+01   4.2923600e+01   2.0000000e+00
   6.4019375e+01   5.3177302e+01   6.4718681e+01   5.3431829e+01  -1.0000000e+00
   6.4718681e+01   5.3431829e+01   6.5417987e+01   5.3686355e+01  -1.0000000e+00
   6.5417987e+01   5.3686355e+01   6.6117293e+01   5.3940882e+01  -1.0000000e+00
   6.6117293e+01   5.3940882e+01   6.6854478e+01   5.4209195e+01  -1.0000000e+00
   6.6854478e+01   5.4209195e+01   6.7591663e+01   5.4477509e+01  -1.0000000e+00
   6.7591663e+01   5.4477509e+01   6.8328849e+01   5.4745822e+01  -1.0000000e+00
   6.8328849e+01   5.4745822e+01   6.9066034e+01   5.5014136e+01  -1.0000000e+00
   6.9066034e+01   5.5014136e+01   6.9803219e+01   5.5282449e+01  -1.0000000e+00
   6.9803219e+01   5.5282449e+01   7.0540404e+01   5.5550763e+01  -1.0000000e+00
   7.0540404e+01   5.5550763e+01   7.1277589e+01   5.5819076e+01  -1.0000000e+00
   7.1277589e+01   5.5819076e+01   7.2014775e+01   5.6087390e+01  -1.0000000e+00
   7.2014775e+01   5.6087390e+01   7.2751960e+01   5.6355703e+01  -1.0000000e+00
   7.2751960e+01   5.6355703e+01   7.3489145e+01   5.6624017e+01  -1.0000000e+00
   7.3489145e+01   5.6624017e+01   7.4226330e+01   5.6892330e+01  -1.0000000e+00
   7.4226330e+01   5.6892330e+01   7.4963515e+01   5.7160644e+01  -1.0000000e+00
   7.4963515e+01   5.7160644e+01   7.5700701e+01   5.7428957e+01  -1.0000000e+00
   7.5700701e+01   5.7428957e+01   7.6437886e+01   5.7697271e+01  -1.0000000e+00
   7.6437886e+01   5.7697271e+01   7.7175071e+01   5.7965584e+01  -1.0000000e+00
   1.9656928e+01   1.6535745e+02   1.9889777e+01   1.6466825e+02  -1.0000000e+00
   1.9889777e+01   1.6466825e+02   2.0122625e+01   1.6397906e+02  -1.0000000e+00
   2.0122625e+01   1.6397906e+02   2.0355474e+01   1.6328986e+02  -1.0000000e+00
   2.0355474e+01   1.6328986e+02   2.0588322e+01   1.6260066e+02  -1.0000000e+00
   2.0588322e+01   1.6260066e+02   2.0821171e+01   1.6191146e+02  -1.0000000e+00
   2.0821171e+01   1.6191146e+02   2.1054019e+01   1.6122227e+02  -1.0000000e+00
   2.1054019e+01   1.6122227e+02   2.1286868e+01   1.6053307e+02  -1.0000000e+00
   2.1286868e+01   1.6053307e+02   2.1519716e+01   1.5984387e+02  -1.0000000e+00
   2.1519716e+01   1.5984387e+02   2.1752565e+01   1.5915467e+02  -1.0000000e+00
   2.1752565e+01   1.5915467e+02   2.1985413e+01   1.5846548e+02  -1.0000000e+00
   2.1985413e+01   1.5846548e+02   2.2218262e+01   1.5777628e+02  -1.0000000e+00
   2.2218262e+01   1.5777628e+02   2.2468148e+01   1.5703665e+02  -1.0000000e+00
   2.2468148e+01   1.5703665e+02   2.2718035e+01   1.5629702e+02  -1.0000000e+00
   2.2718035e+01   1.5629702e+02   2.2967921e+01   1.5555740e+02  -1.0000000e+00
   2.2967921e+01   1.5555740e+02   2.3217807e+01   1.5481777e+02  -1.0000000e+00
   2.3217807e+01   1.5481777e+02   2.3467694e+01   1.5407814e+02  -1.0000000e+00
   2.3467694e+01   1.5407814e+02   2.3717580e+01   1.5333852e+02  -1.0000000e+00
   2.3717580e+01   1.5333852e+02   2.3967466e+01   1.5259889e+02  -1.0000000e+00
   2.3967466e+01   1.5259889e+02   2.4217353e+01   1.5185926e+02  -1.0000000e+00
   2.4217353e+01   1.5185926e+02   2.4467239e+01   1.5111964e+02  -1.0000000e+00
   2.4467239e+01   1.5111964e+02   2.4717125e+01   1.5038001e+02  -1.0000000e+00
   2.4717125e+01   1.5038001e+02   2.4967011e+01   1.4964038e+02  -1.0000000e+00
   2.4967011e+01   1.4964038e+02   2.5216898e+01   1.4890076e+02  -1.0000000e+00
   2.5216898e+01   1.4890076e+02   2.5466784e+01   1.4816113e+02  -1.0000000e+00
   2.5466784e+01   1.4816113e+02   2.5716670e+01   1.4742150e+02  -1.0000000e+00
   2.5716670e+01   1.4742150e+02   2.5966557e+01   1.4668188e+02  -1.0000000e+00
   2.5966557e+01   1.4668188e+02   2.6216443e+01   1.4594225e+02  -1.0000000e+00
   2.6216443e+01   1.4594225e+02   2.6466329e+01   1.4520262e+02  -1.0000000e+00
   2.6466329e+01   1.4520262e+02   2.6716216e+01   1.4446300e+02  -1.0000000e+00
   2.6716216e+01   1.4446300e+02   2.6966102e+01   1.4372337e+02  -1.0000000e+00
   2.6966102e+01   1.4372337e+02   2.7215988e+01   1.4298374e+02  -1.0000000e+00
   2.7215988e+01   1.4298374e+02   2.7465875e+01   1.4224412e+02  -1.0000000e+00
   2.7465875e+01   1.4224412e+02   2.7715761e+01   1.4150449e+02  -1.0000000e+00
   2.7715761e+01   1.4150449e+02   2.7965647e+01   1.4076486e+02  -1.0000000e+00
   2.7965647e+01   1.4076486e+02   2.8215534e+01   1.4002524e+02  -1.0000000e+00
   2.8215534e+01   1.4002524e+02   2.8465420e+01   1.3928561e+02  -1.0000000e+00
   2.8465420e+01   1.3928561e+02   2.8715306e+01   1.3854598e+02  -1.0000000e+00
   2.8715306e+01   1.3854598e+02   2.8965193e+01   1.3780636e+02  -1.0000000e+00
   2.8965193e+01   1.3780636e+02   2.9215079e+01   1.3706673e+02  -1.0000000e+00
   2.9215079e+01   1.3706673e+02   2.9464965e+01   1.3632710e+02  -1.0000000e+00
   2.9464965e+01   1.3632710e+02   2.9714851e+01   1.3558748e+02  -1.0000000e+00
   2.9714851e+01   1.3558748e+02   2.9964738e+01   1.3484785e+02  -1.0000000e+00
   2.9964738e+01   1.3484785e+02   3.0214624e+01   1.3410822e+02  -1.0000000e+00
   3.0214624e+01   1.3410822e+02   3.0464510e+01   1.3336860e+02  -1.0000000e+00
   3.0464510e+01   1.3336860e+02   3.0714397e+01   1.3262897e+02  -1.0000000e+00
   3.0714397e+01   1.3262897e+02   3.0964283e+01   1.3188934e+02  -1.0000000e+00
   3.0964283e+01   1.3188934e+02   3.1214169e+01   1.3114972e+02  -1.0000000e+00
   3.1214169e+01   1.3114972e+02   3.1464056e+01   1.3041009e+02  -1.0000000e+00
   3.1464056e+01   1.3041009e+02   3.1713942e+01   1.2967046e+02  -1.0000000e+00
   3.1713942e+01   1.2967046e+02   3.1963828e+01   1.2893084e+02  -1.0000000e+00
   3.1963828e+01   1.2893084e+02   3.2213715e+01   1.2819121e+02  -1.0000000e+00
   3.2213715e+01   1.2819121e+02   3.2463601e+01   1.2745158e+02  -1.0000000e+00
   3.2463601e+01   1.2745158e+02   3.2703726e+01   1.2674085e+02  -1.0000000e+00
   3.2703726e+01   1.2674085e+02   3.2943851e+01   1.2603011e+02  -1.0000000e+00
   3.2943851e+01   1.2603011e+02   3.3183977e+01   1.2531938e+02  -1.0000000e+00
   3.3183977e+01   1.2531938e+02   3.3424102e+01   1.2460864e+02  -1.0000000e+00
   4.4285830e+01   4.5994879e+01   4.4489011e+01   4.5294883e+01  -1.0000000e+00
   4.4489011e+01   4.5294883e+01   4.4692192e+01   4.4594887e+01  -1.0000000e+00
   4.4692192e+01   4.4594887e+01   4.4895373e+01   4.3894892e+01  -1.0000000e+00
   4.4895373e+01   4.3894892e+01   4.5098554e+01   4.3194896e+01  -1.0000000e+00
   4.5098554e+01   4.3194896e+01   4.5301735e+01   4.2494901e+01  -1.0000000e+00
   4.5301735e+01   4.2494901e+01   4.5504916e+01   4.1794905e+01  -1.0000000e+00
   4.5504916e+01   4.1794905e+01   4.5708097e+01   4.1094909e+01  -1.0000000e+00
   4.5708097e+01   4.1094909e+01   4.5911278e+01   4.0394914e+01  -1.0000000e+00
   4.5911278e+01   4.0394914e+01   4.6114459e+01   3.9694918e+01  -1.0000000e+00
   4.6114459e+01   3.9694918e+01   4.6317640e+01   3.8994923e+01  -1.0000000e+00
   4.6317640e+01   3.8994923e+01   4.6520821e+01   3.8294927e+01  -1.0000000e+00
   4.6520821e+01   3.8294927e+01   4.6738112e+01   3.7546321e+01  -1.0000000e+00
   4.6738112e+01   3.7546321e+01   4.6955403e+01   3.6797714e+01  -1.0000000e+00
   4.6955403e+01   3.6797714e+01   4.7172694e+01   3.6049108e+01  -1.0000000e+00
   4.7172694e+01   3.6049108e+01   4.7389985e+01   3.5300501e+01  -1.0000000e+00
   4.7389985e+01   3.5300501e+01   4.7607276e+01   3.4551895e+01  -1.0000000e+00
   4.7607276e+01   3.4551895e+01   4.7824566e+01   3.3803288e+01  -1.0000000e+00
   4.7824566e+01   3.3803288e+01   4.8041857e+01   3.3054682e+01  -1.0000000e+00
   4.8041857e+01   3.3054682e+01   4.8259148e+01   3.2306075e+01  -1.0000000e+00
   4.8259148e+01   3.2306075e+01   4.8476439e+01   3.1557469e+01  -1.0000000e+00
   3.6153361e+01   1.4050050e+02   3.6398274e+01   1.3975350e+02  -1.0000000e+00
   3.6398274e+01   1.3975350e+02   3.6643187e+01   1.3900650e+02  -1.0000000e+00
   3.6643187e+01   1.3900650e+02   3.6888100e+01   1.3825950e+02  -1.0000000e+00
   3.6888100e+01   1.3825950e+02   3.7133013e+01   1.3751251e+02  -1.0000000e+00
   3.7133013e+01   1.3751251e+02   3.7377926e+01   1.3676551e+02  -1.0000000e+00
   3.7377926e+01   1.3676551e+02   3.7622839e+01   1.3601851e+02  -1.0000000e+00
   3.7622839e+01   1.3601851e+02   3.7867752e+01   1.3527151e+02   2.0000000e+00
   3.7867752e+01   1.3527151e+02   3.8112665e+01   1.3452451e+02   2.0000000e+00
   3.8112665e+01   1.3452451e+02   3.8357578e+01   1.3377751e+02   2.0000000e+00
   3.8357578e+01   1.3377751e+02   3.8602492e+01   1.3303051e+02   2.0000000e+00
   3.8602492e+01   1.3303051e+02   3.8847405e+01   1.3228351e+02   2.0000000e+00
   3.8847405e+01   1.3228351e+02   3.9092318e+01   1.3153652e+02   2.0000000e+00
   3.9092318e+01   1.3153652e+02   3.9337231e+01   1.3078952e+02   2.0000000e+00
   3.9337231e+01   1.3078952e+02   3.9582144e+01   1.3004252e+02   2.0000000e+00
   3.9582144e+01   1.3004252e+02   3.9820508e+01   1.2931549e+02   2.0000000e+00
   3.9820508e+01   1.2931549e+02   4.0058873e+01   1.2858847e+02   2.0000000e+00
   4.0058873e+01   1.2858847e+02   4.0297237e+01   1.2786144e+02   2.0000000e+00
   4.0297237e+01   1.2786144e+02   4.0535602e+01   1.2713442e+02   2.0000000e+00
   4.0535602e+01   1.2713442e+02   4.0773966e+01   1.2640739e+02   2.0000000e+00
   4.0773966e+01   1.2640739e+02   4.1012331e+01   1.2568037e+02   2.0000000e+00
   4.1012331e+01   1.2568037e+02   4.1250695e+01   1.2495334e+02   2.0000000e+00
   4.1250695e+01   1.2495334e+02   4.1489060e+01   1.2422632e+02   2.0000000e+00
   4.1489060e+01   1.2422632e+02   4.1727424e+01   1.2349929e+02   2.0000000e+00
   4.1727424e+01   1.2349929e+02   4.1965789e+01   1.2277227e+02   2.0000000e+00
   4.1965789e+01   1.2277227e+02   4.2204153e+01   1.2204524e+02   2.0000000e+00
   4.2204153e+01   1.2204524e+02   4.2442518e+01   1.2131822e+02   2.0000000e+00
   4.2442518e+01   1.2131822e+02   4.2680882e+01   1.2059119e+02   2.0000000e+00
   4.2680882e+01   1.2059119e+02   4.2919247e+01   1.1986417e+02   2.0000000e+00
   4.2919247e+01   1.1986417e+02   4.3157611e+01   1.1913714e+02   2.0000000e+00
   4.3157611e+01   1.1913714e+02   4.3395976e+01   1.1841012e+02   2.0000000e+00
   4.3395976e+01   1.1841012e+02   4.3634340e+01   1.1768309e+02   2.0000000e+00
   4.3634340e+01   1.1768309e+02   4.3876779e+01   1.1694364e+02   2.0000000e+00
   4.3876779e+01   1.1694364e+02   4.4119218e+01   1.1620418e+02   2.0000000e+00
   4.4119218e+01   1.1620418e+02   4.4361658e+01   1.1546473e+02   2.0000000e+00
   4.4361658e+01   1.1546473e+02   4.4604097e+01   1.1472528e+02   2.0000000e+00
   4.4604097e+01   1.1472528e+02   4.4846536e+01   1.1398582e+02   2.0000000e+00
   4.4846536e+01   1.1398582e+02   4.5088975e+01   1.1324637e+02   2.0000000e+00
   4.5088975e+01   1.1324637e+02   4.5331415e+01   1.1250692e+02   2.0000000e+00
   4.5331415e+01   1.1250692e+02   4.5573854e+01   1.1176746e+02   2.0000000e+00
   4.5573854e+01   1.1176746e+02   4.5816293e+01   1.1102801e+02   2.0000000e+00
   5.2217954e+01   1.3144905e+02   5.2417507e+01   1.3076155e+02   2.0000000e+00
   5.2417507e+01   1.3076155e+02   5.2617060e+01   1.3007406e+02   2.0000000e+00
   5.2617060e+01   1.3007406e+02   5.2816613e+01   1.2938656e+02   2.0000000e+00
   5.2816613e+01   1.2938656e+02   5.3016166e+01   1.2869907e+02   2.0000000e+00
   5.3016166e+01   1.2869907e+02   5.3215719e+01   1.2801157e+02   2.0000000e+00
   5.3215719e+01   1.2801157e+02   5.3415272e+01   1.2732407e+02   2.0000000e+00
   5.3415272e+01   1.2732407e+02   5.3614825e+01   1.2663658e+02   2.0000000e+00
   5.3614825e+01   1.2663658e+02   5.3814378e+01   1.2594908e+02   2.0000000e+00
   5.3814378e+01   1.2594908e+02   5.4013931e+01   1.2526159e+02   2.0000000e+00
   5.4013931e+01   1.2526159e+02   5.4213484e+01   1.2457409e+02   2.0000000e+00
   5.4213484e+01   1.2457409e+02   5.4413036e+01   1.2388659e+02   2.0000000e+00
   5.4413036e+01   1.2388659e+02   5.4612589e+01   1.2319910e+02   2.0000000e+00
   5.4612589e+01   1.2319910e+02   5.4812142e+01   1.2251160e+02   2.0000000e+00
   5.4812142e+01   1.2251160e+02   5.5011695e+01   1.2182411e+02   2.0000000e+00
   5.5011695e+01   1.2182411e+02   5.5211248e+01   1.2113661e+02   2.0000000e+00
   5.5211248e+01   1.2113661e+02   5.5410800e+01   1.2044912e+02   2.0000000e+00
   5.5410800e+01   1.2044912e+02   5.5610353e+01   1.1976162e+02   2.0000000e+00
   5.5610353e+01   1.1976162e+02   5.5809906e+01   1.1907413e+02   2.0000000e+00
   5.5809906e+01   1.1907413e+02   5.6009459e+01   1.1838663e+02   2.0000000e+00
   5.6009459e+01   1.1838663e+02   5.6209011e+01   1.1769914e+02   2.0000000e+00
   5.6209011e+01   1.1769914e+02   5.6408564e+01   1.1701164e+02   2.0000000e+00
   5.3665500e+01   1.4793858e+02   5.3872632e+01   1.4730452e+02  -1.0000000e+00
   5.3872632e+01   1.4730452e+02   5.4079764e+01   1.4667045e+02  -1.0000000e+00
   5.4079764e+01   1.4667045e+02   5.4286896e+01   1.4603639e+02  -1.0000000e+00
   5.4286896e+01   1.4603639e+02   5.4530050e+01   1.4529206e+02  -1.0000000e+00
   5.4530050e+01   1.4529206e+02   5.4773204e+01   1.4454772e+02  -1.0000000e+00
   5.4773204e+01   1.4454772e+02   5.5016358e+01   1.4380339e+02  -1.0000000e+00
   5.5016358e+01   1.4380339e+02   5.5259512e+01   1.4305905e+02  -1.0000000e+00
   5.5259512e+01   1.4305905e+02   5.5502666e+01   1.4231472e+02  -1.0000000e+00
   5.5502666e+01   1.4231472e+02   5.5745820e+01   1.4157039e+02  -1.0000000e+00
   5.5745820e+01   1.4157039e+02   5.5988975e+01   1.4082605e+02   2.0000000e+00
   5.5988975e+01   1.4082605e+02   5.6232129e+01   1.4008172e+02   2.0000000e+00
   5.6232129e+01   1.4008172e+02   5.6475283e+01   1.3933739e+02   2.0000000e+00
   5.6475283e+01   1.3933739e+02   5.6718437e+01   1.3859305e+02   2.0000000e+00
   5.6718437e+01   1.3859305e+02   5.6961591e+01   1.3784872e+02   2.0000000e+00
   5.6961591e+01   1.3784872e+02   5.7204745e+01   1.3710438e+02   2.0000000e+00
   5.7204745e+01   1.3710438e+02   5.7447899e+01   1.3636005e+02   2.0000000e+00
   5.7447899e+01   1.3636005e+02   5.7691054e+01   1.3561572e+02   2.0000000e+00
   5.7691054e+01   1.3561572e+02   5.7934208e+01   1.3487138e+02   2.0000000e+00
   5.7934208e+01   1.3487138e+02   5.8177362e+01   1.3412705e+02   2.0000000e+00
   5.8177362e+01   1.3412705e+02   5.8420516e+01   1.3338272e+02   2.0000000e+00
   5.8420516e+01   1.3338272e+02   5.8663670e+01   1.3263838e+02   2.0000000e+00
   5.8663670e+01   1.3263838e+02   5.8906824e+01   1.3189405e+02   2.0000000e+00
   5.8906824e+01   1.3189405e+02   5.9149979e+01   1.3114972e+02   2.0000000e+00
   5.9149979e+01   1.3114972e+02   5.9393133e+01   1.3040538e+02   2.0000000e+00
   5.9393133e+01   1.3040538e+02   5.9636287e+01   1.2966105e+02   2.0000000e+00
   5.9636287e+01   1.2966105e+02   5.9879441e+01   1.2891671e+02   2.0000000e+00
   5.9879441e+01   1.2891671e+02   6.0118439e+01   1.2818510e+02   2.0000000e+00
   6.0118439e+01   1.2818510e+02   6.0357437e+01   1.2745349e+02   2.0000000e+00
   6.0357437e+01   1.2745349e+02   6.0596434e+01   1.2672188e+02   2.0000000e+00
   6.0596434e+01   1.2672188e+02   6.0835432e+01   1.2599027e+02   2.0000000e+00
   6.0835432e+01   1.2599027e+02   6.1074430e+01   1.2525866e+02   2.0000000e+00
   6.1074430e+01   1.2525866e+02   6.1313428e+01   1.2452705e+02   2.0000000e+00
   6.1313428e+01   1.2452705e+02   6.1552425e+01   1.2379544e+02   2.0000000e+00
   6.1552425e+01   1.2379544e+02   6.1791423e+01   1.2306383e+02   2.0000000e+00
   6.1791423e+01   1.2306383e+02   6.2030421e+01   1.2233222e+02   2.0000000e+00
   6.2030421e+01   1.2233222e+02   6.2269419e+01   1.2160061e+02   2.0000000e+00
   6.2269419e+01   1.2160061e+02   6.2508416e+01   1.2086900e+02   2.0000000e+00
   6.2508416e+01   1.2086900e+02   6.2747414e+01   1.2013739e+02   2.0000000e+00
   6.2747414e+01   1.2013739e+02   6.2986412e+01   1.1940578e+02   2.0000000e+00
   4.5629753e+01   1.6416900e+02   4.5861418e+01   1.6343472e+02  -1.0000000e+00
   4.5861418e+01   1.6343472e+02   4.6093082e+01   1.6270044e+02  -1.0000000e+00
   4.6093082e+01   1.6270044e+02   4.6324747e+01   1.6196616e+02  -1.0000000e+00
   4.6324747e+01   1.6196616e+02   4.6556411e+01   1.6123188e+02  -1.0000000e+00
   4.6556411e+01   1.6123188e+02   4.6788076e+01   1.6049760e+02  -1.0000000e+00
   4.6788076e+01   1.6049760e+02   4.7019740e+01   1.5976332e+02  -1.0000000e+00
   4.7019740e+01   1.5976332e+02   4.7251405e+01   1.5902905e+02  -1.0000000e+00
   4.7251405e+01   1.5902905e+02   4.7483069e+01   1.5829477e+02  -1.0000000e+00
   4.7483069e+01   1.5829477e+02   4.7714734e+01   1.5756049e+02  -1.0000000e+00
   4.7714734e+01   1.5756049e+02   4.7946398e+01   1.5682621e+02  -1.0000000e+00
   4.7946398e+01   1.5682621e+02   4.8178063e+01   1.5609193e+02  -1.0000000e+00
   4.8178063e+01   1.5609193e+02   4.8409727e+01   1.5535765e+02  -1.0000000e+00
   4.8409727e+01   1.5535765e+02   4.8641392e+01   1.5462337e+02  -1.0000000e+00
   4.8641392e+01   1.5462337e+02   4.8873056e+01   1.5388909e+02  -1.0000000e+00
   4.8873056e+01   1.5388909e+02   4.9104721e+01   1.5315481e+02  -1.0000000e+00
   4.9104721e+01   1.5315481e+02   4.9336385e+01   1.5242053e+02  -1.0000000e+00
   4.9336385e+01   1.5242053e+02   4.9568050e+01   1.5168625e+02  -1.0000000e+00
   4.9568050e+01   1.5168625e+02   4.9799714e+01   1.5095197e+02  -1.0000000e+00
   4.9799714e+01   1.5095197e+02   5.0031379e+01   1.5021770e+02  -1.0000000e+00
   5.0031379e+01   1.5021770e+02   5.0263043e+01   1.4948342e+02  -1.0000000e+00
   5.0263043e+01   1.4948342e+02   5.0494708e+01   1.4874914e+02  -1.0000000e+00
   5.0494708e+01   1.4874914e+02   5.0726373e+01   1.4801486e+02  -1.0000000e+00
   5.0726373e+01   1.4801486e+02   5.0958037e+01   1.4728058e+02  -1.0000000e+00
   5.0958037e+01   1.4728058e+02   5.1189702e+01   1.4654630e+02  -1.0000000e+00
   5.1189702e+01   1.4654630e+02   5.1421366e+01   1.4581202e+02  -1.0000000e+00
   5.1421366e+01   1.4581202e+02   5.1653031e+01   1.4507774e+02  -1.0000000e+00
   5.1653031e+01   1.4507774e+02   5.1878904e+01   1.4436182e+02  -1.0000000e+00
   5.1878904e+01   1.4436182e+02   5.2104777e+01   1.4364590e+02  -1.0000000e+00
   5.2104777e+01   1.4364590e+02   5.2330650e+01   1.4292997e+02  -1.0000000e+00
   5.2330650e+01   1.4292997e+02   5.2556523e+01   1.4221405e+02  -1.0000000e+00
   3.2484409e+01   8.4266624e+01   3.3130448e+01   8.4501763e+01  -1.0000000e+00
   3.3130448e+01   8.4501763e+01   3.3776487e+01   8.4736902e+01  -1.0000000e+00
   3.3776487e+01   8.4736902e+01   3.4422525e+01   8.4972041e+01  -1.0000000e+00
   3.4422525e+01   8.4972041e+01   3.5068564e+01   8.5207180e+01  -1.0000000e+00
   3.5068564e+01   8.5207180e+01   3.5773333e+01   8.5463695e+01  -1.0000000e+00
   3.5773333e+01   8.5463695e+01   3.6478103e+01   8.5720210e+01  -1.0000000e+00
   3.6478103e+01   8.5720210e+01   3.7182872e+01   8.5976725e+01  -1.0000000e+00
   3.1883286e+01   9.4689611e+01   3.2128307e+01   9.3960193e+01  -1.0000000e+00
   3.2128307e+01   9.3960193e+01   3.2373329e+01   9.3230775e+01  -1.0000000e+00
   3.2373329e+01   9.3230775e+01   3.2618350e+01   9.2501358e+01  -1.0000000e+00
   3.2618350e+01   9.2501358e+01   3.2863372e+01   9.1771940e+01  -1.0000000e+00
   3.2863372e+01   9.1771940e+01   3.3108393e+01   9.1042522e+01  -1.0000000e+00
   3.3108393e+01   9.1042522e+01   3.3353414e+01   9.0313104e+01  -1.0000000e+00
   3.3353414e+01   9.0313104e+01   3.3598436e+01   8.9583686e+01  -1.0000000e+00
   3.3598436e+01   8.9583686e+01   3.3843457e+01   8.8854269e+01  -1.0000000e+00
   3.3843457e+01   8.8854269e+01   3.4088479e+01   8.8124851e+01  -1.0000000e+00
   3.4088479e+01   8.8124851e+01   3.4333500e+01   8.7395433e+01  -1.0000000e+00
   3.4333500e+01   8.7395433e+01   3.4578521e+01   8.6666015e+01  -1.0000000e+00
   3.4578521e+01   8.6666015e+01   3.4823543e+01   8.5936598e+01  -1.0000000e+00
   3.4823543e+01   8.5936598e+01   3.5068564e+01   8.5207180e+01  -1.0000000e+00
   3.5068564e+01   8.5207180e+01   3.5313586e+01   8.4477762e+01  -1.0000000e+00
   3.5313586e+01   8.4477762e+01   3.5558607e+01   8.3748344e+01  -1.0000000e+00
   3.5558607e+01   8.3748344e+01   3.5803628e+01   8.3018926e+01  -1.0000000e+00
   3.5803628e+01   8.3018926e+01   3.6048650e+01   8.2289509e+01  -1.0000000e+00
   3.6048650e+01   8.2289509e+01   3.6293671e+01   8.1560091e+01  -1.0000000e+00
   3.6293671e+01   8.1560091e+01   3.6538693e+01   8.0830673e+01  -1.0000000e+00
   3.6538693e+01   8.0830673e+01   3.6783714e+01   8.0101255e+01  -1.0000000e+00
   3.6783714e+01   8.0101255e+01   3.7028736e+01   7.9371837e+01  -1.0000000e+00
   3.7028736e+01   7.9371837e+01   3.7273757e+01   7.8642419e+01  -1.0000000e+00
   3.7273757e+01   7.8642419e+01   3.7518778e+01   7.7913002e+01  -1.0000000e+00
   3.7518778e+01   7.7913002e+01   3.7763800e+01   7.7183584e+01  -1.0000000e+00
   3.7763800e+01   7.7183584e+01   3.8008821e+01   7.6454166e+01  -1.0000000e+00
   3.8008821e+01   7.6454166e+01   3.8253843e+01   7.5724748e+01  -1.0000000e+00
   3.8253843e+01   7.5724748e+01   3.8498864e+01   7.4995330e+01   2.0000000e+00
   3.8498864e+01   7.4995330e+01   3.8743885e+01   7.4265913e+01   2.0000000e+00
   3.8743885e+01   7.4265913e+01   3.8988907e+01   7.3536495e+01   2.0000000e+00
   3.8988907e+01   7.3536495e+01   3.9233928e+01   7.2807077e+01   2.0000000e+00
   3.9233928e+01   7.2807077e+01   3.9478950e+01   7.2077659e+01   2.0000000e+00
   3.9478950e+01   7.2077659e+01   3.9723971e+01   7.1348241e+01   2.0000000e+00
   3.9723971e+01   7.1348241e+01   3.9968992e+01   7.0618824e+01   2.0000000e+00
   3.9968992e+01   7.0618824e+01   4.0214014e+01   6.9889406e+01   2.0000000e+00
   4.0214014e+01   6.9889406e+01   4.0459035e+01   6.9159988e+01   2.0000000e+00
   4.0459035e+01   6.9159988e+01   4.0704057e+01   6.8430570e+01   2.0000000e+00
   4.0704057e+01   6.8430570e+01   4.0949078e+01   6.7701152e+01   2.0000000e+00
   4.0949078e+01   6.7701152e+01   4.1194100e+01   6.6971735e+01   2.0000000e+00
   4.1194100e+01   6.6971735e+01   4.1439121e+01   6.6242317e+01   2.0000000e+00
   4.1439121e+01   6.6242317e+01   4.1684142e+01   6.5512899e+01   2.0000000e+00
   4.1684142e+01   6.5512899e+01   4.1929164e+01   6.4783481e+01   2.0000000e+00
   4.1929164e+01   6.4783481e+01   4.2174185e+01   6.4054063e+01   2.0000000e+00
   4.2174185e+01   6.4054063e+01   4.2419206e+01   6.3324646e+01   2.0000000e+00
   4.2419206e+01   6.3324646e+01   4.2664228e+01   6.2595228e+01   2.0000000e+00
   4.2664228e+01   6.2595228e+01   4.2909249e+01   6.1865810e+01   2.0000000e+00
   4.2909249e+01   6.1865810e+01   4.3154271e+01   6.1136392e+01   2.0000000e+00
   4.3154271e+01   6.1136392e+01   4.3399292e+01   6.0406975e+01   2.0000000e+00
   4.3399292e+01   6.0406975e+01   4.3644313e+01   5.9677557e+01   2.0000000e+00
   4.3644313e+01   5.9677557e+01   4.3889335e+01   5.8948139e+01   2.0000000e+00
   4.3889335e+01   5.8948139e+01   4.4134356e+01   5.8218721e+01   2.0000000e+00
   4.4134356e+01   5.8218721e+01   4.4379378e+01   5.7489304e+01   2.0000000e+00
   4.4379378e+01   5.7489304e+01   4.4624399e+01   5.6759886e+01   2.0000000e+00
   5.5551788e+01   8.5213219e+01   5.5791913e+01   8.4502484e+01   2.0000000e+00
   5.5791913e+01   8.4502484e+01   5.6032038e+01   8.3791749e+01   2.0000000e+00
   5.6032038e+01   8.3791749e+01   5.6272163e+01   8.3081014e+01   2.0000000e+00
   5.6272163e+01   8.3081014e+01   5.6512289e+01   8.2370279e+01   2.0000000e+00
   5.6512289e+01   8.2370279e+01   5.6765052e+01   8.1622137e+01   2.0000000e+00
   5.6765052e+01   8.1622137e+01   5.7017815e+01   8.0873995e+01   2.0000000e+00
   5.7017815e+01   8.0873995e+01   5.7270578e+01   8.0125853e+01   2.0000000e+00
   5.7270578e+01   8.0125853e+01   5.7523342e+01   7.9377711e+01   2.0000000e+00
   5.7523342e+01   7.9377711e+01   5.7776105e+01   7.8629569e+01   2.0000000e+00
   5.7776105e+01   7.8629569e+01   5.8028868e+01   7.7881427e+01   2.0000000e+00
   5.8028868e+01   7.7881427e+01   5.8281631e+01   7.7133285e+01   2.0000000e+00
   5.8281631e+01   7.7133285e+01   5.8534395e+01   7.6385143e+01   2.0000000e+00
   5.8534395e+01   7.6385143e+01   5.8787158e+01   7.5637001e+01   2.0000000e+00
   5.8787158e+01   7.5637001e+01   5.9039921e+01   7.4888859e+01   2.0000000e+00
   5.9039921e+01   7.4888859e+01   5.9292685e+01   7.4140717e+01   2.0000000e+00
   5.9292685e+01   7.4140717e+01   5.9545448e+01   7.3392575e+01   2.0000000e+00
   5.9545448e+01   7.3392575e+01   5.9798211e+01   7.2644433e+01   2.0000000e+00
   5.9798211e+01   7.2644433e+01   6.0050974e+01   7.1896290e+01   2.0000000e+00
   6.0050974e+01   7.1896290e+01   6.0303738e+01   7.1148148e+01   2.0000000e+00
   6.0303738e+01   7.1148148e+01   6.0556501e+01   7.0400006e+01   2.0000000e+00
   6.0556501e+01   7.0400006e+01   6.0809264e+01   6.9651864e+01   2.0000000e+00
   6.0809264e+01   6.9651864e+01   6.1062027e+01   6.8903722e+01   2.0000000e+00
   6.1062027e+01   6.8903722e+01   6.1314791e+01   6.8155580e+01   2.0000000e+00
   6.1314791e+01   6.8155580e+01   6.1567554e+01   6.7407438e+01   2.0000000e+00
   6.1567554e+01   6.7407438e+01   6.1820317e+01   6.6659296e+01   2.0000000e+00
   6.1820317e+01   6.6659296e+01   6.2073081e+01   6.5911154e+01   2.0000000e+00
   6.2073081e+01   6.5911154e+01   6.2325844e+01   6.5163012e+01   2.0000000e+00
   6.2325844e+01   6.5163012e+01   6.2578607e+01   6.4414870e+01   2.0000000e+00
   6.2578607e+01   6.4414870e+01   6.2831370e+01   6.3666728e+01   2.0000000e+00
   6.2831370e+01   6.3666728e+01   6.3084134e+01   6.2918586e+01   2.0000000e+00
   6.3084134e+01   6.2918586e+01   6.3336897e+01   6.2170444e+01   2.0000000e+00
   6.3336897e+01   6.2170444e+01   6.3589660e+01   6.1422302e+01   2.0000000e+00
   6.3589660e+01   6.1422302e+01   6.3842423e+01   6.0674160e+01   2.0000000e+00
   6.3842423e+01   6.0674160e+01   6.4095187e+01   5.9926018e+01   2.0000000e+00
   6.4095187e+01   5.9926018e+01   6.4347950e+01   5.9177876e+01   2.0000000e+00
   6.4347950e+01   5.9177876e+01   6.4600713e+01   5.8429734e+01   2.0000000e+00
   6.4600713e+01   5.8429734e+01   6.4853477e+01   5.7681592e+01   2.0000000e+00
   6.4853477e+01   5.7681592e+01   6.5106240e+01   5.6933450e+01  -1.0000000e+00
   6.5106240e+01   5.6933450e+01   6.5359003e+01   5.6185308e+01  -1.0000000e+00
   6.5359003e+01   5.6185308e+01   6.5611766e+01   5.5437166e+01  -1.0000000e+00
   6.5611766e+01   5.5437166e+01   6.5864530e+01   5.4689024e+01  -1.0000000e+00
   6.5864530e+01   5.4689024e+01   6.6117293e+01   5.3940882e+01  -1.0000000e+00
   6.6117293e+01   5.3940882e+01   6.6363575e+01   5.3211923e+01  -1.0000000e+00
   6.6363575e+01   5.3211923e+01   6.6609857e+01   5.2482964e+01  -1.0000000e+00
   6.6609857e+01   5.2482964e+01   6.6856139e+01   5.1754005e+01  -1.0000000e+00
   6.6856139e+01   5.1754005e+01   6.7102422e+01   5.1025046e+01  -1.0000000e+00
   6.7102422e+01   5.1025046e+01   6.7348704e+01   5.0296087e+01  -1.0000000e+00
   6.7348704e+01   5.0296087e+01   6.7594986e+01   4.9567128e+01  -1.0000000e+00
   6.7594986e+01   4.9567128e+01   6.7841268e+01   4.8838169e+01  -1.0000000e+00
   6.7841268e+01   4.8838169e+01   6.8087550e+01   4.8109211e+01  -1.0000000e+00
   6.8087550e+01   4.8109211e+01   6.8333832e+01   4.7380252e+01  -1.0000000e+00
   6.8333832e+01   4.7380252e+01   6.8580115e+01   4.6651293e+01  -1.0000000e+00
   6.8580115e+01   4.6651293e+01   6.8826397e+01   4.5922334e+01  -1.0000000e+00
   6.8826397e+01   4.5922334e+01   6.9072679e+01   4.5193375e+01  -1.0000000e+00
   6.9072679e+01   4.5193375e+01   6.9318961e+01   4.4464416e+01  -1.0000000e+00
   5.0000000e+01   9.6800000e+01   5.0000000e+01   9.7600000e+01   1.0000000e+00
   5.0000000e+01   1.0240000e+02   5.0000000e+01   1.0320000e+02   1.0000000e+00
   5.0000000e+01   9.6000000e+01   5.0000000e+01   9.6800000e+01   1.0000000e+00
   5.0000000e+01   1.0320000e+02   5.0000000e+01   1.0400000e+02   1.0000000e+00
   5.0000000e+01   9.5200000e+01   5.0000000e+01   9.6000000e+01   1.0000000e+00
   5.0000000e+01   1.0400000e+02   5.0000000e+01   1.0480000e+02   1.0000000e+00
   5.0000000e+01   9.4400000e+01   5.0000000e+01   9.5200000e+01   1.0000000e+00
   5.0000000e+01   1.0480000e+02   5.0000000e+01   1.0560000e+02   1.0000000e+00
   5.0000000e+01   9.3600000e+01   5.0000000e+01   9.4400000e+01   1.0000000e+00
   5.0000000e+01   1.0560000e+02   5.0000000e+01   1.0640000e+02   1.0000000e+00
   5.0000000e+01   9.2800000e+01   5.0000000e+01   9.3600000e+01   1.0000000e+00
   5.0000000e+01   1.0640000e+02   5.0000000e+01   1.0720000e+02   1.0000000e+00
   5.0000000e+01   9.2000000e+01   5.0000000e+01   9.2800000e+01   1.0000000e+00
   5.0000000e+01   1.0720000e+02   5.0000000e+01   1.0800000e+02   1.0000000e+00
   5.0000000e+01   9.1200000e+01   5.0000000e+01   9.2000000e+01   1.0000000e+00
   5.0000000e+01   1.0800000e+02   5.0000000e+01   1.0880000e+02   1.0000000e+00
   5.0000000e+01   9.0400000e+01   5.0000000e+01   9.1200000e+01   1.0000000e+00
   5.0000000e+01   1.0880000e+02   5.0000000e+01   1.0960000e+02   1.0000000e+00
   5.0000000e+01   8.9600000e+01   5.0000000e+01   9.0400000e+01   1.0000000e+00
   5.0000000e+01   1.0960000e+02   5.0000000e+01   1.1040000e+02   1.0000000e+00
   5.0000000e+01   8.8800000e+01   5.0000000e+01   8.9600000e+01   1.0000000e+00
   5.0000000e+01   1.1040000e+02   5.0000000e+01   1.1120000e+02   1.0000000e+00
   5.0000000e+01   8.8000000e+01   5.0000000e+01   8.8800000e+01   1.0000000e+00
   5.0000000e+01   1.1120000e+02   5.0000000e+01   1.1200000e+02   1.0000000e+00
   5.0000000e+01   8.7200000e+01   5.0000000e+01   8.8000000e+01   1.0000000e+00
   5.0000000e+01   1.1200000e+02   5.0000000e+01   1.1280000e+02   1.0000000e+00
   5.0000000e+01   8.6400000e+01   5.0000000e+01   8.7200000e+01   1.0000000e+00
   5.0000000e+01   1.1280000e+02   5.0000000e+01   1.1360000e+02   1.0000000e+00
   5.0000000e+01   8.5600000e+01   5.0000000e+01   8.6400000e+01   1.0000000e+00
   5.0000000e+01   1.1360000e+02   5.0000000e+01   1.1440000e+02   1.0000000e+00
   5.0000000e+01   8.4800000e+01   5.0000000e+01   8.5600000e+01   1.0000000e+00
   5.0000000e+01   1.1440000e+02   5.0000000e+01   1.1520000e+02   1.0000000e+00
   5.0000000e+01   8.4000000e+01   5.0000000e+01   8.4800000e+01   1.0000000e+00
   5.0000000e+01   1.1520000e+02   5.0000000e+01   1.1600000e+02   1.0000000e+00
   5.0000000e+01   8.3200000e+01   5.0000000e+01   8.4000000e+01   1.0000000e+00
   5.0000000e+01   1.1600000e+02   5.0000000e+01   1.1680000e+02   1.0000000e+00
   5.0000000e+01   8.2400000e+01   5.0000000e+01   8.3200000e+01   1.0000000e+00
   5.0000000e+01   1.1680000e+02   5.0000000e+01   1.1760000e+02   1.0000000e+00
   5.0000000e+01   8.1600000e+01   5.0000000e+01   8.2400000e+01   1.0000000e+00
   5.0000000e+01   1.1760000e+02   5.0000000e+01   1.1840000e+02   1.0000000e+00
   5.0000000e+01   8.0800000e+01   5.0000000e+01   8.1600000e+01   1.0000000e+00
   5.0000000e+01   8.0533333e+01   5.0000000e+01   8.0800000e+01   1.0000000e+00
   5.0000000e+01   8.0266667e+01   5.0000000e+01   8.0533333e+01   1.0000000e+00
   5.0000000e+01   8.0000000e+01   5.0000000e+01   8.0266667e+01   1.0000000e+00
   4.9340811e+01   7.9760075e+01   4.9670406e+01   7.9880037e+01   2.0000000e+00
   4.9670406e+01   7.9880037e+01   5.0000000e+01   8.0000000e+01   2.0000000e+00
   5.0170477e+01   8.0062049e+01   5.0340954e+01   8.0124097e+01   2.0000000e+00
   5.0340954e+01   8.0124097e+01   5.0511431e+01   8.0186146e+01   2.0000000e+00
   5.0000000e+01   1.1840000e+02   5.0000000e+01   1.1920000e+02   1.0000000e+00
   5.0000000e+01   1.1920000e+02   5.0000000e+01   1.1946667e+02   1.0000000e+00
   5.0000000e+01   1.1946667e+02   5.0000000e+01   1.1973333e+02   1.0000000e+00
   5.0000000e+01   1.1973333e+02   5.0000000e+01   1.2000000e+02   1.0000000e+00
   4.9548678e+01   1.1983573e+02   4.9774339e+01   1.1991787e+02   2.0000000e+00
   4.9774339e+01   1.1991787e+02   5.0000000e+01   1.2000000e+02   2.0000000e+00
   5.0248396e+01   1.2009041e+02   5.0496791e+01   1.2018082e+02   2.0000000e+00
   5.0496791e+01   1.2018082e+02   5.0745187e+01   1.2027123e+02   2.0000000e+00
   5.2217954e+01   1.3144905e+02   5.2656636e+01   1.3211805e+02   1.0000000e+00
   5.2656636e+01   1.3211805e+02   5.2741535e+01   1.3250893e+02   1.0000000e+00
   5.2741535e+01   1.3250893e+02   5.2732419e+01   1.3290883e+02   1.0000000e+00
   5.2723302e+01   1.3330873e+02   5.2732419e+01   1.3290883e+02   1.0000000e+00
   5.2723302e+01   1.3330873e+02   5.2763694e+01   1.3410771e+02   1.0000000e+00
   5.2763694e+01   1.3410771e+02   5.2804086e+01   1.3490669e+02   1.0000000e+00
   5.2804086e+01   1.3490669e+02   5.2819361e+01   1.3570654e+02   1.0000000e+00
   5.2819361e+01   1.3570654e+02   5.2887612e+01   1.3650362e+02   1.0000000e+00
   5.2887612e+01   1.3650362e+02   5.3027824e+01   1.3729124e+02   1.0000000e+00
