0.112500  1  25.204989	
0.225000  1  26.129952	
0.337500  1  26.656750	
0.450000  1  27.105632	
0.562500  1  27.428503	
0.675000  1  27.596107	
0.787500  1  27.612192	
0.900000  1  27.508754	
1.012500  1  27.334528	
1.125000  1  27.142342	
1.237500  1  26.974903	
1.350000  1  26.853092	
1.462500  1  26.775793	
1.575000  1  26.729186	
1.687500  1  26.697712	
1.800000  1  26.669760	
1.912500  1  26.638749	
2.025000  1  26.602265	
2.137500  1  26.561001	
2.390625  1  26.482466	
2.960156  1  26.374871	
3.339844  1  26.314530	
4.194141  1  26.217083	
4.763672  1  26.164141	
6.045117  1  26.076859	
6.614648  1  26.044485	
7.896094  1  25.994882	
8.465625  1  25.972447	
9.747070  1  25.935697	
10.316602  1  25.917949	
11.598047  1  25.887679	
12.167578  1  25.873404	
13.449023  1  25.847400	
14.018555  1  25.835879	
15.300000  1  25.813165	
16.154297  1  25.798608	
18.076465  1  25.769314	
18.930762  1  25.756470	
20.852930  1  25.735061	
21.707227  1  25.725218	
23.629395  1  25.708465	
25.551562  1  25.691922	
26.405859  1  25.684080	
28.328027  1  25.668948	
29.182324  1  25.662206	
31.104492  1  25.649245	
31.958789  1  25.643472	
33.880957  1  25.631965	
34.735254  1  25.626878	
36.657422  1  25.616420	
37.511719  1  25.611856	
37.891406  1  25.609789	
38.745703  1  25.605248	
40.667871  1  25.596454	
41.522168  1  25.592346	
43.444336  1  25.584476	
44.298633  1  25.581049	
46.220801  1  25.573662	
47.502246  1  25.568640	
49.424414  1  25.561564	
50.705859  1  25.556917	
52.628027  1  25.550264	
53.753027  1  25.546452	
54.878027  1  25.542742	
56.003027  1  25.539154	
57.128027  1  25.535630	
57.461361  1  25.534584	
57.528027  1  25.534426	
57.753027  1  25.533884	
58.259277  1  25.532379	
59.398340  1  25.529710	
61.106934  1  25.526836	
62.815527  1  25.524303	
64.524121  1  25.522305	
66.232715  1  25.521271	
67.941309  1  25.521605	
69.649902  1  25.523357	
71.358496  1  25.526442	
73.067090  1  25.530686	
74.775684  1  25.535841	
76.484277  1  25.541585	
78.192871  1  25.547850	
79.901465  1  25.554560	
81.610059  1  25.561563	
83.318652  1  25.568753	
85.027246  1  25.576173	
86.735840  1  25.583816	
88.444434  1  25.591674	
90.153027  1  25.599719	
91.861621  1  25.607882	
93.570215  1  25.616120	
95.278809  1  25.624450	
96.987402  1  25.632888	
98.695996  1  25.641440	
100.404590  1  25.649955	
102.113184  1  25.658603	
103.821777  1  25.667217	
105.530371  1  25.675937	
107.238965  1  25.684861	
108.947559  1  25.693829	
110.656152  1  25.702879	
112.364746  1  25.711832	
114.073340  1  25.720702	
115.781934  1  25.729690	
117.490527  1  25.738727	
119.199121  1  25.747682	
120.907715  1  25.756612	
122.616309  1  25.765583	
124.324902  1  25.774643	
126.033496  1  25.783946	
127.742090  1  25.792913	
129.450684  1  25.802226	
131.159277  1  25.811309	
132.867871  1  25.820661	
134.576465  1  25.829681	
136.285059  1  25.838792	
137.993652  1  25.847944	
139.702246  1  25.856916	
141.410840  1  25.865882	
143.119434  1  25.874850	
144.828027  1  25.883883	
146.536621  1  25.892941	
148.245215  1  25.901920	
149.953809  1  25.910959	
151.662402  1  25.920024	
153.370996  1  25.929141	
155.079590  1  25.938154	
156.788184  1  25.947318	
158.496777  1  25.956128	
160.205371  1  25.964982	
161.913965  1  25.973912	
163.622559  1  25.982889	
165.331152  1  25.991128	
167.039746  1  26.000447	
168.748340  1  26.009430	
170.456934  1  26.018289	
172.165527  1  26.027166	
173.874121  1  26.036096	
175.582715  1  26.045102	
177.291309  1  26.054300	
178.999902  1  26.063660	
180.708496  1  26.073753	
182.417090  1  26.081095	
184.125684  1  26.090783	
185.834277  1  26.100028	
187.542871  1  26.109688	
189.251465  1  26.117993	
190.960059  1  26.127428	
192.668652  1  26.136838	
194.377246  1  26.146115	
196.085840  1  26.153587	
197.794434  1  26.163692	
199.503027  1  26.171609	
201.211621  1  26.181635	
202.920215  1  26.188892	
204.628809  1  26.197455	
206.337402  1  26.207319	
208.045996  1  26.216198	
209.754590  1  26.225840	
211.463184  1  26.235288	
213.171777  1  26.244226	
214.880371  1  26.251158	
216.588965  1  26.260047	
218.297559  1  26.269363	
220.006152  1  26.277936	
221.714746  1  26.287700	
223.423340  1  26.297043	
225.131934  1  26.305004	
226.840527  1  26.315273	
228.549121  1  26.324840	
230.257715  1  26.334431	
231.966309  1  26.344858	
233.674902  1  26.353916	
235.383496  1  26.361590	
237.092090  1  26.371020	
237.661621  1  26.374119	
238.943066  1  26.381280	
240.865234  1  26.390396	
242.787402  1  26.400827	
244.709570  1  26.411255	
246.631738  1  26.421516	
248.553906  1  26.433826	
250.476074  1  26.442970	
252.398242  1  26.453647	
253.038965  1  26.456980	
254.480591  1  26.464358	
255.922217  1  26.471670	
256.402759  1  26.474842	
257.483978  1  26.479964	
259.105807  1  26.488516	
260.727637  1  26.497862	
262.349466  1  26.503029	
263.971295  1  26.511495	
264.511905  1  26.514992	
265.728277  1  26.521296	
267.552835  1  26.530690	
269.377393  1  26.539548	
271.201950  1  26.550993	
273.026508  1  26.559875	
274.851066  1  26.567773	
275.459252  1  26.571168	
276.827671  1  26.578815	
278.196089  1  26.585900	
279.564507  1  26.592700	
280.020647  1  26.594346	
281.046961  1  26.600201	
282.586431  1  26.607321	
283.099588  1  26.610272	
284.254191  1  26.616651	
285.986096  1  26.625137	
287.718000  1  26.632354	
289.449905  1  26.643051	
291.181809  1  26.650807	
292.913714  1  26.657842	
294.645619  1  26.664451	
296.377523  1  26.675261	
298.109428  1  26.682573	
299.841332  1  26.691964	
301.573237  1  26.698917	
303.305141  1  26.709873	
305.037046  1  26.718113	
306.768950  1  26.725909	
308.500855  1  26.733060	
310.232760  1  26.741220	
311.964664  1  26.748424	
313.696569  1  26.757814	
315.428473  1  26.766041	
317.160378  1  26.774446	
318.892282  1  26.782223	
320.624187  1  26.789922	
322.356091  1  26.798363	
324.087996  1  26.804001	
325.819900  1  26.813906	
327.551805  1  26.819196	
329.283710  1  26.827868	
331.015614  1  26.833858	
332.747519  1  26.844786	
334.479423  1  26.852935	
336.211328  1  26.858561	
337.943232  1  26.867733	
339.675137  1  26.874331	
341.407041  1  26.882408	
343.138946  1  26.887972	
344.870850  1  26.898142	
346.602755  1  26.906802	
348.334660  1  26.913457	
350.066564  1  26.922399	
351.798469  1  26.929970	
353.530373  1  26.943581	
354.107675  1  26.943712	
354.540651  1  26.946741	
355.514847  1  26.953052	
356.976142  1  26.961483	
358.437436  1  26.959455	
358.924534  1  26.961174	
360.020505  1  26.964872	
