0.112500  1  0.013250	
0.225000  1  0.013250	
0.337500  1  0.013250	
0.450000  1  0.013250	
0.562500  1  0.013250	
0.675000  1  0.013250	
0.787500  1  0.013250	
0.900000  1  0.013250	
1.012500  1  0.013250	
1.125000  1  0.013250	
1.237500  1  0.013250	
1.350000  1  0.013250	
1.462500  1  0.013250	
1.575000  1  0.013250	
1.687500  1  0.013250	
1.800000  1  0.013250	
1.912500  1  0.013250	
2.025000  1  0.013250	
2.137500  1  0.013250	
2.390625  1  0.013250	
2.960156  1  0.013250	
3.339844  1  0.013250	
4.194141  1  0.013250	
4.763672  1  0.013250	
6.045117  1  0.013250	
6.614648  1  0.013250	
7.896094  1  0.013250	
8.465625  1  0.013250	
9.747070  1  0.013250	
10.316602  1  0.013250	
11.598047  1  0.013250	
12.167578  1  0.013250	
13.449023  1  0.013250	
14.018555  1  0.013250	
15.300000  1  0.013250	
16.154297  1  0.013250	
18.076465  1  0.013250	
18.930762  1  0.013250	
20.852930  1  0.013250	
21.707227  1  0.013250	
23.629395  1  0.013250	
25.551562  1  0.013250	
26.405859  1  0.013250	
28.328027  1  0.013250	
29.182324  1  0.013250	
31.104492  1  0.013250	
31.958789  1  0.013250	
33.880957  1  0.013250	
34.735254  1  0.013250	
36.657422  1  0.013250	
37.511719  1  0.013250	
37.891406  1  0.013250	
38.745703  1  0.013250	
40.667871  1  0.013250	
41.522168  1  0.013250	
43.444336  1  0.013250	
44.298633  1  0.013250	
46.220801  1  0.013250	
47.502246  1  0.013250	
49.424414  1  0.013250	
50.705859  1  0.013250	
52.628027  1  0.013250	
53.753027  1  0.013250	
54.878027  1  0.013250	
56.003027  1  0.013250	
57.128027  1  0.013250	
57.461361  1  0.013250	
57.528027  1  0.013250	
57.753027  1  0.013250	
58.259277  1  0.013250	
59.398340  1  0.013250	
61.106934  1  0.013250	
62.815527  1  0.013250	
64.524121  1  0.013250	
66.232715  1  0.013250	
67.941309  1  0.013250	
69.649902  1  0.013250	
71.358496  1  0.013250	
73.067090  1  0.013250	
74.775684  1  0.013250	
76.484277  1  0.013250	
78.192871  1  0.013250	
79.901465  1  0.013250	
81.610059  1  0.013250	
83.318652  1  0.013250	
85.027246  1  0.013250	
86.735840  1  0.013250	
88.444434  1  0.013250	
90.153027  1  0.013250	
91.861621  1  0.013250	
93.570215  1  0.013250	
95.278809  1  0.013250	
96.987402  1  0.013250	
98.695996  1  0.013250	
100.404590  1  0.013250	
102.113184  1  0.013250	
103.821777  1  0.013250	
105.530371  1  0.013250	
107.238965  1  0.013250	
108.947559  1  0.013250	
110.656152  1  0.013250	
112.364746  1  0.013250	
114.073340  1  0.013250	
115.781934  1  0.013250	
117.490527  1  0.013250	
119.199121  1  0.013250	
120.907715  1  0.013250	
122.616309  1  0.013250	
124.324902  1  0.013250	
126.033496  1  0.013250	
127.742090  1  0.013250	
129.450684  1  0.013250	
131.159277  1  0.013250	
132.867871  1  0.013250	
134.576465  1  0.013250	
136.285059  1  0.013250	
137.993652  1  0.013250	
139.702246  1  0.013250	
141.410840  1  0.013250	
143.119434  1  0.013250	
144.828027  1  0.013250	
146.536621  1  0.013250	
148.245215  1  0.013250	
149.953809  1  0.013250	
151.662402  1  0.013250	
153.370996  1  0.013250	
155.079590  1  0.013250	
156.788184  1  0.013250	
158.496777  1  0.013250	
160.205371  1  0.013250	
161.913965  1  0.013250	
163.622559  1  0.013250	
165.331152  1  0.013250	
167.039746  1  0.013250	
168.748340  1  0.013250	
170.456934  1  0.013250	
172.165527  1  0.013250	
173.874121  1  0.013250	
175.582715  1  0.013250	
177.291309  1  0.013250	
178.999902  1  0.013250	
180.708496  1  0.013250	
182.417090  1  0.013250	
184.125684  1  0.013250	
185.834277  1  0.013250	
187.542871  1  0.013250	
189.251465  1  0.013250	
190.960059  1  0.013250	
192.668652  1  0.013250	
194.377246  1  0.013250	
196.085840  1  0.013250	
197.794434  1  0.013250	
199.503027  1  0.013250	
201.211621  1  0.013250	
202.920215  1  0.013250	
204.628809  1  0.013250	
206.337402  1  0.013250	
208.045996  1  0.013250	
209.754590  1  0.013250	
211.463184  1  0.013250	
213.171777  1  0.013250	
214.880371  1  0.013250	
216.588965  1  0.013250	
218.297559  1  0.013250	
220.006152  1  0.013250	
221.714746  1  0.013250	
223.423340  1  0.013250	
225.131934  1  0.013250	
226.840527  1  0.013250	
228.549121  1  0.013250	
230.257715  1  0.013250	
231.966309  1  0.013250	
233.674902  1  0.013250	
235.383496  1  0.013250	
237.092090  1  0.013250	
237.661621  1  0.013250	
238.943066  1  0.013250	
240.865234  1  0.013250	
242.787402  1  0.013250	
244.709570  1  0.013250	
246.631738  1  0.013250	
248.553906  1  0.013250	
250.476074  1  0.013250	
252.398242  1  0.013250	
253.038965  1  0.013250	
254.480591  1  0.013250	
255.922217  1  0.013250	
256.402759  1  0.013250	
257.483978  1  0.013250	
259.105807  1  0.013250	
260.727637  1  0.013250	
262.349466  1  0.013250	
263.971295  1  0.013250	
264.511905  1  0.013250	
265.728277  1  0.013250	
267.552835  1  0.013250	
269.377393  1  0.013250	
271.201950  1  0.013250	
273.026508  1  0.013250	
274.851066  1  0.013250	
275.459252  1  0.013250	
276.827671  1  0.013250	
278.196089  1  0.013250	
279.564507  1  0.013250	
280.020647  1  0.013250	
281.046961  1  0.013250	
282.586431  1  0.013250	
283.099588  1  0.013250	
284.254191  1  0.013250	
285.986096  1  0.013250	
287.718000  1  0.013250	
289.449905  1  0.013250	
291.181809  1  0.013250	
292.913714  1  0.013250	
294.645619  1  0.013250	
296.377523  1  0.013250	
298.109428  1  0.013250	
299.841332  1  0.013250	
301.573237  1  0.013250	
303.305141  1  0.013250	
305.037046  1  0.013250	
306.768950  1  0.013250	
308.500855  1  0.013250	
310.232760  1  0.013250	
311.964664  1  0.013250	
313.696569  1  0.013250	
315.428473  1  0.013250	
317.160378  1  0.013250	
318.892282  1  0.013250	
320.624187  1  0.013250	
322.356091  1  0.013250	
324.087996  1  0.013250	
325.819900  1  0.013250	
327.551805  1  0.013250	
329.283710  1  0.013250	
331.015614  1  0.013250	
332.747519  1  0.013250	
334.479423  1  0.013250	
336.211328  1  0.013250	
337.943232  1  0.013250	
339.675137  1  0.013250	
341.407041  1  0.013250	
343.138946  1  0.013250	
344.870850  1  0.013250	
346.602755  1  0.013250	
348.334660  1  0.013250	
350.066564  1  0.013250	
351.798469  1  0.013250	
353.530373  1  0.013250	
354.107675  1  0.013250	
354.540651  1  0.013250	
355.514847  1  0.013250	
356.976142  1  0.013250	
358.437436  1  0.013250	
358.924534  1  0.013250	
360.020505  1  0.013250	
