-- number of fracture
20
-- fracture type 1:hydraulic fracture 2: joint
1
2
2
2
2
2
2
2
2
2
2
2
2
2
2
2
2
2
2
2
--  Frac element initial length of boundary elements
0.800000
0.800000
0.800000
0.800000
0.800000
0.800000
0.800000
0.800000
0.800000
0.800000
0.800000
0.800000
0.800000
0.800000
0.800000
0.800000
0.800000
0.800000
0.800000
0.800000
--  locations of Frac start and end
50.000000  97.600000  50.000000  102.400000
44.000000  36.000000  45.000000  82.000000
40.000000  80.000000  60.000000  80.000000
40.000000  120.000000  60.000000  120.000000
32.000000  165.000000  45.000000  165.000000
30.000000  133.000000  44.000000  133.000000
52.000000  125.000000  65.000000  125.000000
56.000000  143.000000  64.000000  143.000000
25.000000  70.000000  47.000000  70.000000
28.000000  42.000000  46.000000  42.000000
54.000000  50.000000  68.000000  50.000000
36.000000  130.000000  37.000000  173.000000
32.000000  35.000000  33.000000  50.000000
43.000000  113.000000  44.000000  144.000000
55.000000  115.000000  56.000000  130.000000
62.000000  115.000000  63.000000  145.000000
60.000000  140.000000  61.000000  163.000000
35.000000  90.000000  40.000000  90.000000
37.000000  60.000000  38.000000  100.000000
56.000000  40.000000  57.000000  83.000000
--   Boundary Value(BC)
0.000000
0.000000
10.000000
10.000000
20.000000
1.000000
10.000000
10.000000
20.000000
1.000000
10.000000
10.000000
20.000000
1.000000
10.000000
10.000000
20.000000
1.000000
10.000000
10.000000
20.000000
1.000000
10.000000
10.000000
20.000000
1.000000
10.000000
10.000000
20.000000
1.000000
10.000000
10.000000
20.000000
1.000000
10.000000
10.000000
20.000000
1.000000
10.000000
10.000000
20.000000
1.000000
10.000000
10.000000
20.000000
1.000000
10.000000
10.000000
20.000000
1.000000
10.000000
10.000000
20.000000
1.000000
10.000000
10.000000
20.000000
1.000000
10.000000
10.000000
20.000000
1.000000
10.000000
10.000000
20.000000
1.000000
10.000000
10.000000
20.000000
1.000000
10.000000
10.000000
20.000000
1.000000
10.000000
10.000000
20.000000
1.000000
