   9.0242460e-01
   9.0242460e-01
   9.3530988e-01
   9.3530988e-01
   9.3132868e-01
   9.3132868e-01
   1.2581379e+00
   1.2581379e+00
   1.2606902e+00
   1.2606902e+00
   1.1285703e+00
   1.1285703e+00
   9.1526024e-01
   1.1039702e+00
   1.5120564e+00
   1.6852009e+00
   1.7174021e+00
   1.6335101e+00
   1.5334872e+00
   1.5767457e+00
   1.8014190e+00
   2.3736862e+01
   1.2430707e+00
   1.2850295e+00
   9.0554295e-01
   9.8869429e-01
   1.0106534e+00
   3.8831736e+01
   9.3203430e-01
   9.1024794e-01
   1.0512332e+00
   9.3339135e-01
   9.4091182e-01
   9.8784020e-01
   9.4008235e-01
   9.6210386e-01
   1.0026133e+00
   9.7313080e-01
   9.5490726e-01
   1.0077150e+00
   9.6563605e-01
   9.2156154e-01
   1.0149403e+00
   9.7543866e-01
   9.7000320e-01
   9.6291780e-01
   1.0209786e+00
   9.0432266e-01
   9.1340675e-01
   9.8624570e-01
   9.2398500e-01
   9.7098011e-01
   9.4851919e-01
   9.9318271e-01
   9.2168504e-01
   1.0521288e+00
   9.6112485e-01
   9.4472540e-01
   1.1329061e+00
   1.0706954e+00
   9.8572196e-01
   1.0256277e+00
   9.3584737e-01
   9.1886594e-01
   9.3750881e-01
   9.9699013e-01
   9.3076570e-01
   9.2415881e-01
   9.3034702e-01
   9.3094850e-01
   1.0001126e+00
   9.8418820e-01
   9.7676440e-01
   1.0239239e+00
   1.0474157e+00
   9.5883040e-01
   1.0412927e+00
   1.0195832e+00
   1.0917282e+00
   9.1438376e-01
   9.0240266e-01
   9.5263090e-01
   9.8332415e-01
   9.9295107e-01
   1.0452807e+00
   9.5408103e-01
   1.0821269e+00
   9.7188692e-01
   1.1184514e+00
   9.9811379e-01
   1.0286719e+00
   9.3706739e-01
   9.2497531e-01
   9.1333556e-01
   9.1112935e-01
   9.0444816e-01
   9.4788832e-01
   9.2658477e-01
   9.9290283e-01
   9.1316428e-01
   9.4928100e-01
   9.1886069e-01
   9.7621145e-01
   9.4892501e-01
   9.5500591e-01
   9.4010710e-01
   9.6453922e-01
   6.1464808e+01
   1.8664655e+00
   1.1418865e+00
   9.4243240e-01
   9.6745703e-01
   1.0136836e+00
   9.6350030e-01
   9.2297825e-01
   9.8839553e-01
   1.0168477e+00
   9.4490612e-01
   9.6916953e-01
   9.4238292e-01
   1.0716625e+00
   1.0084499e+00
   1.1094608e+00
   1.0737295e+00
   1.0449567e+00
   1.0317824e+00
   9.7093117e-01
   1.1941653e+00
   1.0776219e+00
   9.5068467e-01
   1.1101115e+00
   1.0260995e+00
   1.0578304e+00
   1.1288785e+00
   9.5182096e-01
   1.0075146e+00
   9.3189097e-01
   1.0721505e+00
   1.0910380e+00
   1.1818671e+00
   9.2286627e-01
   1.1010608e+00
   9.7840978e-01
   1.0983851e+00
   9.6835957e-01
   1.1696175e+00
   1.1377344e+00
   1.2820012e+00
   1.1317883e+00
   1.0662390e+00
   9.6150791e-01
   1.0973034e+00
   9.7028271e-01
   1.1240736e+00
   1.0312450e+00
   9.7585339e-01
   1.2451069e+00
   1.0625385e+00
   9.7174661e-01
   1.0787450e+00
   8.1795973e+01
   1.0010028e+00
   1.2101296e+00
   1.0041218e+00
   1.0745977e+00
   9.5508869e-01
   9.2432466e-01
   9.7286769e-01
   9.4866369e-01
   9.0312638e-01
   9.1332349e-01
   9.2107425e-01
   9.0270656e-01
   9.2361844e-01
   9.0371316e-01
   9.2645818e-01
   9.0543364e-01
   5.6018774e+00
   1.5152800e+00
   1.0042120e+00
   1.0476542e+00
   9.4626449e+01
   9.0481931e-01
   1.1297451e+00
   1.0363787e+00
   1.1245299e+00
   9.2661860e-01
   9.8521584e-01
   9.3139441e-01
   9.3550667e-01
   9.2386079e-01
   9.4245776e-01
   9.2002697e-01
   9.7591005e-01
   9.1131174e-01
   9.5069868e-01
   9.6023074e-01
   9.1081202e-01
   9.2984557e-01
   9.5345419e-01
   9.3841970e-01
   9.1155235e-01
   9.1005053e-01
   9.1964866e-01
   9.0130816e-01
   9.0475721e-01
   9.0990241e-01
   9.1999962e-01
   9.2699226e-01
   9.0993582e-01
   9.2403886e-01
   9.1184717e-01
   9.0002777e-01
   9.0710043e-01
   9.1260317e-01
   9.0066670e-01
   9.0195829e-01
   0.0000000e+00
