0.022500  1  0.006625	
0.045000  1  0.006625	
0.067500  1  0.006625	
0.090000  1  0.006625	
0.112500  1  0.006625	
0.135000  1  0.006625	
0.157500  1  0.006625	
0.180000  1  0.006625	
0.202500  1  0.006625	
0.225000  1  0.006625	
0.247500  1  0.006625	
0.270000  1  0.006625	
0.292500  1  0.006625	
0.315000  1  0.006625	
0.337500  1  0.006625	
0.360000  1  0.006625	
0.382500  1  0.006625	
0.405000  1  0.006625	
0.427500  1  0.006625	
0.450000  1  0.006625	
0.472500  1  0.006625	
0.495000  1  0.006625	
0.517500  1  0.006625	
0.540000  1  0.006625	
0.562500  1  0.006625	
0.585000  1  0.006625	
0.607500  1  0.006625	
0.630000  1  0.006625	
0.652500  1  0.006625	
0.675000  1  0.006625	
0.697500  1  0.006625	
0.720000  1  0.006625	
0.742500  1  0.006625	
0.765000  1  0.006625	
0.787500  1  0.006625	
0.810000  1  0.006625	
0.832500  1  0.006625	
0.855000  1  0.006625	
0.877500  1  0.006625	
0.900000  1  0.006625	
0.922500  1  0.006625	
0.945000  1  0.006625	
0.967500  1  0.006625	
0.990000  1  0.006625	
1.012500  1  0.006625	
1.035000  1  0.006625	
1.057500  1  0.006625	
1.080000  1  0.006625	
1.102500  1  0.006625	
1.125000  1  0.006625	
1.147500  1  0.006625	
1.170000  1  0.006625	
1.192500  1  0.006625	
1.215000  1  0.006625	
1.237500  1  0.006625	
1.260000  1  0.006625	
1.282500  1  0.006625	
1.305000  1  0.006625	
1.327500  1  0.006625	
1.350000  1  0.006625	
1.372500  1  0.006625	
1.395000  1  0.006625	
1.417500  1  0.006625	
1.440000  1  0.006625	
1.462500  1  0.006625	
1.485000  1  0.006625	
1.507500  1  0.006625	
1.530000  1  0.006625	
1.552500  1  0.006625	
1.575000  1  0.006625	
1.590000  1  0.006625	
1.623750  1  0.006625	
1.699687  1  0.006625	
1.870547  1  0.006625	
2.254980  1  0.006625	
2.425840  1  0.006625	
2.810273  1  0.006625	
3.386924  1  0.006625	
4.251899  1  0.006625	
4.636333  1  0.006625	
5.501309  1  0.006625	
5.885742  1  0.006625	
6.750718  1  0.006625	
7.135151  1  0.006625	
8.000127  1  0.006625	
8.225127  1  0.006625	
8.375127  1  0.006625	
8.600127  1  0.006625	
8.825127  1  0.006625	
9.050127  1  0.006625	
9.275127  1  0.006625	
9.500127  1  0.006625	
9.690760  1  0.006625	
10.069270  1  0.006625	
10.527705  1  0.006625	
11.176502  1  0.006625	
12.016398  1  0.006625	
12.978642  1  0.006625	
13.940886  1  0.006625	
14.919052  1  0.006625	
15.897217  1  0.006625	
16.840959  1  0.006625	
17.717789  1  0.006625	
18.566585  1  0.006625	
19.347349  1  0.006625	
20.127889  1  0.006625	
20.912222  1  0.006625	
21.700533  1  0.006625	
22.487653  1  0.006625	
23.215565  1  0.006625	
23.959280  1  0.006625	
24.143514  1  0.006625	
24.505874  1  0.006625	
24.969739  1  0.006625	
25.586594  1  0.006625	
26.370591  1  0.006625	
27.152240  1  0.006625	
27.877257  1  0.006625	
28.676468  1  0.006625	
29.530961  1  0.006625	
30.385453  1  0.006625	
31.239945  1  0.006625	
32.094437  1  0.006625	
33.086961  1  0.006625	
34.079486  1  0.006625	
35.072010  1  0.006625	
36.064534  1  0.006625	
37.057058  1  0.006625	
38.049582  1  0.006625	
39.042106  1  0.006625	
40.034630  1  0.006625	
41.027154  1  0.006625	
42.019678  1  0.006625	
43.012203  1  0.006625	
44.004727  1  0.006625	
44.997251  1  0.006625	
45.989775  1  0.006625	
46.982299  1  0.006625	
47.974823  1  0.006625	
48.967347  1  0.006625	
49.959871  1  0.006625	
50.952396  1  0.006625	
51.944920  1  0.006625	
52.937444  1  0.006625	
53.929968  1  0.006625	
54.922492  1  0.006625	
55.915016  1  0.006625	
56.907540  1  0.006625	
57.900064  1  0.006625	
58.892588  1  0.006625	
59.885113  1  0.006625	
60.877637  1  0.006625	
61.870161  1  0.006625	
62.862685  1  0.006625	
63.855209  1  0.006625	
64.847733  1  0.006625	
65.840257  1  0.006625	
66.832781  1  0.006625	
67.825306  1  0.006625	
68.817830  1  0.006625	
69.810354  1  0.006625	
70.802878  1  0.006625	
71.795402  1  0.006625	
72.787926  1  0.006625	
73.780450  1  0.006625	
74.772974  1  0.006625	
75.765498  1  0.006625	
76.758023  1  0.006625	
77.750547  1  0.006625	
78.743071  1  0.006625	
79.735595  1  0.006625	
80.728119  1  0.006625	
81.720643  1  0.006625	
82.713167  1  0.006625	
83.705691  1  0.006625	
83.999163  1  0.006625	
84.327476  1  0.006625	
84.720491  1  0.006625	
85.089909  1  0.006625	
85.460946  1  0.006625	
85.860025  1  0.006625	
86.264402  1  0.006625	
86.679760  1  0.006625	
87.103034  1  0.006625	
87.532400  1  0.006625	
87.966691  1  0.006625	
88.402618  1  0.006625	
88.841744  1  0.006625	
89.283086  1  0.006625	
89.725284  1  0.006625	
90.166994  1  0.006625	
90.607159  1  0.006625	
91.045260  1  0.006625	
91.481384  1  0.006625	
91.916061  1  0.006625	
92.349979  1  0.006625	
92.783773  1  0.006625	
93.217949  1  0.006625	
93.652904  1  0.006625	
94.082747  1  0.006625	
94.509964  1  0.006625	
94.936319  1  0.006625	
95.362762  1  0.006625	
95.789714  1  0.006625	
96.217394  1  0.006625	
96.642880  1  0.006625	
97.066731  1  0.006625	
97.489604  1  0.006625	
97.743736  1  0.006625	
98.023221  1  0.006625	
98.363620  1  0.006625	
98.681356  1  0.006625	
99.001437  1  0.006625	
99.327416  1  0.006625	
99.660958  1  0.006625	
100.011797  1  0.006625	
100.368390  1  0.006625	
100.732865  1  0.006625	
101.102432  1  0.006625	
101.474785  1  0.006625	
101.848779  1  0.006625	
102.223899  1  0.006625	
102.600251  1  0.006625	
102.978249  1  0.006625	
103.350978  1  0.006625	
103.732443  1  0.006625	
104.114113  1  0.006625	
104.483581  1  0.006625	
104.867658  1  0.006625	
105.252117  1  0.006625	
105.619963  1  0.006625	
106.003259  1  0.006625	
106.385729  1  0.006625	
106.767660  1  0.006625	
107.149267  1  0.006625	
107.530771  1  0.006625	
107.899606  1  0.006625	
108.258563  1  0.006625	
108.612544  1  0.006625	
108.963317  1  0.006625	
109.312061  1  0.006625	
109.660134  1  0.006625	
110.008343  1  0.006625	
110.357124  1  0.006625	
110.706670  1  0.006625	
111.057027  1  0.006625	
111.408191  1  0.006625	
111.760193  1  0.006625	
112.111973  1  0.006625	
112.463337  1  0.006625	
112.814171  1  0.006625	
113.164244  1  0.006625	
113.513312  1  0.006625	
113.861286  1  0.006625	
114.208290  1  0.006625	
114.554649  1  0.006625	
114.900778  1  0.006625	
115.247067  1  0.006625	
115.592982  1  0.006625	
115.937187  1  0.006625	
116.280323  1  0.006625	
116.622595  1  0.006625	
116.964098  1  0.006625	
117.304969  1  0.006625	
117.645391  1  0.006625	
117.985616  1  0.006625	
118.325911  1  0.006625	
118.666515  1  0.006625	
119.005825  1  0.006625	
119.344132  1  0.006625	
119.681831  1  0.006625	
120.019478  1  0.006625	
120.356859  1  0.006625	
120.693877  1  0.006625	
121.030579  1  0.006625	
121.367108  1  0.006625	
121.703703  1  0.006625	
122.040600  1  0.006625	
122.377981  1  0.006625	
122.715222  1  0.006625	
123.052911  1  0.006625	
123.391039  1  0.006625	
123.729526  1  0.006625	
124.068243  1  0.006625	
124.407011  1  0.006625	
124.745684  1  0.006625	
125.084107  1  0.006625	
125.422173  1  0.006625	
125.759841  1  0.006625	
126.097189  1  0.006625	
126.434921  1  0.006625	
126.773101  1  0.006625	
127.111600  1  0.006625	
127.449007  1  0.006625	
127.785437  1  0.006625	
128.121182  1  0.006625	
128.456551  1  0.006625	
128.791672  1  0.006625	
129.125845  1  0.006625	
129.459499  1  0.006625	
129.792817  1  0.006625	
130.125847  1  0.006625	
130.458614  1  0.006625	
130.791061  1  0.006625	
131.123166  1  0.006625	
131.454941  1  0.006625	
131.786448  1  0.006625	
132.117804  1  0.006625	
132.449166  1  0.006625	
132.780458  1  0.006625	
133.111699  1  0.006625	
133.442784  1  0.006625	
133.773845  1  0.006625	
134.104842  1  0.006625	
134.436452  1  0.006625	
134.768633  1  0.006625	
135.101359  1  0.006625	
135.434580  1  0.006625	
135.768222  1  0.006625	
136.102189  1  0.006625	
136.436421  1  0.006625	
136.770884  1  0.006625	
137.105597  1  0.006625	
137.440646  1  0.006625	
137.776112  1  0.006625	
138.111445  1  0.006625	
138.446781  1  0.006625	
138.782274  1  0.006625	
139.118094  1  0.006625	
139.453633  1  0.006625	
139.789416  1  0.006625	
140.125708  1  0.006625	
140.462653  1  0.006625	
140.800318  1  0.006625	
141.138722  1  0.006625	
141.477873  1  0.006625	
141.817790  1  0.006625	
142.158538  1  0.006625	
142.500228  1  0.006625	
142.842828  1  0.006625	
143.186503  1  0.006625	
143.531040  1  0.006625	
143.876453  1  0.006625	
144.222712  1  0.006625	
144.569836  1  0.006625	
144.917810  1  0.006625	
145.266766  1  0.006625	
145.616666  1  0.006625	
145.967937  1  0.006625	
146.320600  1  0.006625	
146.674657  1  0.006625	
147.030066  1  0.006625	
147.386744  1  0.006625	
147.744614  1  0.006625	
148.103585  1  0.006625	
148.463660  1  0.006625	
148.824920  1  0.006625	
149.187642  1  0.006625	
149.551257  1  0.006625	
149.915714  1  0.006625	
150.281365  1  0.006625	
150.647646  1  0.006625	
151.014934  1  0.006625	
151.383342  1  0.006625	
151.753006  1  0.006625	
152.123917  1  0.006625	
152.496032  1  0.006625	
152.869326  1  0.006625	
153.243830  1  0.006625	
153.619475  1  0.006625	
153.996490  1  0.006625	
154.374661  1  0.006625	
154.753592  1  0.006625	
155.134021  1  0.006625	
155.515923  1  0.006625	
155.899321  1  0.006625	
156.284191  1  0.006625	
156.670516  1  0.006625	
157.058120  1  0.006625	
157.446916  1  0.006625	
157.836888  1  0.006625	
158.228605  1  0.006625	
158.621141  1  0.006625	
159.014547  1  0.006625	
159.409312  1  0.006625	
159.804604  1  0.006625	
160.200868  1  0.006625	
160.598335  1  0.006625	
160.997127  1  0.006625	
161.397285  1  0.006625	
161.798790  1  0.006625	
162.201620  1  0.006625	
162.605794  1  0.006625	
163.011156  1  0.006625	
163.418125  1  0.006625	
163.826391  1  0.006625	
164.235141  1  0.006625	
164.644220  1  0.006625	
165.053648  1  0.006625	
165.463366  1  0.006625	
165.873403  1  0.006625	
166.283725  1  0.006625	
166.694268  1  0.006625	
167.104965  1  0.006625	
167.515777  1  0.006625	
167.926598  1  0.006625	
168.337499  1  0.006625	
168.748397  1  0.006625	
169.159073  1  0.006625	
169.569627  1  0.006625	
169.980108  1  0.006625	
170.390644  1  0.006625	
170.801380  1  0.006625	
171.212329  1  0.006625	
171.623506  1  0.006625	
172.034915  1  0.006625	
172.446557  1  0.006625	
172.858631  1  0.006625	
173.271109  1  0.006625	
173.683946  1  0.006625	
174.097149  1  0.006625	
174.510808  1  0.006625	
174.924969  1  0.006625	
175.339625  1  0.006625	
175.754754  1  0.006625	
176.170315  1  0.006625	
176.586245  1  0.006625	
177.002486  1  0.006625	
177.419007  1  0.006625	
177.835725  1  0.006625	
178.252542  1  0.006625	
178.669474  1  0.006625	
179.086414  1  0.006625	
179.503404  1  0.006625	
179.920550  1  0.006625	
180.337866  1  0.006625	
180.755541  1  0.006625	
181.173591  1  0.006625	
181.592001  1  0.006625	
182.010744  1  0.006625	
182.429834  1  0.006625	
182.849412  1  0.006625	
183.269434  1  0.006625	
183.689743  1  0.006625	
184.110541  1  0.006625	
184.531814  1  0.006625	
184.953529  1  0.006625	
185.375659  1  0.006625	
185.798167  1  0.006625	
186.221071  1  0.006625	
186.644232  1  0.006625	
187.067600  1  0.006625	
187.491319  1  0.006625	
187.915223  1  0.006625	
188.339407  1  0.006625	
188.763985  1  0.006625	
189.188171  1  0.006625	
189.612077  1  0.006625	
190.035941  1  0.006625	
190.459952  1  0.006625	
190.884234  1  0.006625	
191.308858  1  0.006625	
191.733883  1  0.006625	
192.159365  1  0.006625	
192.585321  1  0.006625	
193.011750  1  0.006625	
193.438647  1  0.006625	
193.866017  1  0.006625	
194.293833  1  0.006625	
194.486250  1  0.006625	
194.911619  1  0.006625	
195.341157  1  0.006625	
195.771967  1  0.006625	
196.203703  1  0.006625	
196.637136  1  0.006625	
197.067618  1  0.006625	
197.497495  1  0.006625	
197.928044  1  0.006625	
198.358303  1  0.006625	
198.789869  1  0.006625	
199.224008  1  0.006625	
199.659601  1  0.006625	
200.096832  1  0.006625	
200.533117  1  0.006625	
200.972032  1  0.006625	
201.413343  1  0.006625	
201.855774  1  0.006625	
202.300185  1  0.006625	
202.744989  1  0.006625	
203.191245  1  0.006625	
203.639861  1  0.006625	
204.090434  1  0.006625	
204.542940  1  0.006625	
204.995678  1  0.006625	
205.450046  1  0.006625	
205.906745  1  0.006625	
206.365476  1  0.006625	
206.826101  1  0.006625	
207.288119  1  0.006625	
207.751528  1  0.006625	
208.215877  1  0.006625	
208.679062  1  0.006625	
209.142828  1  0.006625	
209.608738  1  0.006625	
210.076546  1  0.006625	
210.546245  1  0.006625	
211.017433  1  0.006625	
211.489148  1  0.006625	
211.962060  1  0.006625	
212.434130  1  0.006625	
212.905909  1  0.006625	
213.380280  1  0.006625	
213.857142  1  0.006625	
214.335717  1  0.006625	
214.815757  1  0.006625	
215.296631  1  0.006625	
215.778099  1  0.006625	
216.260311  1  0.006625	
216.740925  1  0.006625	
217.220580  1  0.006625	
217.702404  1  0.006625	
218.186499  1  0.006625	
218.672079  1  0.006625	
219.159073  1  0.006625	
219.646969  1  0.006625	
220.135250  1  0.006625	
220.624019  1  0.006625	
221.112856  1  0.006625	
221.598947  1  0.006625	
222.084656  1  0.006625	
222.572312  1  0.006625	
223.061520  1  0.006625	
223.552657  1  0.006625	
224.045053  1  0.006625	
224.538702  1  0.006625	
225.033400  1  0.006625	
225.528342  1  0.006625	
226.023697  1  0.006625	
226.518921  1  0.006625	
227.011295  1  0.006625	
227.500910  1  0.006625	
227.993937  1  0.006625	
228.490448  1  0.006625	
228.989716  1  0.006625	
229.490803  1  0.006625	
229.992658  1  0.006625	
230.495348  1  0.006625	
230.998117  1  0.006625	
231.500880  1  0.006625	
232.004032  1  0.006625	
232.507389  1  0.006625	
233.010657  1  0.006625	
233.510153  1  0.006625	
234.005591  1  0.006625	
234.504808  1  0.006625	
235.007922  1  0.006625	
235.513944  1  0.006625	
236.021406  1  0.006625	
236.530527  1  0.006625	
237.040395  1  0.006625	
237.550295  1  0.006625	
238.059940  1  0.006625	
238.570185  1  0.006625	
239.080716  1  0.006625	
239.587205  1  0.006625	
240.091096  1  0.006625	
240.597862  1  0.006625	
241.107844  1  0.006625	
241.620012  1  0.006625	
242.133409  1  0.006625	
242.648022  1  0.006625	
243.164380  1  0.006625	
243.682299  1  0.006625	
244.200515  1  0.006625	
244.711725  1  0.006625	
245.223855  1  0.006625	
245.738165  1  0.006625	
246.255989  1  0.006625	
246.776324  1  0.006625	
247.298893  1  0.006625	
247.822814  1  0.006625	
248.346838  1  0.006625	
248.871761  1  0.006625	
249.396958  1  0.006625	
249.922087  1  0.006625	
250.446737  1  0.006625	
250.966987  1  0.006625	
251.486334  1  0.006625	
252.008346  1  0.006625	
252.532317  1  0.006625	
253.059007  1  0.006625	
253.587657  1  0.006625	
254.118438  1  0.006625	
254.649820  1  0.006625	
255.181339  1  0.006625	
255.710139  1  0.006625	
256.237053  1  0.006625	
256.767709  1  0.006625	
257.300884  1  0.006625	
257.837266  1  0.006625	
258.374671  1  0.006625	
258.913188  1  0.006625	
259.452124  1  0.006625	
259.991127  1  0.006625	
260.527765  1  0.006625	
261.063050  1  0.006625	
261.601698  1  0.006625	
262.142369  1  0.006625	
262.685465  1  0.006625	
263.229407  1  0.006625	
263.773810  1  0.006625	
264.315434  1  0.006625	
264.855377  1  0.006625	
265.399540  1  0.006625	
265.946119  1  0.006625	
266.495758  1  0.006625	
267.046889  1  0.006625	
267.598748  1  0.006625	
268.146936  1  0.006625	
268.694007  1  0.006625	
269.244696  1  0.006625	
269.797218  1  0.006625	
270.353454  1  0.006625	
270.910626  1  0.006625	
271.469896  1  0.006625	
272.024088  1  0.006625	
272.577607  1  0.006625	
273.134961  1  0.006625	
273.694755  1  0.006625	
274.257528  1  0.006625	
274.816914  1  0.006625	
275.375928  1  0.006625	
275.940272  1  0.006625	
276.506839  1  0.006625	
277.077494  1  0.006625	
277.644340  1  0.006625	
278.212176  1  0.006625	
278.784028  1  0.006625	
279.354278  1  0.006625	
279.923423  1  0.006625	
280.499923  1  0.006625	
281.073639  1  0.006625	
281.654065  1  0.006625	
282.234491  1  0.006625	
282.817767  1  0.006625	
283.406559  1  0.006625	
283.995020  1  0.006625	
284.581943  1  0.006625	
285.169283  1  0.006625	
285.759144  1  0.006625	
286.359274  1  0.006625	
286.966362  1  0.006625	
287.576672  1  0.006625	
288.187397  1  0.006625	
288.796552  1  0.006625	
289.402796  1  0.006625	
290.005281  1  0.006625	
290.603518  1  0.006625	
291.197298  1  0.006625	
291.786579  1  0.006625	
292.371308  1  0.006625	
292.950764  1  0.006625	
293.525437  1  0.006625	
294.095769  1  0.006625	
294.662163  1  0.006625	
295.224926  1  0.006625	
295.784375  1  0.006625	
296.340796  1  0.006625	
296.894519  1  0.006625	
297.445789  1  0.006625	
297.994866  1  0.006625	
298.218110  1  0.006625	
298.657905  1  0.006625	
299.203671  1  0.006625	
299.748182  1  0.006625	
300.291387  1  0.006625	
300.833500  1  0.006625	
301.374329  1  0.006625	
301.914195  1  0.006625	
302.450071  1  0.006625	
302.983570  1  0.006625	
303.515680  1  0.006625	
304.046353  1  0.006625	
304.576432  1  0.006625	
305.106463  1  0.006625	
305.636156  1  0.006625	
306.166082  1  0.006625	
306.696581  1  0.006625	
307.226771  1  0.006625	
307.757222  1  0.006625	
308.288313  1  0.006625	
308.820253  1  0.006625	
309.351865  1  0.006625	
309.883162  1  0.006625	
310.413961  1  0.006625	
310.944265  1  0.006625	
311.474104  1  0.006625	
312.003505  1  0.006625	
312.532496  1  0.006625	
313.061234  1  0.006625	
313.589537  1  0.006625	
314.117431  1  0.006625	
314.644980  1  0.006625	
315.172190  1  0.006625	
315.699107  1  0.006625	
316.225774  1  0.006625	
316.752242  1  0.006625	
317.278581  1  0.006625	
317.804814  1  0.006625	
318.331110  1  0.006625	
318.857346  1  0.006625	
319.383493  1  0.006625	
319.909588  1  0.006625	
320.435670  1  0.006625	
320.961783  1  0.006625	
321.487981  1  0.006625	
322.014341  1  0.006625	
322.540894  1  0.006625	
323.067705  1  0.006625	
323.594835  1  0.006625	
324.122342  1  0.006625	
324.650400  1  0.006625	
325.178867  1  0.006625	
325.707655  1  0.006625	
326.236770  1  0.006625	
326.766225  1  0.006625	
327.296048  1  0.006625	
327.826278  1  0.006625	
328.356964  1  0.006625	
328.888160  1  0.006625	
329.419940  1  0.006625	
329.952323  1  0.006625	
330.485361  1  0.006625	
331.019104  1  0.006625	
331.553598  1  0.006625	
332.089022  1  0.006625	
332.625212  1  0.006625	
333.162026  1  0.006625	
333.699453  1  0.006625	
334.237498  1  0.006625	
334.776193  1  0.006625	
335.315586  1  0.006625	
335.855737  1  0.006625	
336.396709  1  0.006625	
336.938566  1  0.006625	
337.481372  1  0.006625	
338.025205  1  0.006625	
338.570081  1  0.006625	
339.115947  1  0.006625	
339.662337  1  0.006625	
340.209093  1  0.006625	
340.756090  1  0.006625	
341.303330  1  0.006625	
341.850850  1  0.006625	
342.398715  1  0.006625	
342.947004  1  0.006625	
343.495803  1  0.006625	
344.045187  1  0.006625	
344.595201  1  0.006625	
345.145916  1  0.006625	
345.697402  1  0.006625	
346.249722  1  0.006625	
346.802943  1  0.006625	
347.357149  1  0.006625	
347.912152  1  0.006625	
348.467816  1  0.006625	
349.024131  1  0.006625	
349.581156  1  0.006625	
350.138987  1  0.006625	
350.697695  1  0.006625	
351.257387  1  0.006625	
351.818173  1  0.006625	
352.380135  1  0.006625	
352.943365  1  0.006625	
353.507942  1  0.006625	
354.073989  1  0.006625	
354.641290  1  0.006625	
355.209708  1  0.006625	
355.779254  1  0.006625	
356.349972  1  0.006625	
356.921981  1  0.006625	
357.495418  1  0.006625	
358.070424  1  0.006625	
358.647110  1  0.006625	
359.225591  1  0.006625	
359.805457  1  0.006625	
360.386409  1  0.006625	
360.968364  1  0.006625	
361.551375  1  0.006625	
362.135542  1  0.006625	
362.721030  1  0.006625	
363.307988  1  0.006625	
363.896574  1  0.006625	
364.486925  1  0.006625	
365.079162  1  0.006625	
365.673309  1  0.006625	
366.269125  1  0.006625	
366.866475  1  0.006625	
367.465461  1  0.006625	
368.066272  1  0.006625	
368.669113  1  0.006625	
369.274173  1  0.006625	
369.881522  1  0.006625	
370.490947  1  0.006625	
371.102360  1  0.006625	
371.715907  1  0.006625	
372.331815  1  0.006625	
372.950329  1  0.006625	
373.571544  1  0.006625	
374.195041  1  0.006625	
374.820473  1  0.006625	
375.448048  1  0.006625	
376.078049  1  0.006625	
376.710494  1  0.006625	
377.345237  1  0.006625	
377.982342  1  0.006625	
378.622036  1  0.006625	
379.264356  1  0.006625	
379.909212  1  0.006625	
380.556745  1  0.006625	
381.207236  1  0.006625	
381.860734  1  0.006625	
382.517036  1  0.006625	
383.176311  1  0.006625	
383.838857  1  0.006625	
384.504783  1  0.006625	
385.173663  1  0.006625	
385.845535  1  0.006625	
386.520256  1  0.006625	
387.197564  1  0.006625	
387.877661  1  0.006625	
388.560385  1  0.006625	
389.245631  1  0.006625	
389.933646  1  0.006625	
390.624967  1  0.006625	
391.320241  1  0.006625	
392.019987  1  0.006625	
392.724590  1  0.006625	
393.434332  1  0.006625	
394.149424  1  0.006625	
394.870051  1  0.006625	
395.596384  1  0.006625	
396.328579  1  0.006625	
397.066769  1  0.006625	
397.811084  1  0.006625	
398.561661  1  0.006625	
399.318648  1  0.006625	
400.082059  1  0.006625	
400.851727  1  0.006625	
401.627786  1  0.006625	
402.410383  1  0.006625	
403.199669  1  0.006625	
403.995778  1  0.006625	
404.798839  1  0.006625	
405.608997  1  0.006625	
406.426408  1  0.006625	
407.251215  1  0.006625	
408.083549  1  0.006625	
408.923558  1  0.006625	
409.771401  1  0.006625	
410.627231  1  0.006625	
411.491182  1  0.006625	
412.363408  1  0.006625	
413.244076  1  0.006625	
414.133342  1  0.006625	
415.031306  1  0.006625	
415.937821  1  0.006625	
416.853062  1  0.006625	
417.777184  1  0.006625	
418.710346  1  0.006625	
419.652728  1  0.006625	
420.604517  1  0.006625	
421.565870  1  0.006625	
422.536976  1  0.006625	
423.518040  1  0.006625	
424.509264  1  0.006625	
425.500489  1  0.006625	
426.491713  1  0.006625	
427.482937  1  0.006625	
428.474161  1  0.006625	
428.686633  1  0.006625	
428.920802  1  0.006625	
429.203732  1  0.006625	
429.480762  1  0.006625	
429.766145  1  0.006625	
430.063321  1  0.006625	
430.373817  1  0.006625	
430.695025  1  0.006625	
431.027224  1  0.006625	
431.372762  1  0.006625	
431.727624  1  0.006625	
432.085580  1  0.006625	
432.428273  1  0.006625	
432.778106  1  0.006625	
433.125949  1  0.006625	
433.479164  1  0.006625	
433.837494  1  0.006625	
434.200301  1  0.006625	
434.566701  1  0.006625	
434.935560  1  0.006625	
435.305793  1  0.006625	
435.676501  1  0.006625	
436.047143  1  0.006625	
436.417564  1  0.006625	
436.787900  1  0.006625	
437.158428  1  0.006625	
437.529441  1  0.006625	
437.901190  1  0.006625	
438.273875  1  0.006625	
438.647662  1  0.006625	
439.017331  1  0.006625	
439.385904  1  0.006625	
439.754379  1  0.006625	
440.123205  1  0.006625	
440.492617  1  0.006625	
440.862758  1  0.006625	
441.233735  1  0.006625	
441.605648  1  0.006625	
441.976260  1  0.006625	
442.346406  1  0.006625	
442.716431  1  0.006625	
443.086591  1  0.006625	
443.457113  1  0.006625	
443.828181  1  0.006625	
444.199936  1  0.006625	
444.572488  1  0.006625	
444.945932  1  0.006625	
445.320353  1  0.006625	
445.694438  1  0.006625	
446.069470  1  0.006625	
446.445569  1  0.006625	
446.822687  1  0.006625	
447.200731  1  0.006625	
447.579577  1  0.006625	
447.959084  1  0.006625	
448.339153  1  0.006625	
448.712971  1  0.006625	
449.061612  1  0.006625	
449.399754  1  0.006625	
449.732913  1  0.006625	
450.063545  1  0.006625	
450.392948  1  0.006625	
450.721917  1  0.006625	
451.050973  1  0.006625	
451.380041  1  0.006625	
451.708208  1  0.006625	
452.035743  1  0.006625	
452.363063  1  0.006625	
452.690525  1  0.006625	
453.018367  1  0.006625	
453.346265  1  0.006625	
453.673385  1  0.006625	
454.000365  1  0.006625	
454.327392  1  0.006625	
454.654457  1  0.006625	
454.981464  1  0.006625	
455.308272  1  0.006625	
455.634742  1  0.006625	
455.960777  1  0.006625	
456.286368  1  0.006625	
456.611608  1  0.006625	
456.936673  1  0.006625	
457.261770  1  0.006625	
457.587101  1  0.006625	
457.911106  1  0.006625	
458.233749  1  0.006625	
458.555540  1  0.006625	
458.877054  1  0.006625	
459.198109  1  0.006625	
459.518552  1  0.006625	
459.838487  1  0.006625	
460.158084  1  0.006625	
460.477569  1  0.006625	
460.797158  1  0.006625	
461.117022  1  0.006625	
461.436527  1  0.006625	
461.756375  1  0.006625	
462.076566  1  0.006625	
462.397047  1  0.006625	
462.717746  1  0.006625	
463.039781  1  0.006625	
463.361648  1  0.006625	
463.683264  1  0.006625	
464.004526  1  0.006625	
464.325362  1  0.006625	
464.645759  1  0.006625	
464.965769  1  0.006625	
465.285495  1  0.006625	
465.605065  1  0.006625	
465.924618  1  0.006625	
466.243316  1  0.006625	
466.561304  1  0.006625	
466.878769  1  0.006625	
467.195928  1  0.006625	
467.512979  1  0.006625	
467.829852  1  0.006625	
468.145583  1  0.006625	
468.460881  1  0.006625	
468.776021  1  0.006625	
469.091106  1  0.006625	
469.406156  1  0.006625	
469.721156  1  0.006625	
470.036082  1  0.006625	
470.350929  1  0.006625	
470.665732  1  0.006625	
470.980578  1  0.006625	
471.295592  1  0.006625	
471.610437  1  0.006625	
471.925079  1  0.006625	
472.239484  1  0.006625	
472.553870  1  0.006625	
472.868294  1  0.006625	
473.182592  1  0.006625	
473.496797  1  0.006625	
473.811046  1  0.006625	
474.125544  1  0.006625	
474.440093  1  0.006625	
474.755401  1  0.006625	
475.071338  1  0.006625	
475.387843  1  0.006625	
475.704840  1  0.006625	
476.022238  1  0.006625	
476.339938  1  0.006625	
476.657857  1  0.006625	
476.975959  1  0.006625	
477.294284  1  0.006625	
477.612941  1  0.006625	
477.932269  1  0.006625	
478.251500  1  0.006625	
478.570767  1  0.006625	
478.890222  1  0.006625	
479.210577  1  0.006625	
479.530366  1  0.006625	
479.850356  1  0.006625	
480.170841  1  0.006625	
480.491929  1  0.006625	
480.813638  1  0.006625	
481.135940  1  0.006625	
481.458812  1  0.006625	
481.782266  1  0.006625	
482.106380  1  0.006625	
482.430772  1  0.006625	
482.755803  1  0.006625	
483.081229  1  0.006625	
483.407156  1  0.006625	
483.733805  1  0.006625	
484.060927  1  0.006625	
484.388508  1  0.006625	
484.716679  1  0.006625	
485.044977  1  0.006625	
485.374632  1  0.006625	
485.705498  1  0.006625	
486.037532  1  0.006625	
486.370654  1  0.006625	
486.704743  1  0.006625	
487.039661  1  0.006625	
487.375317  1  0.006625	
487.711713  1  0.006625	
488.049581  1  0.006625	
488.387739  1  0.006625	
488.726396  1  0.006625	
489.065666  1  0.006625	
489.406854  1  0.006625	
489.747895  1  0.006625	
490.089597  1  0.006625	
490.432213  1  0.006625	
490.775815  1  0.006625	
491.120379  1  0.006625	
491.465862  1  0.006625	
491.812257  1  0.006625	
492.159643  1  0.006625	
492.507560  1  0.006625	
492.856598  1  0.006625	
493.206420  1  0.006625	
493.557166  1  0.006625	
493.908689  1  0.006625	
494.260974  1  0.006625	
494.614128  1  0.006625	
494.967760  1  0.006625	
495.322983  1  0.006625	
495.679736  1  0.006625	
496.038010  1  0.006625	
496.397714  1  0.006625	
496.758690  1  0.006625	
497.120782  1  0.006625	
497.483935  1  0.006625	
497.848911  1  0.006625	
498.214561  1  0.006625	
498.581022  1  0.006625	
498.949387  1  0.006625	
499.317983  1  0.006625	
499.687539  1  0.006625	
500.058309  1  0.006625	
500.429941  1  0.006625	
500.802109  1  0.006625	
501.174781  1  0.006625	
501.547946  1  0.006625	
501.921606  1  0.006625	
502.295854  1  0.006625	
502.670580  1  0.006625	
503.045553  1  0.006625	
503.421182  1  0.006625	
503.797590  1  0.006625	
504.174836  1  0.006625	
504.552920  1  0.006625	
504.931773  1  0.006625	
505.311303  1  0.006625	
505.691467  1  0.006625	
506.072565  1  0.006625	
506.454268  1  0.006625	
506.836484  1  0.006625	
507.219628  1  0.006625	
507.603091  1  0.006625	
507.987081  1  0.006625	
508.371783  1  0.006625	
508.757275  1  0.006625	
509.143559  1  0.006625	
509.530615  1  0.006625	
509.918234  1  0.006625	
510.306791  1  0.006625	
510.696140  1  0.006625	
511.085698  1  0.006625	
511.476338  1  0.006625	
511.868125  1  0.006625	
512.261099  1  0.006625	
512.655242  1  0.006625	
513.050459  1  0.006625	
513.446634  1  0.006625	
513.844237  1  0.006625	
514.242581  1  0.006625	
514.641640  1  0.006625	
515.042202  1  0.006625	
515.443076  1  0.006625	
515.844559  1  0.006625	
516.246888  1  0.006625	
516.650185  1  0.006625	
517.054489  1  0.006625	
517.459798  1  0.006625	
517.865707  1  0.006625	
518.272880  1  0.006625	
518.681126  1  0.006625	
519.089454  1  0.006625	
519.499320  1  0.006625	
519.910691  1  0.006625	
520.323561  1  0.006625	
520.737875  1  0.006625	
521.153494  1  0.006625	
521.570282  1  0.006625	
521.988947  1  0.006625	
522.408559  1  0.006625	
522.829096  1  0.006625	
523.250650  1  0.006625	
523.673255  1  0.006625	
524.096865  1  0.006625	
524.522014  1  0.006625	
524.947910  1  0.006625	
525.374846  1  0.006625	
525.803019  1  0.006625	
526.232505  1  0.006625	
526.663290  1  0.006625	
527.095329  1  0.006625	
527.528405  1  0.006625	
527.962934  1  0.006625	
528.398042  1  0.006625	
528.834698  1  0.006625	
529.272836  1  0.006625	
529.712511  1  0.006625	
530.153727  1  0.006625	
530.596397  1  0.006625	
531.040403  1  0.006625	
531.485706  1  0.006625	
531.931994  1  0.006625	
532.379543  1  0.006625	
532.827752  1  0.006625	
533.276626  1  0.006625	
533.726323  1  0.006625	
534.176966  1  0.006625	
534.628616  1  0.006625	
535.081278  1  0.006625	
535.534799  1  0.006625	
535.989530  1  0.006625	
536.444823  1  0.006625	
536.901458  1  0.006625	
537.359493  1  0.006625	
537.818925  1  0.006625	
538.279716  1  0.006625	
538.741767  1  0.006625	
539.205502  1  0.006625	
539.670284  1  0.006625	
540.136004  1  0.006625	
540.603371  1  0.006625	
541.071342  1  0.006625	
541.540039  1  0.006625	
542.009674  1  0.006625	
542.480389  1  0.006625	
542.952239  1  0.006625	
543.424838  1  0.006625	
543.898826  1  0.006625	
544.374181  1  0.006625	
544.850826  1  0.006625	
545.328648  1  0.006625	
545.807143  1  0.006625	
546.286940  1  0.006625	
546.768133  1  0.006625	
547.250781  1  0.006625	
547.734875  1  0.006625	
548.220414  1  0.006625	
548.707335  1  0.006625	
549.195622  1  0.006625	
549.685211  1  0.006625	
549.872746  1  0.006625	
550.246357  1  0.006625	
550.696261  1  0.006625	
551.191870  1  0.006625	
551.690382  1  0.006625	
552.190756  1  0.006625	
552.693400  1  0.006625	
553.197888  1  0.006625	
553.702510  1  0.006625	
554.207353  1  0.006625	
554.714818  1  0.006625	
555.222305  1  0.006625	
555.730962  1  0.006625	
556.239695  1  0.006625	
556.751289  1  0.006625	
557.265042  1  0.006625	
557.779075  1  0.006625	
558.293093  1  0.006625	
558.807713  1  0.006625	
559.323562  1  0.006625	
559.841299  1  0.006625	
560.360925  1  0.006625	
560.882770  1  0.006625	
561.408029  1  0.006625	
561.934839  1  0.006625	
562.462368  1  0.006625	
562.991394  1  0.006625	
563.522708  1  0.006625	
564.056945  1  0.006625	
564.594192  1  0.006625	
565.134766  1  0.006625	
565.679331  1  0.006625	
566.225623  1  0.006625	
566.772858  1  0.006625	
567.322274  1  0.006625	
567.874708  1  0.006625	
568.430369  1  0.006625	
568.989558  1  0.006625	
569.551882  1  0.006625	
570.117666  1  0.006625	
570.687240  1  0.006625	
571.260522  1  0.006625	
571.835424  1  0.006625	
572.411629  1  0.006625	
572.990275  1  0.006625	
573.572190  1  0.006625	
574.158072  1  0.006625	
574.748189  1  0.006625	
575.342640  1  0.006625	
575.941741  1  0.006625	
576.545627  1  0.006625	
577.153010  1  0.006625	
577.760800  1  0.006625	
578.369486  1  0.006625	
578.981699  1  0.006625	
579.598231  1  0.006625	
580.219626  1  0.006625	
580.846187  1  0.006625	
581.477769  1  0.006625	
582.108452  1  0.006625	
582.738770  1  0.006625	
583.368218  1  0.006625	
583.996350  1  0.006625	
584.623281  1  0.006625	
585.249140  1  0.006625	
585.874032  1  0.006625	
586.497942  1  0.006625	
587.120952  1  0.006625	
587.743645  1  0.006625	
588.365558  1  0.006625	
588.986348  1  0.006625	
589.606068  1  0.006625	
590.224731  1  0.006625	
590.842451  1  0.006625	
591.459819  1  0.006625	
592.076928  1  0.006625	
592.692720  1  0.006625	
593.307294  1  0.006625	
593.920894  1  0.006625	
594.533691  1  0.006625	
595.145780  1  0.006625	
595.757978  1  0.006625	
596.369341  1  0.006625	
596.979754  1  0.006625	
597.589218  1  0.006625	
598.198316  1  0.006625	
598.807005  1  0.006625	
599.414634  1  0.006625	
600.021310  1  0.000000	
600.612948  1  0.015900	
601.181629  1  0.015900	
601.726863  1  0.015900	
602.250989  1  0.015900	
602.756584  1  0.015900	
603.245827  1  0.015900	
603.720652  1  0.015900	
604.182272  1  0.015900	
604.632361  1  0.015900	
605.072174  1  0.015900	
605.502493  1  0.015900	
605.924326  1  0.015900	
606.338807  1  0.015900	
606.746577  1  0.015900	
607.148135  1  0.015900	
607.544260  1  0.015900	
607.935521  1  0.015900	
608.322340  1  0.015900	
608.704828  1  0.015900	
609.083409  1  0.015900	
609.458527  1  0.015900	
609.830548  1  0.015900	
610.199762  1  0.015900	
610.566408  1  0.015900	
610.930691  1  0.015900	
611.292793  1  0.015900	
611.652879  1  0.015900	
612.011104  1  0.015900	
612.367608  1  0.015900	
612.722524  1  0.015900	
613.075975  1  0.015900	
613.428075  1  0.015900	
613.778931  1  0.015900	
614.128641  1  0.015900	
614.477297  1  0.015900	
614.824985  1  0.015900	
615.171783  1  0.015900	
615.517766  1  0.015900	
615.863000  1  0.015900	
616.207549  1  0.015900	
616.551470  1  0.015900	
616.894818  1  0.015900	
617.237641  1  0.015900	
617.579986  1  0.015900	
617.921894  1  0.015900	
618.263405  1  0.015900	
618.604554  1  0.015900	
618.945374  1  0.015900	
619.285896  1  0.015900	
619.626147  1  0.015900	
619.966152  1  0.015900	
620.305936  1  0.015900	
620.645519  1  0.015900	
620.984920  1  0.015900	
621.324158  1  0.015900	
621.663248  1  0.015900	
622.002206  1  0.015900	
622.341044  1  0.015900	
622.679775  1  0.015900	
623.018409  1  0.015900	
623.356957  1  0.015900	
623.695427  1  0.015900	
624.033828  1  0.015900	
624.372166  1  0.015900	
624.710449  1  0.015900	
625.048681  1  0.015900	
625.386870  1  0.015900	
625.725019  1  0.015900	
626.063132  1  0.015900	
626.401213  1  0.015900	
626.739267  1  0.015900	
627.077296  1  0.015900	
627.415303  1  0.015900	
627.753290  1  0.015900	
628.091262  1  0.015900	
628.429219  1  0.015900	
628.767164  1  0.015900	
629.105099  1  0.015900	
629.443027  1  0.015900	
629.780949  1  0.015900	
630.118868  1  0.015900	
630.456786  1  0.015900	
630.794705  1  0.015900	
631.132626  1  0.015900	
631.470553  1  0.015900	
631.808487  1  0.015900	
632.146432  1  0.015900	
632.484389  1  0.015900	
632.822362  1  0.015900	
633.160353  1  0.015900	
633.498364  1  0.015900	
633.836400  1  0.015900	
634.174464  1  0.015900	
634.512558  1  0.015900	
634.850687  1  0.015900	
635.188855  1  0.015900	
635.527064  1  0.015900	
635.865320  1  0.015900	
636.203627  1  0.015900	
636.541990  1  0.015900	
636.880412  1  0.015900	
637.218899  1  0.015900	
637.557456  1  0.015900	
637.896088  1  0.015900	
638.234800  1  0.015900	
638.573598  1  0.015900	
638.912489  1  0.015900	
639.251477  1  0.015900	
639.590569  1  0.015900	
639.929771  1  0.015900	
640.269090  1  0.015900	
640.608532  1  0.015900	
640.948105  1  0.015900	
641.287816  1  0.015900	
641.627672  1  0.015900	
641.967679  1  0.015900	
642.307847  1  0.015900	
642.648182  1  0.015900	
642.988692  1  0.015900	
643.329386  1  0.015900	
643.670272  1  0.015900	
644.011357  1  0.015900	
644.352651  1  0.015900	
644.694163  1  0.015900	
645.035900  1  0.015900	
645.377872  1  0.015900	
645.720088  1  0.015900	
646.062558  1  0.015900	
646.405290  1  0.015900	
646.748294  1  0.015900	
647.091580  1  0.015900	
647.435157  1  0.015900	
647.779036  1  0.015900	
648.123225  1  0.015900	
648.467736  1  0.015900	
648.812579  1  0.015900	
649.157764  1  0.015900	
649.503300  1  0.015900	
649.849200  1  0.015900	
650.195474  1  0.015900	
650.542131  1  0.015900	
650.889184  1  0.015900	
651.236644  1  0.015900	
651.584520  1  0.015900	
651.932825  1  0.015900	
652.281570  1  0.015900	
652.630766  1  0.015900	
652.980425  1  0.015900	
653.330557  1  0.015900	
653.681127  1  0.015900	
654.032129  1  0.015900	
654.383575  1  0.015900	
654.735475  1  0.015900	
655.087842  1  0.015900	
655.440687  1  0.015900	
655.794021  1  0.015900	
656.147856  1  0.015900	
656.502204  1  0.015900	
656.857077  1  0.015900	
657.212486  1  0.015900	
657.568444  1  0.015900	
657.924963  1  0.015900	
658.282056  1  0.015900	
658.639733  1  0.015900	
658.998009  1  0.015900	
659.356895  1  0.015900	
659.716404  1  0.015900	
660.076549  1  0.015900	
660.437343  1  0.015900	
660.798798  1  0.015900	
661.160928  1  0.015900	
661.523746  1  0.015900	
661.887265  1  0.015900	
662.251499  1  0.015900	
662.616461  1  0.015900	
662.982164  1  0.015900	
663.348623  1  0.015900	
663.715851  1  0.015900	
664.083862  1  0.015900	
664.452671  1  0.015900	
664.822292  1  0.015900	
665.192738  1  0.015900	
665.564025  1  0.015900	
665.936167  1  0.015900	
666.309180  1  0.015900	
666.683077  1  0.015900	
667.057875  1  0.015900	
667.433588  1  0.015900	
667.810232  1  0.015900	
668.187822  1  0.015900	
668.566375  1  0.015900	
668.945906  1  0.015900	
669.326432  1  0.015900	
669.707968  1  0.015900	
670.090531  1  0.015900	
670.474092  1  0.015900	
670.858632  1  0.015900	
671.244167  1  0.015900	
671.630715  1  0.015900	
672.018275  1  0.015900	
672.406874  1  0.015900	
672.796532  1  0.015900	
673.187269  1  0.015900	
673.579103  1  0.015900	
673.972052  1  0.015900	
674.366135  1  0.015900	
674.761371  1  0.015900	
675.157778  1  0.015900	
675.555377  1  0.015900	
675.954185  1  0.015900	
676.354224  1  0.015900	
676.755512  1  0.015900	
677.158071  1  0.015900	
677.561920  1  0.015900	
677.967081  1  0.015900	
678.373575  1  0.015900	
678.781423  1  0.015900	
679.190648  1  0.015900	
679.601271  1  0.015900	
680.013316  1  0.015900	
680.426805  1  0.015900	
680.841761  1  0.015900	
681.258209  1  0.015900	
681.676172  1  0.015900	
682.095659  1  0.015900	
682.516700  1  0.015900	
682.939326  1  0.015900	
683.363563  1  0.015900	
683.789440  1  0.015900	
684.216983  1  0.015900	
684.646221  1  0.015900	
685.077169  1  0.015900	
685.509778  1  0.015900	
685.944078  1  0.015900	
686.380096  1  0.015900	
686.817863  1  0.015900	
687.257408  1  0.015900	
687.698763  1  0.015900	
688.141958  1  0.015900	
688.587026  1  0.015900	
689.034000  1  0.015900	
689.482913  1  0.015900	
689.933798  1  0.015900	
690.386672  1  0.015900	
690.841581  1  0.015900	
691.298565  1  0.015900	
691.757661  1  0.015900	
692.218908  1  0.015900	
692.682345  1  0.015900	
693.148014  1  0.015900	
693.615955  1  0.015900	
694.086211  1  0.015900	
694.558825  1  0.015900	
695.033843  1  0.015900	
695.511310  1  0.015900	
695.991274  1  0.015900	
696.473782  1  0.015900	
696.958886  1  0.015900	
697.446636  1  0.015900	
697.937085  1  0.015900	
698.430287  1  0.015900	
698.926300  1  0.015900	
699.425181  1  0.015900	
699.926989  1  0.015900	
700.431788  1  0.015900	
700.939564  1  0.015900	
701.450362  1  0.015900	
701.964248  1  0.015900	
702.481294  1  0.015900	
703.001570  1  0.015900	
703.525152  1  0.015900	
704.052118  1  0.015900	
704.582550  1  0.015900	
705.116530  1  0.015900	
705.654146  1  0.015900	
706.195491  1  0.015900	
706.740659  1  0.015900	
707.289750  1  0.015900	
707.842867  1  0.015900	
708.400119  1  0.015900	
708.961622  1  0.015900	
709.527493  1  0.015900	
710.097320  1  0.015900	
710.660902  1  0.015900	
711.218307  1  0.015900	
711.769607  1  0.015900	
712.314878  1  0.015900	
712.854197  1  0.015900	
713.387641  1  0.015900	
713.915289  1  0.015900	
714.437222  1  0.015900	
714.953522  1  0.015900	
715.464270  1  0.015900	
715.969548  1  0.015900	
716.469435  1  0.015900	
716.964008  1  0.015900	
717.453345  1  0.015900	
717.937526  1  0.015900	
718.416632  1  0.015900	
718.890746  1  0.015900	
719.359949  1  0.015900	
719.824322  1  0.015900	
720.283946  1  0.015900	
720.738903  1  0.015900	
721.189270  1  0.015900	
721.635129  1  0.015900	
722.076555  1  0.015900	
722.513627  1  0.015900	
722.946420  1  0.015900	
723.375009  1  0.015900	
723.799468  1  0.015900	
724.219869  1  0.015900	
724.636271  1  0.015900	
725.048770  1  0.015900	
725.457411  1  0.015900	
725.862285  1  0.015900	
726.263436  1  0.015900	
726.660948  1  0.015900	
727.054871  1  0.015900	
727.445282  1  0.015900	
727.832229  1  0.015900	
728.215785  1  0.015900	
728.595999  1  0.015900	
728.972941  1  0.015900	
729.346656  1  0.015900	
729.717212  1  0.015900	
730.084655  1  0.015900	
730.449048  1  0.015900	
730.810435  1  0.015900	
731.168877  1  0.015900	
731.524419  1  0.015900	
731.877116  1  0.015900	
732.227013  1  0.015900	
732.574162  1  0.015900	
732.918608  1  0.015900	
733.260399  1  0.015900	
733.599580  1  0.015900	
733.936197  1  0.015900	
734.270293  1  0.015900	
734.601911  1  0.015900	
734.931094  1  0.015900	
735.257884  1  0.015900	
735.582322  1  0.015900	
735.904446  1  0.015900	
736.224298  1  0.015900	
736.541914  1  0.015900	
736.857336  1  0.015900	
737.170596  1  0.015900	
737.481736  1  0.015900	
737.790780  1  0.015900	
738.097767  1  0.015900	
738.402735  1  0.015900	
738.705718  1  0.015900	
739.006751  1  0.015900	
739.305867  1  0.015900	
739.603099  1  0.015900	
739.898479  1  0.015900	
740.192039  1  0.015900	
740.483808  1  0.015900	
740.773817  1  0.015900	
741.062096  1  0.015900	
741.348674  1  0.015900	
741.633580  1  0.015900	
741.916843  1  0.015900	
742.198490  1  0.015900	
742.478549  1  0.015900	
742.757047  1  0.015900	
743.034010  1  0.015900	
743.309466  1  0.015900	
743.583439  1  0.015900	
743.855765  1  0.015900	
744.126397  1  0.015900	
744.395367  1  0.015900	
744.662704  1  0.015900	
744.928437  1  0.015900	
745.192596  1  0.015900	
745.455207  1  0.015900	
745.716300  1  0.015900	
745.975900  1  0.015900	
746.234036  1  0.015900	
746.490734  1  0.015900	
746.746019  1  0.015900	
746.999917  1  0.015900	
747.252455  1  0.015900	
747.503655  1  0.015900	
747.753544  1  0.015900	
748.002145  1  0.015900	
748.249483  1  0.015900	
748.495580  1  0.015900	
748.740460  1  0.015900	
748.984147  1  0.015900	
749.226662  1  0.015900	
749.468028  1  0.015900	
749.708267  1  0.015900	
749.947401  1  0.015900	
750.185453  1  0.015900	
750.422442  1  0.015900	
750.658390  1  0.015900	
750.893319  1  0.015900	
751.127248  1  0.015900	
751.360199  1  0.015900	
751.592192  1  0.015900	
751.823247  1  0.015900	
752.053383  1  0.015900	
752.282621  1  0.015900	
752.510980  1  0.015900	
752.738480  1  0.015900	
752.965139  1  0.015900	
753.190978  1  0.015900	
753.416015  1  0.015900	
753.640269  1  0.015900	
753.863759  1  0.015900	
754.086504  1  0.015900	
754.308522  1  0.015900	
754.529831  1  0.015900	
754.750451  1  0.015900	
754.970400  1  0.015900	
755.189695  1  0.015900	
755.408356  1  0.015900	
755.626400  1  0.015900	
755.843845  1  0.015900	
756.060710  1  0.015900	
756.277013  1  0.015900	
756.492771  1  0.015900	
756.708003  1  0.015900	
756.922728  1  0.015900	
757.136962  1  0.015900	
757.350724  1  0.015900	
757.564033  1  0.015900	
757.776906  1  0.015900	
757.989362  1  0.015900	
758.201419  1  0.015900	
758.413095  1  0.015900	
758.624408  1  0.015900	
758.835378  1  0.015900	
759.046022  1  0.015900	
759.256360  1  0.015900	
759.466410  1  0.015900	
759.676191  1  0.015900	
759.885722  1  0.015900	
760.095023  1  0.015900	
760.304111  1  0.015900	
760.513008  1  0.015900	
760.721733  1  0.015900	
760.930306  1  0.015900	
761.138746  1  0.015900	
761.347074  1  0.015900	
761.555311  1  0.015900	
761.763477  1  0.015900	
761.971593  1  0.015900	
762.179681  1  0.015900	
762.387763  1  0.015900	
762.595860  1  0.015900	
762.804038  1  0.015900	
763.012286  1  0.015900	
763.220619  1  0.015900	
763.429058  1  0.015900	
763.637626  1  0.015900	
763.846345  1  0.015900	
764.055242  1  0.015900	
764.264341  1  0.015900	
764.473666  1  0.015900	
764.683246  1  0.015900	
764.893105  1  0.015900	
765.103272  1  0.015900	
765.313774  1  0.015900	
765.524639  1  0.015900	
765.735897  1  0.015900	
765.947421  1  0.015900	
766.159232  1  0.015900	
766.371360  1  0.015900	
766.583836  1  0.015900	
766.796694  1  0.015900	
767.009965  1  0.015900	
767.223684  1  0.015900	
767.437885  1  0.015900	
767.652604  1  0.015900	
767.867876  1  0.015900	
768.083741  1  0.015900	
768.300235  1  0.015900	
768.517398  1  0.015900	
768.735270  1  0.015900	
768.953894  1  0.015900	
769.173312  1  0.015900	
769.393568  1  0.015900	
769.614708  1  0.015900	
769.836779  1  0.015900	
770.059829  1  0.015900	
770.283908  1  0.015900	
770.509069  1  0.015900	
770.735365  1  0.015900	
770.962851  1  0.015900	
771.191585  1  0.015900	
771.421626  1  0.015900	
771.653037  1  0.015900	
771.885881  1  0.015900	
772.120226  1  0.015900	
772.356139  1  0.015900	
772.593695  1  0.015900	
772.832967  1  0.015900	
773.074033  1  0.015900	
773.316976  1  0.015900	
773.561881  1  0.015900	
773.808835  1  0.015900	
774.057932  1  0.015900	
774.309269  1  0.015900	
774.562948  1  0.015900	
774.819074  1  0.015900	
775.077761  1  0.015900	
775.339124  1  0.015900	
775.603285  1  0.015900	
775.870375  1  0.015900	
776.140527  1  0.015900	
776.413886  1  0.015900	
776.690601  1  0.015900	
776.970798  1  0.015900	
777.254532  1  0.015900	
777.541974  1  0.015900	
777.833307  1  0.015900	
778.128721  1  0.015900	
778.428421  1  0.015900	
778.732621  1  0.015900	
779.041549  1  0.015900	
779.355448  1  0.015900	
779.674576  1  0.015900	
779.999205  1  0.015900	
780.329626  1  0.015900	
780.666152  1  0.015900	
781.009113  1  0.015900	
781.358864  1  0.015900	
781.715784  1  0.015900	
782.080280  1  0.015900	
782.452788  1  0.015900	
782.833775  1  0.015900	
783.223819  1  0.015900	
783.623339  1  0.015900	
784.032963  1  0.015900	
784.453173  1  0.015900	
784.884639  1  0.015900	
785.328091  1  0.015900	
785.784324  1  0.015900	
786.254201  1  0.015900	
786.738662  1  0.015900	
787.238733  1  0.015900	
787.755537  1  0.015900	
788.290301  1  0.015900	
788.844374  1  0.015900	
789.419237  1  0.015900	
790.016521  1  0.015900	
790.638022  1  0.015900	
791.285725  1  0.015900	
791.961819  1  0.015900	
792.668727  1  0.015900	
793.409125  1  0.015900	
794.185968  1  0.015900	
795.002516  1  0.015900	
795.862352  1  0.015900	
796.769400  1  0.015900	
797.727926  1  0.015900	
798.686452  1  0.015900	
799.644977  1  0.015900	
800.603503  1  0.015900	
801.562029  1  0.015900	
802.520555  1  0.015900	
803.479080  1  0.015900	
804.437606  1  0.015900	
805.396132  1  0.015900	
806.354658  1  0.015900	
807.313183  1  0.015900	
808.271709  1  0.015900	
809.230235  1  0.015900	
810.188761  1  0.015900	
811.147286  1  0.015900	
812.105812  1  0.015900	
813.064338  1  0.015900	
814.022863  1  0.015900	
814.981389  1  0.015900	
815.939915  1  0.015900	
816.898441  1  0.015900	
817.856966  1  0.015900	
818.815492  1  0.015900	
819.774018  1  0.015900	
820.732544  1  0.015900	
821.691069  1  0.015900	
822.649595  1  0.015900	
823.608121  1  0.015900	
824.566647  1  0.015900	
825.525172  1  0.015900	
826.483698  1  0.015900	
827.442224  1  0.015900	
828.400749  1  0.015900	
829.359275  1  0.015900	
830.317801  1  0.015900	
831.276327  1  0.015900	
832.234852  1  0.015900	
833.193378  1  0.015900	
834.151904  1  0.015900	
835.110430  1  0.015900	
836.068955  1  0.015900	
837.027481  1  0.015900	
837.986007  1  0.015900	
838.944533  1  0.015900	
839.903058  1  0.015900	
840.861584  1  0.015900	
841.820110  1  0.015900	
842.778635  1  0.015900	
843.737161  1  0.015900	
844.695687  1  0.015900	
845.654213  1  0.015900	
846.612738  1  0.015900	
847.571264  1  0.015900	
848.529790  1  0.015900	
849.488316  1  0.015900	
850.446841  1  0.015900	
851.405367  1  0.015900	
852.363893  1  0.015900	
853.322419  1  0.015900	
854.280944  1  0.015900	
855.239470  1  0.015900	
856.197996  1  0.015900	
857.156521  1  0.015900	
858.115047  1  0.015900	
859.073573  1  0.015900	
860.032099  1  0.015900	
860.990624  1  0.015900	
861.949150  1  0.015900	
862.907676  1  0.015900	
863.866202  1  0.015900	
864.824727  1  0.015900	
865.783253  1  0.015900	
866.741779  1  0.015900	
867.700305  1  0.015900	
868.658830  1  0.015900	
869.617356  1  0.015900	
870.575882  1  0.015900	
871.534407  1  0.015900	
872.492933  1  0.015900	
873.451459  1  0.015900	
874.409985  1  0.015900	
875.368510  1  0.015900	
876.327036  1  0.015900	
877.285562  1  0.015900	
878.244088  1  0.015900	
879.202613  1  0.015900	
880.161139  1  0.015900	
881.119665  1  0.015900	
882.078191  1  0.015900	
883.036716  1  0.015900	
883.995242  1  0.015900	
884.953768  1  0.015900	
885.912293  1  0.015900	
886.870819  1  0.015900	
887.829345  1  0.015900	
888.787871  1  0.015900	
889.746396  1  0.015900	
890.704922  1  0.015900	
891.663448  1  0.015900	
892.621974  1  0.015900	
893.580499  1  0.015900	
894.539025  1  0.015900	
895.497551  1  0.015900	
896.456076  1  0.015900	
897.414602  1  0.015900	
898.373128  1  0.015900	
899.331654  1  0.015900	
900.290179  1  0.015900	
901.248705  1  0.015900	
902.207231  1  0.015900	
903.165757  1  0.015900	
904.124282  1  0.015900	
905.082808  1  0.015900	
906.041334  1  0.015900	
906.999860  1  0.015900	
907.958385  1  0.015900	
908.916911  1  0.015900	
909.875437  1  0.015900	
910.833962  1  0.015900	
911.792488  1  0.015900	
912.751014  1  0.015900	
913.709540  1  0.015900	
914.668065  1  0.015900	
915.626591  1  0.015900	
916.585117  1  0.015900	
917.543643  1  0.015900	
918.502168  1  0.015900	
919.460694  1  0.015900	
920.419220  1  0.015900	
921.377746  1  0.015900	
922.336271  1  0.015900	
923.294797  1  0.015900	
924.253323  1  0.015900	
925.211848  1  0.015900	
926.170374  1  0.015900	
927.128900  1  0.015900	
928.087426  1  0.015900	
929.045951  1  0.015900	
930.004477  1  0.015900	
930.963003  1  0.015900	
931.921529  1  0.015900	
932.880054  1  0.015900	
933.838580  1  0.015900	
934.797106  1  0.015900	
935.755632  1  0.015900	
936.714157  1  0.015900	
937.672683  1  0.015900	
938.631209  1  0.015900	
939.589734  1  0.015900	
940.548260  1  0.015900	
941.506786  1  0.015900	
942.465312  1  0.015900	
943.423837  1  0.015900	
944.382363  1  0.015900	
945.340889  1  0.015900	
946.299415  1  0.015900	
947.257940  1  0.015900	
948.216466  1  0.015900	
949.174992  1  0.015900	
950.133518  1  0.015900	
951.092043  1  0.015900	
952.050569  1  0.015900	
953.009095  1  0.015900	
953.967620  1  0.015900	
954.926146  1  0.015900	
955.884672  1  0.015900	
956.843198  1  0.015900	
957.801723  1  0.015900	
958.760249  1  0.015900	
959.718775  1  0.015900	
960.677301  1  0.015900	
961.635826  1  0.015900	
962.594352  1  0.015900	
963.552878  1  0.015900	
964.511404  1  0.015900	
965.469929  1  0.015900	
966.428455  1  0.015900	
967.386981  1  0.015900	
968.345506  1  0.015900	
969.304032  1  0.015900	
970.262558  1  0.015900	
971.221084  1  0.015900	
972.179609  1  0.015900	
973.138135  1  0.015900	
974.096661  1  0.015900	
975.055187  1  0.015900	
976.013712  1  0.015900	
976.972238  1  0.015900	
977.930764  1  0.015900	
978.889290  1  0.015900	
979.847815  1  0.015900	
980.806341  1  0.015900	
981.764867  1  0.015900	
982.723392  1  0.015900	
983.681918  1  0.015900	
984.640444  1  0.015900	
985.598970  1  0.015900	
986.557495  1  0.015900	
987.516021  1  0.015900	
988.474547  1  0.015900	
989.433073  1  0.015900	
990.391598  1  0.015900	
991.350124  1  0.015900	
992.308650  1  0.015900	
993.267176  1  0.015900	
994.225701  1  0.015900	
995.184227  1  0.015900	
996.142753  1  0.015900	
997.101278  1  0.015900	
998.059804  1  0.015900	
999.018330  1  0.015900	
999.976856  1  0.015900	
1000.935381  1  0.015900	
1001.893907  1  0.015900	
1002.852433  1  0.015900	
1003.810959  1  0.015900	
1004.769484  1  0.015900	
1005.728010  1  0.015900	
1006.686536  1  0.015900	
1007.645061  1  0.015900	
1008.603587  1  0.015900	
1009.562113  1  0.015900	
1010.520639  1  0.015900	
1011.479164  1  0.015900	
1012.437690  1  0.015900	
1013.396216  1  0.015900	
1014.354742  1  0.015900	
1015.313267  1  0.015900	
1016.271793  1  0.015900	
1017.230319  1  0.015900	
1018.188845  1  0.015900	
1019.147370  1  0.015900	
1020.105896  1  0.015900	
1021.064422  1  0.015900	
1022.022947  1  0.015900	
1022.981473  1  0.015900	
1023.939999  1  0.015900	
1024.898525  1  0.015900	
1025.857050  1  0.015900	
1026.815576  1  0.015900	
1027.774102  1  0.015900	
1028.732628  1  0.015900	
1029.691153  1  0.015900	
1030.649679  1  0.015900	
1031.608205  1  0.015900	
1032.566731  1  0.015900	
1033.525256  1  0.015900	
1034.483782  1  0.015900	
1035.442308  1  0.015900	
1036.400833  1  0.015900	
1037.359359  1  0.015900	
1038.317885  1  0.015900	
1039.276411  1  0.015900	
1040.234936  1  0.015900	
1041.193462  1  0.015900	
1042.151988  1  0.015900	
1043.110514  1  0.015900	
1044.069039  1  0.015900	
1045.027565  1  0.015900	
1045.986091  1  0.015900	
1046.944617  1  0.015900	
1047.903142  1  0.015900	
1048.861668  1  0.015900	
1049.820194  1  0.015900	
1050.778719  1  0.015900	
1051.737245  1  0.015900	
1052.695771  1  0.015900	
1053.654297  1  0.015900	
1054.612822  1  0.015900	
1055.571348  1  0.015900	
1056.529874  1  0.015900	
1057.488400  1  0.015900	
1058.446925  1  0.015900	
1059.405451  1  0.015900	
1060.363977  1  0.015900	
1061.322503  1  0.015900	
1062.281028  1  0.015900	
1063.239554  1  0.015900	
1064.198080  1  0.015900	
1065.156605  1  0.015900	
1066.115131  1  0.015900	
1067.073657  1  0.015900	
1068.032183  1  0.015900	
1068.990708  1  0.015900	
1069.949234  1  0.015900	
1070.907760  1  0.015900	
1071.866286  1  0.015900	
1072.824811  1  0.015900	
1073.783337  1  0.015900	
1074.741863  1  0.015900	
1075.700389  1  0.015900	
1076.658914  1  0.015900	
1077.617440  1  0.015900	
1078.575966  1  0.015900	
1079.534491  1  0.015900	
1080.493017  1  0.015900	
1081.451543  1  0.015900	
1082.410069  1  0.015900	
1083.368594  1  0.015900	
1084.327120  1  0.015900	
1085.285646  1  0.015900	
1086.244172  1  0.015900	
1087.202697  1  0.015900	
1088.161223  1  0.015900	
1089.119749  1  0.015900	
1090.078275  1  0.015900	
1091.036800  1  0.015900	
1091.995326  1  0.015900	
1092.953852  1  0.015900	
1093.912377  1  0.015900	
1094.870903  1  0.015900	
1095.829429  1  0.015900	
1096.787955  1  0.015900	
1097.746480  1  0.015900	
1098.705006  1  0.015900	
1099.663532  1  0.015900	
1100.622058  1  0.015900	
1101.580583  1  0.015900	
1102.539109  1  0.015900	
1103.497635  1  0.015900	
1104.456161  1  0.015900	
1105.414686  1  0.015900	
1106.373212  1  0.015900	
1107.331738  1  0.015900	
1108.290263  1  0.015900	
1109.248789  1  0.015900	
1110.207315  1  0.015900	
1111.165841  1  0.015900	
1112.124366  1  0.015900	
1113.082892  1  0.015900	
1114.041418  1  0.015900	
1114.999944  1  0.015900	
1115.958469  1  0.015900	
1116.916995  1  0.015900	
1117.875521  1  0.015900	
1118.834047  1  0.015900	
1119.792572  1  0.015900	
1120.751098  1  0.015900	
1121.709624  1  0.015900	
1122.668149  1  0.015900	
1123.626675  1  0.015900	
1124.585201  1  0.015900	
1125.543727  1  0.015900	
1126.502252  1  0.015900	
1127.460778  1  0.015900	
1128.419304  1  0.015900	
1129.377830  1  0.015900	
1130.336355  1  0.015900	
1131.294881  1  0.015900	
1132.253407  1  0.015900	
1133.211932  1  0.015900	
1134.170458  1  0.015900	
1135.128984  1  0.015900	
1136.087510  1  0.015900	
1137.046035  1  0.015900	
1138.004561  1  0.015900	
1138.963087  1  0.015900	
1139.921613  1  0.015900	
1140.880138  1  0.015900	
1141.838664  1  0.015900	
1142.797190  1  0.015900	
1143.755716  1  0.015900	
1144.714241  1  0.015900	
1145.672767  1  0.015900	
1146.631293  1  0.015900	
1147.589818  1  0.015900	
1148.548344  1  0.015900	
1149.506870  1  0.015900	
1150.465396  1  0.015900	
1151.423921  1  0.015900	
1152.382447  1  0.015900	
1153.340973  1  0.015900	
1154.299499  1  0.015900	
1155.258024  1  0.015900	
1156.216550  1  0.015900	
1157.175076  1  0.015900	
1158.133602  1  0.015900	
1159.092127  1  0.015900	
1160.050653  1  0.015900	
1160.207557  1  0.015900	
1160.379195  1  0.015900	
1160.587167  1  0.015900	
1160.787795  1  0.015900	
1161.009120  1  0.015900	
1161.252145  1  0.015900	
1161.511910  1  0.015900	
1161.786730  1  0.015900	
1162.074795  1  0.015900	
1162.375993  1  0.015900	
1162.689163  1  0.015900	
1163.013715  1  0.015900	
1163.349498  1  0.015900	
1163.696508  1  0.015900	
1164.054753  1  0.015900	
1164.424221  1  0.015900	
1164.802499  1  0.015900	
1165.190439  1  0.015900	
1165.587288  1  0.015900	
1165.982928  1  0.015900	
1166.393775  1  0.015900	
1166.815054  1  0.015900	
1167.238657  1  0.015900	
1167.669382  1  0.015900	
1168.106022  1  0.015900	
1168.542255  1  0.015900	
1168.984193  1  0.015900	
1169.428625  1  0.015900	
1169.875977  1  0.015900	
1170.319794  1  0.015900	
1170.767193  1  0.015900	
1171.217265  1  0.015900	
1171.669750  1  0.015900	
1172.118439  1  0.015900	
1172.570212  1  0.015900	
1173.024232  1  0.015900	
1173.480303  1  0.015900	
1173.932029  1  0.015900	
1174.386464  1  0.015900	
1174.842030  1  0.015900	
1175.298998  1  0.015900	
1175.751450  1  0.015900	
1176.206636  1  0.015900	
1176.663674  1  0.015900	
1177.117370  1  0.015900	
1177.572995  1  0.015900	
1178.029748  1  0.015900	
1178.487236  1  0.015900	
1178.939868  1  0.015900	
1179.393693  1  0.015900	
1179.847940  1  0.015900	
1180.302354  1  0.015900	
1180.752557  1  0.015900	
1181.203695  1  0.015900	
1181.655247  1  0.015900	
1182.107133  1  0.015900	
1182.555369  1  0.015900	
1183.004811  1  0.015900	
1183.454947  1  0.015900	
1183.905706  1  0.015900	
1184.353039  1  0.015900	
1184.798844  1  0.015900	
1185.244887  1  0.015900	
1185.691180  1  0.015900	
1186.137753  1  0.015900	
1186.581216  1  0.015900	
1187.025771  1  0.015900	
1187.470916  1  0.015900	
1187.916589  1  0.015900	
1188.359493  1  0.015900	
1188.803601  1  0.015900	
1189.248417  1  0.015900	
1189.693887  1  0.015900	
1190.136703  1  0.015900	
1190.580818  1  0.015900	
1191.008554  1  0.015900	
1191.414598  1  0.015900	
1191.803356  1  0.015900	
1192.182979  1  0.015900	
1192.554727  1  0.015900	
1192.921442  1  0.015900	
1193.281607  1  0.015900	
1193.638832  1  0.015900	
1193.993260  1  0.015900	
1194.345203  1  0.015900	
1194.692507  1  0.015900	
1195.038179  1  0.015900	
1195.382102  1  0.015900	
1195.724393  1  0.015900	
1196.063025  1  0.015900	
1196.400560  1  0.015900	
1196.736843  1  0.015900	
1197.071926  1  0.015900	
1197.404011  1  0.015900	
1197.735296  1  0.015900	
1198.065674  1  0.015900	
1198.395195  1  0.015900	
1198.722256  1  0.015900	
1199.048848  1  0.015900	
1199.374874  1  0.015900	
1199.700380  1  0.015900	
1200.023794  1  0.015900	
1200.347048  1  0.015900	
1200.672286  1  0.015900	
1200.985047  1  0.015900	
1201.297534  1  0.015900	
1201.609875  1  0.015900	
1201.922101  1  0.015900	
1202.234216  1  0.015900	
1202.546228  1  0.015900	
1202.858152  1  0.015900	
1203.170010  1  0.015900	
1203.481831  1  0.015900	
1203.793521  1  0.015900	
1204.107148  1  0.015900	
1204.420969  1  0.015900	
1204.728388  1  0.015900	
1205.037770  1  0.015900	
1205.347383  1  0.015900	
1205.656997  1  0.015900	
1205.966601  1  0.015900	
1206.276218  1  0.015900	
1206.585873  1  0.015900	
1206.895593  1  0.015900	
1207.205400  1  0.015900	
1207.508635  1  0.015900	
1207.812954  1  0.015900	
1208.117550  1  0.015900	
1208.421241  1  0.015900	
1208.725240  1  0.015900	
1209.029396  1  0.015900	
1209.332463  1  0.015900	
1209.635315  1  0.015900	
1209.938088  1  0.015900	
1210.240050  1  0.015900	
1210.542220  1  0.015900	
1210.844499  1  0.015900	
1211.146056  1  0.015900	
1211.447854  1  0.015900	
1211.749772  1  0.015900	
1212.051001  1  0.015900	
1212.352451  1  0.015900	
1212.654002  1  0.015900	
1212.954881  1  0.015900	
1213.255946  1  0.015900	
1213.556597  1  0.015900	
1213.857380  1  0.015900	
1214.157753  1  0.015900	
1214.458245  1  0.015900	
1214.758336  1  0.015900	
1215.058545  1  0.015900	
1215.358372  1  0.015900	
1215.658332  1  0.015900	
1215.957939  1  0.015900	
1216.257707  1  0.015900	
1216.557154  1  0.015900	
1216.856796  1  0.015900	
1217.156148  1  0.015900	
1217.455727  1  0.015900	
1217.755043  1  0.015900	
1218.054611  1  0.015900	
1218.353937  1  0.015900	
1218.653534  1  0.015900	
1218.952904  1  0.015900	
1219.252561  1  0.015900	
1219.552449  1  0.015900	
1219.851483  1  0.015900	
1220.150340  1  0.015900	
1220.448954  1  0.015900	
1220.747537  1  0.015900	
1221.045817  1  0.015900	
1221.344239  1  0.015900	
1221.642442  1  0.015900	
1221.940880  1  0.015900	
1222.239137  1  0.015900	
1222.537666  1  0.015900	
1222.836026  1  0.015900	
1223.134671  1  0.015900	
1223.433149  1  0.015900	
1223.731914  1  0.015900	
1224.030515  1  0.015900	
1224.328906  1  0.015900	
1224.627646  1  0.015900	
1224.926319  1  0.015900	
1225.225324  1  0.015900	
1225.524222  1  0.015900	
1225.823419  1  0.015900	
1226.122478  1  0.015900	
1226.421801  1  0.015900	
1226.720959  1  0.015900	
1227.020350  1  0.015900	
1227.319555  1  0.015900	
1227.618960  1  0.015900	
1227.918161  1  0.015900	
1228.217534  1  0.015900	
1228.516685  1  0.015900	
1228.815983  1  0.015900	
1229.115048  1  0.015900	
1229.414239  1  0.015900	
1229.713190  1  0.015900	
1230.012255  1  0.015900	
1230.311080  1  0.015900	
1230.610027  1  0.015900	
1230.908732  1  0.015900	
1231.207566  1  0.015900	
1231.506171  1  0.015900	
1231.804921  1  0.015900	
1232.103457  1  0.015900	
1232.402155  1  0.015900	
1232.700655  1  0.015900	
1232.999334  1  0.015900	
1233.297829  1  0.015900	
1233.596517  1  0.015900	
1233.895033  1  0.015900	
1234.193753  1  0.015900	
1234.492310  1  0.015900	
1234.790915  1  0.015900	
1235.089553  1  0.015900	
1235.388225  1  0.015900	
1235.686874  1  0.015900	
1235.985227  1  0.015900	
1236.283322  1  0.015900	
1236.581192  1  0.015900	
1236.878877  1  0.015900	
1237.176416  1  0.015900	
1237.473849  1  0.015900	
1237.771208  1  0.015900	
1238.068520  1  0.015900	
1238.365804  1  0.015900	
1238.663078  1  0.015900	
1238.960352  1  0.015900	
1239.257636  1  0.015900	
1239.554938  1  0.015900	
1239.852261  1  0.015900	
1240.149611  1  0.015900	
1240.446991  1  0.015900	
1240.744404  1  0.015900	
1241.041852  1  0.015900	
1241.339340  1  0.015900	
1241.636697  1  0.015900	
1241.933723  1  0.015900	
1242.230561  1  0.015900	
1242.527287  1  0.015900	
1242.823938  1  0.015900	
1243.120538  1  0.015900	
1243.417098  1  0.015900	
1243.713626  1  0.015900	
1244.010125  1  0.015900	
1244.306597  1  0.015900	
1244.603042  1  0.015900	
1244.899458  1  0.015900	
1245.195845  1  0.015900	
1245.492200  1  0.015900	
1245.788519  1  0.015900	
1246.084802  1  0.015900	
1246.381045  1  0.015900	
1246.677246  1  0.015900	
1246.973405  1  0.015900	
1247.269521  1  0.015900	
1247.565596  1  0.015900	
1247.861630  1  0.015900	
1248.157627  1  0.015900	
1248.453592  1  0.015900	
1248.749529  1  0.015900	
1249.045443  1  0.015900	
1249.341340  1  0.015900	
1249.637227  1  0.015900	
1249.933109  1  0.015900	
1250.228991  1  0.015900	
1250.524880  1  0.015900	
1250.820779  1  0.015900	
1251.116694  1  0.015900	
1251.412627  1  0.015900	
1251.708583  1  0.015900	
1252.004564  1  0.015900	
1252.300573  1  0.015900	
1252.596613  1  0.015900	
1252.892685  1  0.015900	
1253.188792  1  0.015900	
1253.484935  1  0.015900	
1253.781116  1  0.015900	
1254.105472  1  0.015900	
1254.363010  1  0.015900	
1254.651740  1  0.015900	
1254.945258  1  0.015900	
1255.267085  1  0.015900	
1255.522938  1  0.015900	
1255.810736  1  0.015900	
1256.103663  1  0.015900	
1256.397827  1  0.015900	
1256.692491  1  0.015900	
1256.987441  1  0.015900	
1257.282589  1  0.015900	
1257.577890  1  0.015900	
1257.873315  1  0.015900	
1258.168845  1  0.015900	
1258.490679  1  0.015900	
1258.746643  1  0.015900	
1259.035135  1  0.015900	
1259.328811  1  0.015900	
1259.623729  1  0.015900	
1259.919133  1  0.015900	
1260.214798  1  0.015900	
1260.510624  1  0.015900	
1260.806556  1  0.015900	
1261.102559  1  0.015900	
1261.398604  1  0.015900	
1261.694670  1  0.015900	
1261.990741  1  0.015900	
1262.286800  1  0.015900	
1262.582837  1  0.015900	
1262.878842  1  0.015900	
1263.174806  1  0.015900	
1263.470724  1  0.015900	
1263.766589  1  0.015900	
1264.062400  1  0.015900	
1264.358153  1  0.015900	
1264.653849  1  0.015900	
1264.949487  1  0.015900	
1265.245069  1  0.015900	
1265.540598  1  0.015900	
1265.836077  1  0.015900	
1266.131510  1  0.015900	
1266.426901  1  0.015900	
1266.722255  1  0.015900	
1267.017577  1  0.015900	
1267.312870  1  0.015900	
1267.608140  1  0.015900	
1267.903390  1  0.015900	
1268.198625  1  0.015900	
1268.493847  1  0.015900	
1268.789061  1  0.015900	
1269.084268  1  0.015900	
1269.379471  1  0.015900	
1269.674673  1  0.015900	
1269.969876  1  0.015900	
1270.265081  1  0.015900	
1270.560291  1  0.015900	
1270.855507  1  0.015900	
1271.150701  1  0.015900	
1271.445675  1  0.015900	
1271.758863  1  0.015900	
1272.009953  1  0.015900	
1272.296698  1  0.015900	
1272.604970  1  0.015900	
1272.853789  1  0.015900	
1273.139389  1  0.015900	
1273.430728  1  0.015900	
1273.679326  1  0.015900	
1273.964707  1  0.015900	
1274.255821  1  0.015900	
1274.548384  1  0.015900	
1274.841597  1  0.015900	
1275.135227  1  0.015900	
1275.429173  1  0.015900	
1275.723379  1  0.015900	
1276.017809  1  0.015900	
1276.312439  1  0.015900	
1276.607262  1  0.015900	
1276.902244  1  0.015900	
1277.048884  1  0.015900	
1277.207087  1  0.015900	
1277.395773  1  0.015900	
1277.578780  1  0.015900	
1277.789250  1  0.015900	
1278.019227  1  0.015900	
1278.265266  1  0.015900	
1278.513997  1  0.015900	
1278.787901  1  0.015900	
1279.075502  1  0.015900	
1279.369155  1  0.015900	
1279.663579  1  0.015900	
1279.958507  1  0.015900	
1280.253812  1  0.015900	
1280.504202  1  0.015900	
1280.792148  1  0.015900	
1281.085838  1  0.015900	
1281.380847  1  0.015900	
1281.630849  1  0.015900	
1281.918833  1  0.015900	
1282.212670  1  0.015900	
1282.461779  1  0.015900	
1282.749536  1  0.015900	
1283.043341  1  0.015900	
1283.292278  1  0.015900	
1283.580103  1  0.015900	
1283.885016  1  0.015900	
1284.133449  1  0.015900	
1284.421304  1  0.015900	
1284.715432  1  0.015900	
1284.964415  1  0.015900	
1285.252681  1  0.015900	
1285.557598  1  0.015900	
1285.806301  1  0.015900	
1286.094759  1  0.015900	
1286.389480  1  0.015900	
1286.685848  1  0.015900	
1286.994585  1  0.015900	
1287.245081  1  0.015900	
1287.534854  1  0.015900	
1287.830648  1  0.015900	
1288.127961  1  0.015900	
1288.425960  1  0.015900	
1288.736046  1  0.015900	
1288.994575  1  0.015900	
1289.285359  1  0.015900	
1289.592072  1  0.015900	
1289.848095  1  0.015900	
1290.085884  1  0.015900	
1290.315591  1  0.015900	
1290.541099  1  0.015900	
1290.764172  1  0.015900	
1290.985712  1  0.015900	
1291.206232  1  0.015900	
1291.426059  1  0.015900	
1291.645429  1  0.015900	
1291.864511  1  0.015900	
1292.083406  1  0.015900	
1292.302214  1  0.015900	
1292.520968  1  0.015900	
1292.739688  1  0.015900	
1292.958394  1  0.015900	
1293.177116  1  0.015900	
1293.395881  1  0.015900	
1293.614718  1  0.015900	
1293.833648  1  0.015900	
1294.052707  1  0.015900	
1294.271916  1  0.015900	
1294.491290  1  0.015900	
1294.710848  1  0.015900	
1294.930613  1  0.015900	
1295.150607  1  0.015900	
1295.370773  1  0.015900	
1295.591099  1  0.015900	
1295.811595  1  0.015900	
1296.032267  1  0.015900	
1296.253121  1  0.015900	
1296.474161  1  0.015900	
1296.695403  1  0.015900	
1296.916855  1  0.015900	
1297.138521  1  0.015900	
1297.360399  1  0.015900	
1297.582492  1  0.015900	
1297.804786  1  0.015900	
1298.027266  1  0.015900	
1298.249915  1  0.015900	
1298.472734  1  0.015900	
1298.695725  1  0.015900	
1298.918885  1  0.015900	
1299.142204  1  0.015900	
1299.365684  1  0.015900	
1299.589319  1  0.015900	
1299.813109  1  0.015900	
1300.037041  1  0.015900	
1300.261106  1  0.015900	
1300.485299  1  0.015900	
1300.709628  1  0.015900	
1300.934101  1  0.015900	
1301.158726  1  0.015900	
1301.383510  1  0.015900	
1301.608455  1  0.015900	
1301.833573  1  0.015900	
1302.058879  1  0.015900	
1302.284373  1  0.015900	
1302.510054  1  0.015900	
1302.735855  1  0.015900	
1302.961692  1  0.015900	
1303.187597  1  0.015900	
1303.413587  1  0.015900	
1303.639670  1  0.015900	
1303.865852  1  0.015900	
1304.092125  1  0.015900	
1304.318481  1  0.015900	
1304.544914  1  0.015900	
1304.771432  1  0.015900	
1304.998034  1  0.015900	
1305.224721  1  0.015900	
1305.451496  1  0.015900	
1305.678355  1  0.015900	
1305.905307  1  0.015900	
1306.132358  1  0.015900	
1306.359519  1  0.015900	
1306.586788  1  0.015900	
1306.814166  1  0.015900	
1307.041661  1  0.015900	
1307.269280  1  0.015900	
1307.497028  1  0.015900	
1307.724923  1  0.015900	
1307.952976  1  0.015900	
1308.181194  1  0.015900	
1308.409584  1  0.015900	
1308.638145  1  0.015900	
1308.867063  1  0.015900	
1309.096282  1  0.015900	
1309.325746  1  0.015900	
1309.555423  1  0.015900	
1309.785282  1  0.015900	
1310.015296  1  0.015900	
1310.245441  1  0.015900	
1310.475694  1  0.015900	
1310.706039  1  0.015900	
1310.936452  1  0.015900	
1311.166920  1  0.015900	
1311.397434  1  0.015900	
1311.627996  1  0.015900	
1311.858611  1  0.015900	
1312.089279  1  0.015900	
1312.320003  1  0.015900	
1312.550785  1  0.015900	
1312.781633  1  0.015900	
1313.012541  1  0.015900	
1313.243516  1  0.015900	
1313.474563  1  0.015900	
1313.705697  1  0.015900	
1313.936929  1  0.015900	
1314.168267  1  0.015900	
1314.399716  1  0.015900	
1314.631240  1  0.015900	
1314.862666  1  0.015900	
1315.094013  1  0.015900	
1315.325288  1  0.015900	
1315.556504  1  0.015900	
1315.787672  1  0.015900	
1316.018806  1  0.015900	
1316.249920  1  0.015900	
1316.481030  1  0.015900	
1316.712151  1  0.015900	
1316.943291  1  0.015900	
1317.174463  1  0.015900	
1317.405680  1  0.015900	
1317.636963  1  0.015900	
1317.868237  1  0.015900	
1318.099217  1  0.015900	
1318.329982  1  0.015900	
1318.560650  1  0.015900	
1318.791162  1  0.015900	
1319.021605  1  0.015900	
1319.252012  1  0.015900	
1319.482414  1  0.015900	
1319.712828  1  0.015900	
1319.943278  1  0.015900	
1320.173776  1  0.015900	
1320.404324  1  0.015900	
1320.634930  1  0.015900	
1320.865596  1  0.015900	
1321.096318  1  0.015900	
1321.327091  1  0.015900	
1321.557919  1  0.015900	
1321.788806  1  0.015900	
1322.019750  1  0.015900	
1322.250754  1  0.015900	
1322.481813  1  0.015900	
1322.712920  1  0.015900	
1322.944079  1  0.015900	
1323.175284  1  0.015900	
1323.406524  1  0.015900	
1323.637800  1  0.015900	
1323.869117  1  0.015900	
1324.100484  1  0.015900	
1324.331898  1  0.015900	
1324.563364  1  0.015900	
1324.794883  1  0.015900	
1325.026457  1  0.015900	
1325.258091  1  0.015900	
1325.489795  1  0.015900	
1325.721539  1  0.015900	
1325.953262  1  0.015900	
1326.184972  1  0.015900	
1326.416621  1  0.015900	
1326.648198  1  0.015900	
1326.879704  1  0.015900	
1327.111149  1  0.015900	
1327.342546  1  0.015900	
1327.573924  1  0.015900	
1327.805274  1  0.015900	
1328.036603  1  0.015900	
1328.267935  1  0.015900	
1328.499288  1  0.015900	
1328.730671  1  0.015900	
1328.962100  1  0.015900	
1329.193535  1  0.015900	
1329.424951  1  0.015900	
1329.656336  1  0.015900	
1329.887719  1  0.015900	
1330.119097  1  0.015900	
1330.350448  1  0.015900	
1330.581738  1  0.015900	
1330.812997  1  0.015900	
1331.044234  1  0.015900	
1331.275473  1  0.015900	
1331.506726  1  0.015900	
1331.738003  1  0.015900	
1331.969300  1  0.015900	
1332.200620  1  0.015900	
1332.431961  1  0.015900	
1332.663322  1  0.015900	
1332.894701  1  0.015900	
1333.126095  1  0.015900	
1333.357504  1  0.015900	
1333.588927  1  0.015900	
1333.820374  1  0.015900	
1334.051859  1  0.015900	
1334.283398  1  0.015900	
1334.514990  1  0.015900	
1334.746633  1  0.015900	
1334.978325  1  0.015900	
1335.210349  1  0.015900	
1335.442135  1  0.015900	
1335.674039  1  0.015900	
1335.906104  1  0.015900	
1336.138349  1  0.015900	
1336.370767  1  0.015900	
1336.603340  1  0.015900	
1336.836047  1  0.015900	
1337.068907  1  0.015900	
1337.301858  1  0.015900	
1337.534836  1  0.015900	
1337.767826  1  0.015900	
1338.000827  1  0.015900	
1338.233847  1  0.015900	
1338.466892  1  0.015900	
1338.699966  1  0.015900	
1338.933076  1  0.015900	
1339.166614  1  0.015900	
1339.399811  1  0.015900	
1339.632750  1  0.015900	
1339.865618  1  0.015900	
1340.098420  1  0.015900	
1340.331147  1  0.015900	
1340.563782  1  0.015900	
1340.796310  1  0.015900	
1341.028724  1  0.015900	
1341.260997  1  0.015900	
1341.493115  1  0.015900	
1341.725036  1  0.015900	
1341.956749  1  0.015900	
1342.188201  1  0.015900	
1342.419415  1  0.015900	
1342.650393  1  0.015900	
1342.881047  1  0.015900	
1343.111331  1  0.015900	
1343.341266  1  0.015900	
1343.570755  1  0.015900	
1343.799779  1  0.015900	
1344.028416  1  0.015900	
1344.256709  1  0.015900	
1344.484714  1  0.015900	
1344.712087  1  0.015900	
1344.938268  1  0.015900	
1345.163506  1  0.015900	
1345.388007  1  0.015900	
1345.611909  1  0.015900	
1345.835365  1  0.015900	
1346.058352  1  0.015900	
1346.280922  1  0.015900	
1346.503139  1  0.015900	
1346.725058  1  0.015900	
1346.946711  1  0.015900	
1347.168185  1  0.015900	
1347.389306  1  0.015900	
1347.609962  1  0.015900	
1347.830262  1  0.015900	
1348.049965  1  0.015900	
1348.268768  1  0.015900	
1348.486863  1  0.015900	
1348.704393  1  0.015900	
1348.921479  1  0.015900	
1349.138221  1  0.015900	
1349.354692  1  0.015900	
1349.570952  1  0.015900	
1349.787038  1  0.015900	
1350.002993  1  0.015900	
1350.218832  1  0.015900	
1350.434575  1  0.015900	
1350.650231  1  0.015900	
1350.865818  1  0.015900	
1351.081344  1  0.015900	
1351.296815  1  0.015900	
1351.512237  1  0.015900	
1351.727351  1  0.015900	
1351.942027  1  0.015900	
1352.156311  1  0.015900	
1352.370255  1  0.015900	
1352.583919  1  0.015900	
1352.797355  1  0.015900	
1353.010608  1  0.015900	
1353.223716  1  0.015900	
1353.436709  1  0.015900	
1353.649611  1  0.015900	
1353.862007  1  0.015900	
1354.073612  1  0.015900	
1354.284589  1  0.015900	
1354.495071  1  0.015900	
1354.705175  1  0.015900	
1354.914994  1  0.015900	
1355.124601  1  0.015900	
1355.334052  1  0.015900	
1355.543386  1  0.015900	
1355.752641  1  0.015900	
1355.961820  1  0.015900	
1356.170962  1  0.015900	
1356.379963  1  0.015900	
1356.588844  1  0.015900	
1356.797334  1  0.015900	
1357.005320  1  0.015900	
1357.212835  1  0.015900	
1357.419937  1  0.015900	
1357.626707  1  0.015900	
1357.833215  1  0.015900	
1358.039529  1  0.015900	
1358.245699  1  0.015900	
1358.451766  1  0.015900	
1358.657763  1  0.015900	
1358.863715  1  0.015900	
1359.069602  1  0.015900	
1359.275408  1  0.015900	
1359.481161  1  0.015900	
1359.686883  1  0.015900	
1359.892594  1  0.015900	
1360.098311  1  0.015900	
1360.304048  1  0.015900	
1360.509813  1  0.015900	
1360.715615  1  0.015900	
1360.921453  1  0.015900	
1361.127329  1  0.015900	
1361.333246  1  0.015900	
1361.539104  1  0.015900	
1361.744728  1  0.015900	
1361.950021  1  0.015900	
1362.154646  1  0.015900	
1362.358335  1  0.015900	
1362.561159  1  0.015900	
1362.763300  1  0.015900	
1362.964936  1  0.015900	
1363.166213  1  0.015900	
1363.367247  1  0.015900	
1363.568119  1  0.015900	
1363.768893  1  0.015900	
1363.969613  1  0.015900	
1364.170318  1  0.015900	
1364.371036  1  0.015900	
1364.571786  1  0.015900	
1364.772584  1  0.015900	
1364.973441  1  0.015900	
1365.174338  1  0.015900	
1365.375275  1  0.015900	
1365.576079  1  0.015900	
1365.776629  1  0.015900	
1365.976921  1  0.015900	
1366.176994  1  0.015900	
1366.376910  1  0.015900	
1366.576725  1  0.015900	
1366.776489  1  0.015900	
1366.976236  1  0.015900	
1367.176055  1  0.015900	
1367.375750  1  0.015900	
1367.575455  1  0.015900	
1367.775127  1  0.015900	
1367.974742  1  0.015900	
1368.174325  1  0.015900	
1368.373916  1  0.015900	
1368.573747  1  0.015900	
1368.773586  1  0.015900	
1368.973253  1  0.015900	
1369.172709  1  0.015900	
1369.371984  1  0.015900	
1369.571129  1  0.015900	
1369.770202  1  0.015900	
1369.969251  1  0.015900	
1370.168322  1  0.015900	
1370.367158  1  0.015900	
1370.565350  1  0.015900	
1370.762806  1  0.015900	
1370.959682  1  0.015900	
1371.156516  1  0.015900	
1371.353126  1  0.015900	
1371.549343  1  0.015900	
1371.745170  1  0.015900	
1371.940665  1  0.015900	
1372.135919  1  0.015900	
1372.330974  1  0.015900	
1372.525864  1  0.015900	
1372.720665  1  0.015900	
1372.915440  1  0.015900	
1373.110245  1  0.015900	
1373.305646  1  0.015900	
1373.501299  1  0.015900	
1373.696866  1  0.015900	
1373.892209  1  0.015900	
1374.087305  1  0.015900	
1374.282218  1  0.015900	
1374.477019  1  0.015900	
1374.671776  1  0.015900	
1374.866550  1  0.015900	
1375.062069  1  0.015900	
1375.257961  1  0.015900	
1375.453823  1  0.015900	
1375.649487  1  0.015900	
1375.844913  1  0.015900	
1376.040162  1  0.015900	
1376.235311  1  0.015900	
1376.431253  1  0.015900	
1376.627612  1  0.015900	
1376.823941  1  0.015900	
1377.020088  1  0.015900	
1377.216020  1  0.015900	
1377.411753  1  0.015900	
1377.608324  1  0.015900	
1377.805301  1  0.015900	
1378.002157  1  0.015900	
1378.198551  1  0.015900	
1378.395113  1  0.015900	
1378.591093  1  0.015900	
1378.786053  1  0.015900	
1378.980001  1  0.015900	
1379.173124  1  0.015900	
1379.365639  1  0.015900	
1379.557742  1  0.015900	
1379.749590  1  0.015900	
1379.941308  1  0.015900	
1380.132994  1  0.015900	
1380.324722  1  0.015900	
1380.516544  1  0.015900	
1380.708497  1  0.015900	
1380.900620  1  0.015900	
1381.092940  1  0.015900	
1381.285460  1  0.015900	
1381.478151  1  0.015900	
1381.671007  1  0.015900	
1381.864046  1  0.015900	
1382.057274  1  0.015900	
1382.250688  1  0.015900	
1382.444305  1  0.015900	
1382.638139  1  0.015900	
1382.832203  1  0.015900	
1383.026502  1  0.015900	
1383.221026  1  0.015900	
1383.415766  1  0.015900	
1383.610733  1  0.015900	
1383.805944  1  0.015900	
1384.001417  1  0.015900	
1384.197166  1  0.015900	
1384.393198  1  0.015900	
1384.589361  1  0.015900	
1384.785230  1  0.015900	
1384.980549  1  0.015900	
1385.175350  1  0.015900	
1385.369736  1  0.015900	
1385.563828  1  0.015900	
1385.757760  1  0.015900	
1385.951648  1  0.015900	
1386.145582  1  0.015900	
1386.339633  1  0.015900	
1386.533853  1  0.015900	
1386.728283  1  0.015900	
1386.923100  1  0.015900	
1387.117931  1  0.015900	
1387.312977  1  0.015900	
1387.508191  1  0.015900	
1387.703530  1  0.015900	
1387.899025  1  0.015900	
1388.094685  1  0.015900	
1388.290528  1  0.015900	
1388.486581  1  0.015900	
1388.682868  1  0.015900	
1388.879388  1  0.015900	
1389.076128  1  0.015900	
1389.273104  1  0.015900	
1389.470330  1  0.015900	
1389.667829  1  0.015900	
1389.865619  1  0.015900	
1390.063470  1  0.015900	
1390.260899  1  0.015900	
1390.457792  1  0.015900	
1390.654163  1  0.015900	
1390.850134  1  0.015900	
1391.045861  1  0.015900	
1391.241477  1  0.015900	
1391.437097  1  0.015900	
1391.632804  1  0.015900	
1391.828664  1  0.015900	
1392.024715  1  0.015900	
1392.220962  1  0.015900	
1392.417426  1  0.015900	
1392.614129  1  0.015900	
1392.811083  1  0.015900	
1393.008304  1  0.015900	
1393.205782  1  0.015900	
1393.403505  1  0.015900	
1393.601478  1  0.015900	
1393.799712  1  0.015900	
1393.998213  1  0.015900	
1394.196985  1  0.015900	
1394.396046  1  0.015900	
1394.595066  1  0.015900	
1394.793706  1  0.015900	
1394.992131  1  0.015900	
1395.189965  1  0.015900	
1395.387393  1  0.015900	
1395.584532  1  0.015900	
1395.781492  1  0.015900	
1395.978314  1  0.015900	
1396.175086  1  0.015900	
1396.371908  1  0.015900	
1396.568854  1  0.015900	
1396.765994  1  0.015900	
1396.963382  1  0.015900	
1397.161059  1  0.015900	
1397.359045  1  0.015900	
1397.557314  1  0.015900	
1397.755853  1  0.015900	
1397.954658  1  0.015900	
1398.153733  1  0.015900	
1398.353082  1  0.015900	
1398.552724  1  0.015900	
1398.752292  1  0.015900	
1398.951340  1  0.015900	
1399.150140  1  0.015900	
1399.348638  1  0.015900	
1399.546876  1  0.015900	
1399.744892  1  0.015900	
1399.942818  1  0.015900	
1400.140745  1  0.015900	
1400.338707  1  0.015900	
1400.536783  1  0.015900	
1400.735015  1  0.015900	
1400.933463  1  0.015900	
1401.132100  1  0.015900	
1401.330986  1  0.015900	
1401.530158  1  0.015900	
1401.729632  1  0.015900	
1401.929607  1  0.015900	
1402.129176  1  0.015900	
1402.327956  1  0.015900	
1402.526555  1  0.015900	
1402.724841  1  0.015900	
1402.922837  1  0.015900	
1403.120644  1  0.015900	
1403.318302  1  0.015900	
1403.516010  1  0.015900	
1403.713781  1  0.015900	
1403.911675  1  0.015900	
1404.109789  1  0.015900	
1404.308141  1  0.015900	
1404.506769  1  0.015900	
1404.705700  1  0.015900	
1404.904960  1  0.015900	
1405.103986  1  0.015900	
1405.302613  1  0.015900	
1405.501269  1  0.015900	
1405.699799  1  0.015900	
1405.898139  1  0.015900	
1406.096449  1  0.015900	
1406.294747  1  0.015900	
1406.493133  1  0.015900	
1406.691683  1  0.015900	
1406.890438  1  0.015900	
1407.089445  1  0.015900	
1407.288139  1  0.015900	
1407.485814  1  0.015900	
1407.683803  1  0.015900	
1407.881727  1  0.015900	
1408.079097  1  0.015900	
1408.276059  1  0.015900	
1408.472704  1  0.015900	
1408.669103  1  0.015900	
1408.865318  1  0.015900	
1409.061399  1  0.015900	
1409.257395  1  0.015900	
1409.453605  1  0.015900	
1409.649875  1  0.015900	
1409.845566  1  0.015900	
1410.040870  1  0.015900	
1410.235891  1  0.015900	
1410.430709  1  0.015900	
1410.625380  1  0.015900	
1410.819955  1  0.015900	
1411.014726  1  0.015900	
1411.209542  1  0.015900	
1411.403774  1  0.015900	
1411.597647  1  0.015900	
1411.791272  1  0.015900	
1411.984720  1  0.015900	
1412.178303  1  0.015900	
1412.371795  1  0.015900	
1412.564860  1  0.015900	
1412.757638  1  0.015900	
1412.950376  1  0.015900	
1413.143058  1  0.015900	
1413.335096  1  0.015900	
1413.526726  1  0.015900	
1413.718074  1  0.015900	
1413.909226  1  0.015900	
1414.100248  1  0.015900	
1414.291188  1  0.015900	
1414.482083  1  0.015900	
1414.672961  1  0.015900	
1414.863840  1  0.015900	
1415.054736  1  0.015900	
1415.245657  1  0.015900	
1415.436610  1  0.015900	
1415.627601  1  0.015900	
1415.818631  1  0.015900	
1416.009702  1  0.015900	
1416.200818  1  0.015900	
1416.391971  1  0.015900	
1416.583166  1  0.015900	
1416.774398  1  0.015900	
1416.965563  1  0.015900	
1417.156708  1  0.015900	
1417.347829  1  0.015900	
1417.538937  1  0.015900	
1417.730040  1  0.015900	
1417.921159  1  0.015900	
1418.112315  1  0.015900	
1418.303527  1  0.015900	
1418.494805  1  0.015900	
1418.686155  1  0.015900	
1418.877581  1  0.015900	
1419.069081  1  0.015900	
1419.260660  1  0.015900	
1419.452317  1  0.015900	
1419.644053  1  0.015900	
1419.835867  1  0.015900	
1420.027772  1  0.015900	
1420.219641  1  0.015900	
1420.411519  1  0.015900	
1420.603387  1  0.015900	
1420.795261  1  0.015900	
1420.987169  1  0.015900	
1421.179138  1  0.015900	
1421.371185  1  0.015900	
1421.563319  1  0.015900	
1421.755545  1  0.015900	
1421.947865  1  0.015900	
1422.140283  1  0.015900	
1422.332799  1  0.015900	
1422.525414  1  0.015900	
1422.718119  1  0.015900	
1422.910846  1  0.015900	
1423.103603  1  0.015900	
1423.296374  1  0.015900	
1423.489171  1  0.015900	
1423.682020  1  0.015900	
1423.874945  1  0.015900	
1424.067963  1  0.015900	
1424.261085  1  0.015900	
1424.454318  1  0.015900	
1424.647669  1  0.015900	
1424.841137  1  0.015900	
1425.034656  1  0.015900	
1425.228244  1  0.015900	
1425.421889  1  0.015900	
1425.615593  1  0.015900	
1425.809378  1  0.015900	
1426.003265  1  0.015900	
1426.197267  1  0.015900	
1426.391404  1  0.015900	
1426.585646  1  0.015900	
1426.779959  1  0.015900	
1426.974349  1  0.015900	
1427.168833  1  0.015900	
1427.363437  1  0.015900	
1427.558149  1  0.015900	
1427.752975  1  0.015900	
1427.947938  1  0.015900	
1428.143067  1  0.015900	
1428.338330  1  0.015900	
1428.533711  1  0.015900	
1428.729238  1  0.015900	
1428.924952  1  0.015900	
1429.120885  1  0.015900	
1429.317053  1  0.015900	
1429.513462  1  0.015900	
1429.710109  1  0.015900	
1429.906990  1  0.015900	
1430.104097  1  0.015900	
1430.301424  1  0.015900	
1430.498963  1  0.015900	
1430.696708  1  0.015900	
1430.894655  1  0.015900	
1431.092798  1  0.015900	
1431.291135  1  0.015900	
1431.489702  1  0.015900	
1431.688418  1  0.015900	
1431.887031  1  0.015900	
1432.085597  1  0.015900	
1432.284261  1  0.015900	
1432.483146  1  0.015900	
1432.682334  1  0.015900	
1432.881872  1  0.015900	
1433.081778  1  0.015900	
1433.282054  1  0.015900	
1433.482695  1  0.015900	
1433.683690  1  0.015900	
1433.885025  1  0.015900	
1434.086688  1  0.015900	
1434.288668  1  0.015900	
1434.490956  1  0.015900	
1434.693535  1  0.015900	
1434.896392  1  0.015900	
1435.099524  1  0.015900	
1435.302927  1  0.015900	
1435.506599  1  0.015900	
1435.710537  1  0.015900	
1435.914740  1  0.015900	
1436.119205  1  0.015900	
1436.323931  1  0.015900	
1436.528919  1  0.015900	
1436.734170  1  0.015900	
1436.939675  1  0.015900	
1437.145431  1  0.015900	
1437.351438  1  0.015900	
1437.557702  1  0.015900	
1437.764223  1  0.015900	
1437.971013  1  0.015900	
1438.178075  1  0.015900	
1438.385410  1  0.015900	
1438.593020  1  0.015900	
1438.800910  1  0.015900	
1439.009070  1  0.015900	
1439.217497  1  0.015900	
1439.426196  1  0.015900	
1439.635171  1  0.015900	
1439.844427  1  0.015900	
1440.053959  1  0.015900	
1440.263778  1  0.015900	
1440.473887  1  0.015900	
1440.684289  1  0.015900	
1440.895000  1  0.015900	
1441.105994  1  0.015900	
1441.317280  1  0.015900	
1441.528861  1  0.015900	
1441.740744  1  0.015900	
1441.952933  1  0.015900	
1442.165432  1  0.015900	
1442.378245  1  0.015900	
1442.591377  1  0.015900	
1442.804829  1  0.015900	
1443.018621  1  0.015900	
1443.232727  1  0.015900	
1443.447154  1  0.015900	
1443.661907  1  0.015900	
1443.876993  1  0.015900	
1444.092418  1  0.015900	
1444.308186  1  0.015900	
1444.524301  1  0.015900	
1444.740769  1  0.015900	
1444.957607  1  0.015900	
1445.174792  1  0.015900	
1445.392331  1  0.015900	
1445.610231  1  0.015900	
1445.828498  1  0.015900	
1446.047137  1  0.015900	
1446.266155  1  0.015900	
1446.485557  1  0.015900	
1446.705362  1  0.015900	
1446.925547  1  0.015900	
1447.146121  1  0.015900	
1447.367090  1  0.015900	
1447.588466  1  0.015900	
1447.810251  1  0.015900	
1448.032450  1  0.015900	
1448.255223  1  0.015900	
1448.478248  1  0.015900	
1448.701609  1  0.015900	
1448.925335  1  0.015900	
1449.149455  1  0.015900	
1449.373993  1  0.015900	
1449.598965  1  0.015900	
1449.824386  1  0.015900	
1450.050266  1  0.015900	
1450.276615  1  0.015900	
1450.503440  1  0.015900	
1450.730749  1  0.015900	
1450.958552  1  0.015900	
1451.186854  1  0.015900	
1451.415663  1  0.015900	
1451.644985  1  0.015900	
1451.874828  1  0.015900	
1452.105198  1  0.015900	
1452.336104  1  0.015900	
1452.567551  1  0.015900	
1452.799548  1  0.015900	
1453.032102  1  0.015900	
1453.265220  1  0.015900	
1453.498910  1  0.015900	
1453.733179  1  0.015900	
1453.968035  1  0.015900	
1454.203487  1  0.015900	
1454.439542  1  0.015900	
1454.676209  1  0.015900	
1454.913496  1  0.015900	
1455.151411  1  0.015900	
1455.389964  1  0.015900	
1455.629163  1  0.015900	
1455.869018  1  0.015900	
1456.109538  1  0.015900	
1456.350733  1  0.015900	
1456.592612  1  0.015900	
1456.835185  1  0.015900	
1457.078463  1  0.015900	
1457.322455  1  0.015900	
1457.567173  1  0.015900	
1457.812628  1  0.015900	
1458.058830  1  0.015900	
1458.305792  1  0.015900	
1458.553524  1  0.015900	
1458.802038  1  0.015900	
1459.051348  1  0.015900	
1459.301465  1  0.015900	
1459.552402  1  0.015900	
1459.804172  1  0.015900	
1460.056790  1  0.015900	
1460.310268  1  0.015900	
1460.564617  1  0.015900	
1460.819855  1  0.015900	
1461.076000  1  0.015900	
1461.333068  1  0.015900	
1461.591076  1  0.015900	
1461.850045  1  0.015900	
1462.109994  1  0.015900	
1462.370941  1  0.015900	
1462.633127  1  0.015900	
1462.896219  1  0.015900	
1463.160246  1  0.015900	
1463.425253  1  0.015900	
1463.691287  1  0.015900	
1463.958387  1  0.015900	
1464.226585  1  0.015900	
1464.495913  1  0.015900	
1464.766396  1  0.015900	
1465.038062  1  0.015900	
1465.310937  1  0.015900	
1465.585047  1  0.015900	
1465.860420  1  0.015900	
1466.137084  1  0.015900	
1466.415068  1  0.015900	
1466.694393  1  0.015900	
1466.975082  1  0.015900	
1467.257163  1  0.015900	
1467.540663  1  0.015900	
1467.825611  1  0.015900	
1468.112039  1  0.015900	
1468.399979  1  0.015900	
1468.689465  1  0.015900	
1468.980532  1  0.015900	
1469.273219  1  0.015900	
1469.567564  1  0.015900	
1469.863607  1  0.015900	
1470.161388  1  0.015900	
1470.460958  1  0.015900	
1470.762355  1  0.015900	
1471.065619  1  0.015900	
1471.370793  1  0.015900	
1471.677924  1  0.015900	
1471.987062  1  0.015900	
1472.298258  1  0.015900	
1472.611569  1  0.015900	
1472.927054  1  0.015900	
1473.244773  1  0.015900	
1473.564791  1  0.015900	
1473.887176  1  0.015900	
1474.212000  1  0.015900	
1474.539335  1  0.015900	
1474.869259  1  0.015900	
1475.201467  1  0.015900	
1475.536003  1  0.015900	
1475.872951  1  0.015900	
1476.212397  1  0.015900	
1476.554433  1  0.015900	
1476.899154  1  0.015900	
1477.246660  1  0.015900	
1477.597056  1  0.015900	
1477.950452  1  0.015900	
1478.306966  1  0.015900	
1478.666720  1  0.015900	
1479.029847  1  0.015900	
1479.394166  1  0.015900	
1479.758723  1  0.015900	
1480.123520  1  0.015900	
1480.488556  1  0.015900	
1480.853832  1  0.015900	
1481.219348  1  0.015900	
1481.585106  1  0.015900	
1481.951105  1  0.015900	
1482.317346  1  0.015900	
1482.683830  1  0.015900	
1483.050556  1  0.015900	
1483.417525  1  0.015900	
1483.784736  1  0.015900	
1484.152192  1  0.015900	
1484.519891  1  0.015900	
1484.887834  1  0.015900	
1485.256022  1  0.015900	
1485.624454  1  0.015900	
1485.993131  1  0.015900	
1486.362053  1  0.015900	
1486.731220  1  0.015900	
1487.100631  1  0.015900	
1487.470286  1  0.015900	
1487.840186  1  0.015900	
1488.210329  1  0.015900	
1488.580716  1  0.015900	
1488.951347  1  0.015900	
1489.322220  1  0.015900	
1489.693335  1  0.015900	
1490.064692  1  0.015900	
1490.436290  1  0.015900	
1490.808129  1  0.015900	
1491.180207  1  0.015900	
1491.552525  1  0.015900	
1491.911224  1  0.015900	
1492.269778  1  0.015900	
1492.627014  1  0.015900	
1492.982658  1  0.015900	
1493.336917  1  0.015900	
1493.689563  1  0.015900	
1494.040805  1  0.015900	
1494.390414  1  0.015900	
1494.738603  1  0.015900	
1495.085138  1  0.015900	
