   5.2000000e+01
   5.2000000e+01
   5.2000000e+01
   5.2000000e+01
   5.2000000e+01
   5.2000000e+01
   5.2000000e+01
   5.2000000e+01
   5.2000000e+01
   5.2000000e+01
   5.2000000e+01
   5.2000000e+01
   5.2000000e+01
   5.2000000e+01
   5.2000000e+01
   5.2000000e+01
   5.2000000e+01
   5.2000000e+01
   5.2000000e+01
   5.2000000e+01
   5.2000000e+01
   5.1911689e+01
   5.1735066e+01
   5.1558443e+01
   5.1293159e+01
   5.0939214e+01
   5.2044506e+01
   5.2133517e+01
   5.2354995e+01
   5.2708941e+01
   5.3062886e+01
   5.2000000e+01
   5.0585268e+01
   5.0231323e+01
   5.3416831e+01
   5.3770777e+01
   5.4124722e+01
   5.4478668e+01
   5.4832613e+01
   5.2000698e+01
   5.5186559e+01
   5.5540504e+01
   5.5894449e+01
   5.6248395e+01
   5.6602340e+01
   5.1996510e+01
   5.6956286e+01
   5.7310231e+01
   5.7664176e+01
   5.8018122e+01
   5.8372067e+01
   5.1991972e+01
   5.1987086e+01
   5.1985690e+01
   5.1991449e+01
   5.1973158e+01
   5.1945715e+01
   5.1931253e+01
   5.1875155e+01
   5.1777424e+01
   5.1679692e+01
   5.1468042e+01
   5.1142475e+01
   5.1983678e+01
   5.2102991e+01
   5.2222304e+01
   5.2444744e+01
   5.2770311e+01
   5.0816908e+01
   5.0491341e+01
   5.0165774e+01
   5.3095878e+01
   5.3421445e+01
   5.3747012e+01
   5.4072579e+01
   5.4398146e+01
   5.4723714e+01
   5.5049281e+01
   5.5374848e+01
   5.5700415e+01
   5.6025982e+01
   5.6351549e+01
   5.6677116e+01
   5.0108071e+01
   5.0193192e+01
   5.0255994e+01
   5.0339770e+01
   5.0415355e+01
   5.0461776e+01
   5.6761743e+01
   5.6644507e+01
   5.0524317e+01
   5.6529203e+01
   5.6387853e+01
   5.0583312e+01
   5.0640937e+01
   5.6290166e+01
   5.6206841e+01
   5.0707150e+01
   5.6103090e+01
   5.0749530e+01
   5.6029646e+01
   5.0794327e+01
   5.5988735e+01
   5.5931203e+01
   5.0846739e+01
   5.5875589e+01
   5.0879353e+01
   5.5821416e+01
   5.0911689e+01
   5.5767964e+01
   5.5723476e+01
   5.0943887e+01
   5.5683470e+01
   5.0971846e+01
   5.5639249e+01
   5.0997685e+01
   5.5596241e+01
   5.5571994e+01
   5.1025263e+01
   5.5538467e+01
   5.5506362e+01
   5.1053710e+01
   5.5473493e+01
   5.1077426e+01
   5.5440243e+01
   5.5411647e+01
   5.1098777e+01
   5.5385378e+01
   5.1123050e+01
   5.5358067e+01
   5.5330233e+01
   5.1148786e+01
   5.5306783e+01
   5.1169020e+01
   5.5285525e+01
   5.5262249e+01
   5.1186504e+01
   5.5237962e+01
   5.1207541e+01
   5.5218133e+01
   5.5200533e+01
   5.1230354e+01
   5.5180981e+01
   5.1248011e+01
   5.5160454e+01
   5.5144318e+01
   5.1263090e+01
   5.5130378e+01
   5.1282489e+01
   5.5104605e+01
   5.5074044e+01
   5.5055173e+01
   5.5002783e+01
   5.4916874e+01
   5.4830964e+01
   5.4657895e+01
   5.5089526e+01
   5.5177103e+01
   5.5264680e+01
   5.5438583e+01
   5.5698812e+01
   5.1304049e+01
   5.5959041e+01
   5.6219271e+01
   5.6479500e+01
   5.6739730e+01
   5.6999959e+01
   5.1320242e+01
   5.7260188e+01
   5.7520418e+01
   5.7780647e+01
   5.8040876e+01
   5.8301106e+01
   5.8561335e+01
   5.8821564e+01
   5.9081794e+01
   5.9342023e+01
   5.9602252e+01
   5.1333753e+01
   5.9862482e+01
   6.0122711e+01
   6.0382940e+01
   6.0643170e+01
   6.0903399e+01
   5.1352559e+01
   6.1163629e+01
   6.1423858e+01
   6.1684087e+01
   6.1944317e+01
   6.2204546e+01
   5.1374014e+01
   5.1389824e+01
   6.2464775e+01
   5.1402811e+01
   5.1421653e+01
   5.1443421e+01
   5.1459405e+01
   5.1472497e+01
   5.1491930e+01
   5.1514534e+01
   5.1531354e+01
   5.1545283e+01
   5.1567848e+01
   5.1594730e+01
   5.1597553e+01
   5.1588665e+01
   5.1583167e+01
   5.1485830e+01
   5.1296654e+01
   5.1107478e+01
   5.0823325e+01
   5.0444195e+01
   5.1628101e+01
   5.1723467e+01
   5.1960715e+01
   5.0065065e+01
   4.9685935e+01
   4.9306805e+01
   4.8927675e+01
   4.8548545e+01
   4.8169415e+01
   4.7790285e+01
   4.7411156e+01
   4.7032026e+01
   4.6652896e+01
   4.6273766e+01
   4.5894636e+01
   4.5515506e+01
   4.5136376e+01
   4.4757246e+01
   4.4378116e+01
   4.3998986e+01
   4.3619856e+01
   4.3240726e+01
   4.2861596e+01
   6.2485169e+01
   6.2323449e+01
   6.2219452e+01
   6.2067359e+01
   6.1921754e+01
   6.1830734e+01
   6.1700854e+01
   6.1574300e+01
   6.1449967e+01
   6.1332159e+01
   6.1260840e+01
   6.1162543e+01
   6.1068587e+01
   6.0970075e+01
   6.0874327e+01
   6.0817219e+01
   6.0740241e+01
   6.0667607e+01
   6.0586153e+01
   6.0504936e+01
   6.0456988e+01
   6.0392622e+01
   6.0332036e+01
   6.0264027e+01
   6.0196121e+01
   6.0155935e+01
   6.0100180e+01
   6.0046687e+01
   5.9990450e+01
   5.9932841e+01
   5.9883139e+01
   5.9837392e+01
   5.9787236e+01
   5.9734877e+01
   5.9691349e+01
   5.9652236e+01
   5.9607183e+01
   5.9559160e+01
   5.9522276e+01
   5.9488052e+01
   5.9461354e+01
   5.9421237e+01
   5.9381086e+01
   5.9347105e+01
   5.9316208e+01
   5.9280942e+01
   5.9243490e+01
   5.9214162e+01
   5.9188895e+01
   5.9156822e+01
   5.9124471e+01
   5.9107070e+01
   5.9086886e+01
   5.9072147e+01
   5.9065633e+01
   5.8996021e+01
   5.8863312e+01
   5.8730603e+01
   5.8477930e+01
   5.8105292e+01
   5.9120234e+01
   5.9235950e+01
   5.9351666e+01
   5.9595843e+01
   5.9968480e+01
   5.7732654e+01
   5.7360017e+01
   5.6987379e+01
   6.0341118e+01
   6.0713756e+01
   6.1086393e+01
   6.1459031e+01
   6.1831669e+01
   6.2204307e+01
   6.2576944e+01
   6.2949582e+01
   6.3322220e+01
   6.3694857e+01
   6.4067495e+01
   6.4440133e+01
   6.4812770e+01
   6.5185408e+01
   6.5558046e+01
   6.5930683e+01
   6.6303321e+01
   6.6438366e+01
   6.6367302e+01
   6.6332291e+01
   6.6296904e+01
   6.6256570e+01
   6.6204031e+01
   6.6155474e+01
   6.6091397e+01
   6.6019559e+01
   6.5958224e+01
   6.5902140e+01
   6.5842359e+01
   6.5780730e+01
   6.5725064e+01
   6.5672378e+01
   6.5619555e+01
   6.5566664e+01
   5.2244500e+01
   5.2363938e+01
   5.2403117e+01
   5.2435621e+01
   4.2710418e+01
   6.5515353e+01
   4.2761730e+01
   5.2477959e+01
   4.2783624e+01
   5.2525550e+01
   5.2591357e+01
   4.2806762e+01
   5.2654375e+01
   5.2717939e+01
   4.2835101e+01
   6.5469185e+01
   5.2781776e+01
   5.2836635e+01
   6.5444206e+01
   4.2870821e+01
   6.5402242e+01
   5.2887006e+01
   5.2937376e+01
   6.5338125e+01
   5.2987747e+01
   4.2903147e+01
   5.3032945e+01
   5.3074850e+01
   5.3101844e+01
   6.5275114e+01
   4.2934849e+01
   6.5232560e+01
   6.5188349e+01
   5.3050217e+01
   5.2919970e+01
   5.2789723e+01
   5.2537821e+01
   5.2164265e+01
   5.3174736e+01
   5.3293526e+01
   5.3412316e+01
   5.3658489e+01
   5.4032044e+01
   5.1790709e+01
   5.1417153e+01
   5.1043597e+01
   5.0670042e+01
   5.0296486e+01
   5.4405600e+01
   5.4779156e+01
   5.5152712e+01
   4.9922930e+01
   4.9549374e+01
   4.9175818e+01
   4.8802262e+01
   4.8428706e+01
   4.8055150e+01
   4.7681595e+01
   4.7308039e+01
   4.6934483e+01
   4.6560927e+01
   6.5143309e+01
   6.5113513e+01
   6.5083948e+01
   6.5054384e+01
   4.2966238e+01
   4.6187371e+01
   4.5813815e+01
   4.5440259e+01
   4.5066703e+01
   4.4693148e+01
   4.3007594e+01
   4.4319592e+01
   4.3946036e+01
   4.3572480e+01
   6.4973822e+01
   6.4842262e+01
   6.4710702e+01
   6.4452050e+01
   6.4066303e+01
   6.5102404e+01
   6.5228008e+01
   6.5353613e+01
   6.5609289e+01
   6.5995035e+01
   6.3680557e+01
   6.3294810e+01
   6.2909064e+01
   6.2523318e+01
   6.2137571e+01
   6.6380781e+01
   6.6766528e+01
   6.7152274e+01
   6.7538020e+01
   6.7923767e+01
   6.8309513e+01
   6.8695260e+01
   6.9081006e+01
   6.9466752e+01
   6.9852499e+01
   6.1751825e+01
   6.1366079e+01
   6.0980332e+01
   6.0594586e+01
   6.0208840e+01
   7.0238245e+01
   7.0623991e+01
   7.1009738e+01
   7.1395484e+01
   7.1781230e+01
   5.9823093e+01
   7.2166977e+01
   4.3053934e+01
   4.3096198e+01
   4.3136425e+01
   4.3162760e+01
   4.3177174e+01
   4.3179403e+01
