   9.9800000e+01
   1.0020000e+02
   9.9400000e+01
   1.0060000e+02
   9.9000000e+01
   1.0100000e+02
   9.8600000e+01
   1.0140000e+02
   9.8200000e+01
   1.0180000e+02
   9.7800000e+01
   1.0220000e+02
   9.7400000e+01
   1.0260000e+02
   9.7000000e+01
   1.0300000e+02
   9.6600000e+01
   9.6329364e+01
   9.6188091e+01
   1.0340000e+02
   1.0380000e+02
   9.6072416e+01
   9.5982340e+01
   9.5892264e+01
   9.5756972e+01
   9.5576464e+01
   9.6140151e+01
   9.6185546e+01
   9.6298498e+01
   9.6479007e+01
   9.6659515e+01
   1.0420000e+02
   9.5395955e+01
   9.5215446e+01
   9.6840024e+01
   9.7020533e+01
   9.7201041e+01
   9.7381550e+01
   9.7562058e+01
   1.0460000e+02
   9.7742567e+01
   9.7923076e+01
   9.8103584e+01
   9.8284093e+01
   9.8464602e+01
   1.0499994e+02
   9.8645110e+01
   9.8825619e+01
   9.9006127e+01
   9.9186636e+01
   9.9367145e+01
   1.0539988e+02
   1.0579981e+02
   1.0619970e+02
   1.0649965e+02
   1.0679861e+02
   1.0706877e+02
   1.0721116e+02
   1.0724715e+02
   1.0717676e+02
   1.0710637e+02
   1.0695393e+02
   1.0671944e+02
   1.0732531e+02
   1.0741125e+02
   1.0749719e+02
   1.0765740e+02
   1.0789189e+02
   1.0648495e+02
   1.0625046e+02
   1.0601597e+02
   1.0812638e+02
   1.0836087e+02
   1.0859536e+02
   1.0882985e+02
   1.0906434e+02
   1.0929883e+02
   1.0953332e+02
   1.0976781e+02
   1.1000230e+02
   1.1023679e+02
   1.1047128e+02
   1.1070577e+02
   9.4932542e+01
   9.4644950e+01
   9.4455066e+01
   9.4167103e+01
   9.3876814e+01
   9.3682276e+01
   1.1100712e+02
   1.1128326e+02
   9.3388912e+01
   1.1156021e+02
   1.1193422e+02
   9.3094770e+01
   9.2800358e+01
   1.1221787e+02
   1.1250587e+02
   9.2405999e+01
   1.1289217e+02
   9.2109007e+01
   1.1318291e+02
   9.1812376e+01
   1.1337868e+02
   1.1367310e+02
   9.1415927e+01
   1.1396790e+02
   9.1117705e+01
   1.1426297e+02
   9.0819453e+01
   1.1455817e+02
   1.1485478e+02
   9.0521186e+01
   1.1515210e+02
   9.0222506e+01
   1.1544881e+02
   8.9923621e+01
   1.1574567e+02
   1.1594420e+02
   8.9624894e+01
   1.1624231e+02
   1.1654059e+02
   8.9326246e+01
   1.1683878e+02
   8.9027204e+01
   1.1713693e+02
   1.1743555e+02
   8.8727964e+01
   1.1773440e+02
   8.8428955e+01
   1.1803315e+02
   1.1833186e+02
   8.8130061e+01
   1.1863092e+02
   8.7830770e+01
   1.1893017e+02
   1.1922926e+02
   8.7531280e+01
   1.1952827e+02
   8.7232029e+01
   1.1982760e+02
   1.2012709e+02
   8.6932897e+01
   1.2042644e+02
   8.6633440e+01
   1.2072574e+02
   1.2102529e+02
   8.6333819e+01
   1.2132497e+02
   8.6034462e+01
   1.2162374e+02
   1.2191145e+02
   1.2208910e+02
   1.2212866e+02
   1.2203014e+02
   1.2193163e+02
   1.2173315e+02
   1.2222814e+02
   1.2232857e+02
   1.2242900e+02
   1.2262843e+02
   1.2292686e+02
   8.5735238e+01
   1.2322528e+02
   1.2352371e+02
   1.2382213e+02
   1.2412056e+02
   1.2441899e+02
   8.5435699e+01
   1.2471741e+02
   1.2501584e+02
   1.2531426e+02
   1.2561269e+02
   1.2591111e+02
   1.2620954e+02
   1.2650797e+02
   1.2680639e+02
   1.2710482e+02
   1.2740324e+02
   8.5136004e+01
   1.2770167e+02
   1.2800009e+02
   1.2829852e+02
   1.2859695e+02
   1.2889537e+02
   8.4836617e+01
   1.2919380e+02
   1.2949222e+02
   1.2979065e+02
   1.3008908e+02
   1.3038750e+02
   8.4537386e+01
   8.4237829e+01
   1.3068593e+02
   8.3938110e+01
   8.3638731e+01
   8.3339522e+01
   8.3039976e+01
   8.2740262e+01
   8.2440926e+01
   8.2141779e+01
   8.1842279e+01
   8.1542602e+01
   8.1243515e+01
   8.0944721e+01
   8.0645218e+01
   8.0355786e+01
   8.0176734e+01
   8.0054591e+01
   7.9989357e+01
   7.9924123e+01
   7.9826138e+01
   7.9695401e+01
   8.0103651e+01
   8.0136536e+01
   8.0218347e+01
   7.9564665e+01
   7.9433929e+01
   7.9303192e+01
   7.9172456e+01
   7.9041720e+01
   7.8910983e+01
   7.8780247e+01
   7.8649510e+01
   7.8518774e+01
   7.8388038e+01
   7.8257301e+01
   7.8126565e+01
   7.7995829e+01
   7.7865092e+01
   7.7734356e+01
   7.7603620e+01
   7.7472883e+01
   7.7342147e+01
   7.7211411e+01
   7.7080674e+01
   1.3100236e+02
   1.3125499e+02
   1.3142583e+02
   1.3168439e+02
   1.3194659e+02
   1.3212468e+02
   1.3239505e+02
   1.3266705e+02
   1.3294007e+02
   1.3321585e+02
   1.3340270e+02
   1.3368606e+02
   1.3397097e+02
   1.3425431e+02
   1.3453852e+02
   1.3473020e+02
   1.3502008e+02
   1.3531116e+02
   1.3559982e+02
   1.3588853e+02
   1.3608270e+02
   1.3637566e+02
   1.3666948e+02
   1.3696162e+02
   1.3725378e+02
   1.3744970e+02
   1.3774446e+02
   1.3803965e+02
   1.3833433e+02
   1.3862874e+02
   1.3892454e+02
   1.3922103e+02
   1.3951680e+02
   1.3981219e+02
   1.4010895e+02
   1.4040639e+02
   1.4070296e+02
   1.4099909e+02
   1.4129671e+02
   1.4159472e+02
   1.4179293e+02
   1.4209023e+02
   1.4238753e+02
   1.4268557e+02
   1.4298398e+02
   1.4328188e+02
   1.4357953e+02
   1.4387804e+02
   1.4417697e+02
   1.4447522e+02
   1.4477343e+02
   1.4497267e+02
   1.4527197e+02
   1.4552827e+02
   1.4564154e+02
   1.4567001e+02
   1.4561370e+02
   1.4555738e+02
   1.4545015e+02
   1.4529202e+02
   1.4572273e+02
   1.4577183e+02
   1.4582094e+02
   1.4592456e+02
   1.4608269e+02
   1.4513389e+02
   1.4497575e+02
   1.4481762e+02
   1.4624083e+02
   1.4639896e+02
   1.4655709e+02
   1.4671523e+02
   1.4687336e+02
   1.4703150e+02
   1.4718963e+02
   1.4734776e+02
   1.4750590e+02
   1.4766403e+02
   1.4782217e+02
   1.4798030e+02
   1.4813844e+02
   1.4829657e+02
   1.4845470e+02
   1.4861284e+02
   1.4877097e+02
   1.4904336e+02
   1.4933469e+02
   1.4953155e+02
   1.4972833e+02
   1.4992422e+02
   1.5021953e+02
   1.5051557e+02
   1.5080844e+02
   1.5109971e+02
   1.5139327e+02
   1.5168798e+02
   1.5198196e+02
   1.5227556e+02
   1.5257032e+02
   1.5286565e+02
   1.5316097e+02
   1.5345627e+02
   8.0107299e+01
   7.9834115e+01
   7.9638326e+01
   7.9441040e+01
   7.6819025e+01
   1.5375184e+02
   7.6523582e+01
   7.9245646e+01
   7.6324824e+01
   7.9051391e+01
   7.8758726e+01
   7.6126236e+01
   7.8465419e+01
   7.8172231e+01
   7.5928253e+01
   1.5404821e+02
   7.7879101e+01
   7.7584231e+01
   1.5424664e+02
   7.5630427e+01
   1.5454367e+02
   7.7288490e+01
   7.6992749e+01
   1.5493847e+02
   7.6697008e+01
   7.5332174e+01
   7.6400455e+01
   7.6108423e+01
   7.5920304e+01
   1.5533342e+02
   7.5033854e+01
   1.5563039e+02
   1.5592711e+02
   7.5801726e+01
   7.5752688e+01
   7.5703650e+01
   7.5608809e+01
   7.5468165e+01
   7.5848607e+01
   7.5893331e+01
   7.5938056e+01
   7.6030740e+01
   7.6171383e+01
   7.5327522e+01
   7.5186878e+01
   7.5046235e+01
   7.4905591e+01
   7.4764947e+01
   7.6312027e+01
   7.6452671e+01
   7.6593314e+01
   7.4624304e+01
   7.4483660e+01
   7.4343017e+01
   7.4202373e+01
   7.4061730e+01
   7.3921086e+01
   7.3780442e+01
   7.3639799e+01
   7.3499155e+01
   7.3358512e+01
   1.5622371e+02
   1.5641992e+02
   1.5661461e+02
   1.5680930e+02
   7.4735500e+01
   7.3217868e+01
   7.3077224e+01
   7.2936581e+01
   7.2795937e+01
   7.2655294e+01
   7.4438450e+01
   7.2514650e+01
   7.2374006e+01
   7.2233363e+01
   1.5688572e+02
   1.5684386e+02
   1.5680200e+02
   1.5671970e+02
   1.5659697e+02
   1.5692663e+02
   1.5696660e+02
   1.5700656e+02
   1.5708791e+02
   1.5721065e+02
   1.5647423e+02
   1.5635149e+02
   1.5622875e+02
   1.5610602e+02
   1.5598328e+02
   1.5733339e+02
   1.5745612e+02
   1.5757886e+02
   1.5770160e+02
   1.5782433e+02
   1.5794707e+02
   1.5806981e+02
   1.5819255e+02
   1.5831528e+02
   1.5843802e+02
   1.5586054e+02
   1.5573781e+02
   1.5561507e+02
   1.5549233e+02
   1.5536960e+02
   1.5856076e+02
   1.5868349e+02
   1.5880623e+02
   1.5892897e+02
   1.5905170e+02
   1.5524686e+02
   1.5917444e+02
   7.4142050e+01
   7.3845056e+01
   7.3547766e+01
   7.3249087e+01
   7.2849511e+01
   7.2549519e+01
