   5.0000000e+01   9.8500000e+01   5.0000000e+01   9.9000000e+01   1.0000000e+00
   5.0000000e+01   9.9000000e+01   5.0000000e+01   9.9500000e+01   1.0000000e+00
   5.0000000e+01   9.9500000e+01   5.0000000e+01   1.0000000e+02   1.0000000e+00
   5.0000000e+01   1.0000000e+02   5.0000000e+01   1.0050000e+02   1.0000000e+00
   5.0000000e+01   1.0050000e+02   5.0000000e+01   1.0100000e+02   1.0000000e+00
   5.0000000e+01   1.0100000e+02   5.0000000e+01   1.0150000e+02   1.0000000e+00
   4.2339600e+01   7.3572100e+01   4.2722620e+01   7.3893495e+01   2.0000000e+00
   4.2722620e+01   7.3893495e+01   4.3105640e+01   7.4214890e+01   2.0000000e+00
   4.3105640e+01   7.4214890e+01   4.3488660e+01   7.4536285e+01   2.0000000e+00
   4.3488660e+01   7.4536285e+01   4.3871680e+01   7.4857680e+01   2.0000000e+00
   4.3871680e+01   7.4857680e+01   4.4254700e+01   7.5179075e+01   2.0000000e+00
   4.4254700e+01   7.5179075e+01   4.4637720e+01   7.5500470e+01   2.0000000e+00
   4.4637720e+01   7.5500470e+01   4.5020740e+01   7.5821865e+01   2.0000000e+00
   4.5020740e+01   7.5821865e+01   4.5403760e+01   7.6143260e+01   2.0000000e+00
   4.5403760e+01   7.6143260e+01   4.5786780e+01   7.6464655e+01   2.0000000e+00
   4.5786780e+01   7.6464655e+01   4.6169800e+01   7.6786050e+01   2.0000000e+00
   4.6169800e+01   7.6786050e+01   4.6552820e+01   7.7107445e+01   2.0000000e+00
   4.6552820e+01   7.7107445e+01   4.6935840e+01   7.7428840e+01   2.0000000e+00
   4.6935840e+01   7.7428840e+01   4.7318860e+01   7.7750235e+01   2.0000000e+00
   4.7318860e+01   7.7750235e+01   4.7701880e+01   7.8071630e+01   2.0000000e+00
   4.7701880e+01   7.8071630e+01   4.8084900e+01   7.8393025e+01   2.0000000e+00
   4.8084900e+01   7.8393025e+01   4.8467920e+01   7.8714420e+01   2.0000000e+00
   4.8467920e+01   7.8714420e+01   4.8850940e+01   7.9035815e+01   2.0000000e+00
   4.8850940e+01   7.9035815e+01   4.9233960e+01   7.9357210e+01   2.0000000e+00
   4.9233960e+01   7.9357210e+01   4.9616980e+01   7.9678605e+01   2.0000000e+00
   4.9616980e+01   7.9678605e+01   4.9808490e+01   7.9839303e+01   2.0000000e+00
   5.0000000e+01   8.0000000e+01   5.0191510e+01   8.0160697e+01   2.0000000e+00
   5.0383020e+01   8.0321395e+01   5.0766040e+01   8.0642790e+01   2.0000000e+00
   5.0766040e+01   8.0642790e+01   5.1149060e+01   8.0964185e+01   2.0000000e+00
   5.1149060e+01   8.0964185e+01   5.1532080e+01   8.1285580e+01   2.0000000e+00
   5.1532080e+01   8.1285580e+01   5.1915100e+01   8.1606975e+01   2.0000000e+00
   5.1915100e+01   8.1606975e+01   5.2298120e+01   8.1928370e+01   2.0000000e+00
   5.2298120e+01   8.1928370e+01   5.2681140e+01   8.2249765e+01   2.0000000e+00
   5.2681140e+01   8.2249765e+01   5.3064160e+01   8.2571160e+01   2.0000000e+00
   5.3064160e+01   8.2571160e+01   5.3447180e+01   8.2892555e+01   2.0000000e+00
   5.3447180e+01   8.2892555e+01   5.3830200e+01   8.3213950e+01   2.0000000e+00
   5.3830200e+01   8.3213950e+01   5.4213220e+01   8.3535345e+01   2.0000000e+00
   5.4213220e+01   8.3535345e+01   5.4596240e+01   8.3856740e+01   2.0000000e+00
   5.4596240e+01   8.3856740e+01   5.4979260e+01   8.4178135e+01   2.0000000e+00
   5.4979260e+01   8.4178135e+01   5.5362280e+01   8.4499530e+01   2.0000000e+00
   5.5362280e+01   8.4499530e+01   5.5745300e+01   8.4820925e+01   2.0000000e+00
   5.5745300e+01   8.4820925e+01   5.6128320e+01   8.5142320e+01   2.0000000e+00
   5.6128320e+01   8.5142320e+01   5.6511340e+01   8.5463715e+01   2.0000000e+00
   5.6511340e+01   8.5463715e+01   5.6894360e+01   8.5785110e+01   2.0000000e+00
   5.6894360e+01   8.5785110e+01   5.7277380e+01   8.6106505e+01   2.0000000e+00
   5.7277380e+01   8.6106505e+01   5.7660400e+01   8.6427900e+01   2.0000000e+00
   4.2339600e+01   1.1357210e+02   4.2722620e+01   1.1389350e+02   2.0000000e+00
   4.2722620e+01   1.1389350e+02   4.3105640e+01   1.1421489e+02   2.0000000e+00
   4.3105640e+01   1.1421489e+02   4.3488660e+01   1.1453629e+02   2.0000000e+00
   4.3488660e+01   1.1453629e+02   4.3871680e+01   1.1485768e+02   2.0000000e+00
   4.3871680e+01   1.1485768e+02   4.4254700e+01   1.1517908e+02   2.0000000e+00
   4.4254700e+01   1.1517908e+02   4.4637720e+01   1.1550047e+02   2.0000000e+00
   4.4637720e+01   1.1550047e+02   4.5020740e+01   1.1582187e+02   2.0000000e+00
   4.5020740e+01   1.1582187e+02   4.5403760e+01   1.1614326e+02   2.0000000e+00
   4.5403760e+01   1.1614326e+02   4.5786780e+01   1.1646466e+02   2.0000000e+00
   4.5786780e+01   1.1646466e+02   4.6169800e+01   1.1678605e+02   2.0000000e+00
   4.6169800e+01   1.1678605e+02   4.6552820e+01   1.1710745e+02   2.0000000e+00
   4.6552820e+01   1.1710745e+02   4.6935840e+01   1.1742884e+02   2.0000000e+00
   4.6935840e+01   1.1742884e+02   4.7318860e+01   1.1775024e+02   2.0000000e+00
   4.7318860e+01   1.1775024e+02   4.7701880e+01   1.1807163e+02   2.0000000e+00
   4.7701880e+01   1.1807163e+02   4.8084900e+01   1.1839302e+02   2.0000000e+00
   4.8084900e+01   1.1839302e+02   4.8467920e+01   1.1871442e+02   2.0000000e+00
   4.8467920e+01   1.1871442e+02   4.8850940e+01   1.1903582e+02   2.0000000e+00
   4.8850940e+01   1.1903582e+02   4.9233960e+01   1.1935721e+02   2.0000000e+00
   4.9233960e+01   1.1935721e+02   4.9616980e+01   1.1967861e+02   2.0000000e+00
   4.9616980e+01   1.1967861e+02   4.9808490e+01   1.1983930e+02   2.0000000e+00
   5.0000000e+01   1.2000000e+02   5.0191510e+01   1.2016070e+02   2.0000000e+00
   5.0383020e+01   1.2032140e+02   5.0766040e+01   1.2064279e+02   2.0000000e+00
   5.0766040e+01   1.2064279e+02   5.1149060e+01   1.2096419e+02   2.0000000e+00
   5.1149060e+01   1.2096419e+02   5.1532080e+01   1.2128558e+02   2.0000000e+00
   5.1532080e+01   1.2128558e+02   5.1915100e+01   1.2160698e+02   2.0000000e+00
   5.1915100e+01   1.2160698e+02   5.2298120e+01   1.2192837e+02   2.0000000e+00
   5.2298120e+01   1.2192837e+02   5.2681140e+01   1.2224977e+02   2.0000000e+00
   5.2681140e+01   1.2224977e+02   5.3064160e+01   1.2257116e+02   2.0000000e+00
   5.3064160e+01   1.2257116e+02   5.3447180e+01   1.2289256e+02   2.0000000e+00
   5.3447180e+01   1.2289256e+02   5.3830200e+01   1.2321395e+02   2.0000000e+00
   5.3830200e+01   1.2321395e+02   5.4213220e+01   1.2353534e+02   2.0000000e+00
   5.4213220e+01   1.2353534e+02   5.4596240e+01   1.2385674e+02   2.0000000e+00
   5.4596240e+01   1.2385674e+02   5.4979260e+01   1.2417814e+02   2.0000000e+00
   5.4979260e+01   1.2417814e+02   5.5362280e+01   1.2449953e+02   2.0000000e+00
   5.5362280e+01   1.2449953e+02   5.5745300e+01   1.2482093e+02   2.0000000e+00
   5.5745300e+01   1.2482093e+02   5.6128320e+01   1.2514232e+02   2.0000000e+00
   5.6128320e+01   1.2514232e+02   5.6511340e+01   1.2546371e+02   2.0000000e+00
   5.6511340e+01   1.2546371e+02   5.6894360e+01   1.2578511e+02   2.0000000e+00
   5.6894360e+01   1.2578511e+02   5.7277380e+01   1.2610651e+02   2.0000000e+00
   5.7277380e+01   1.2610651e+02   5.7660400e+01   1.2642790e+02   2.0000000e+00
   5.0000000e+01   9.8000000e+01   5.0000000e+01   9.8500000e+01   1.0000000e+00
   5.0000000e+01   1.0150000e+02   5.0000000e+01   1.0200000e+02   1.0000000e+00
   5.0000000e+01   9.7500000e+01   5.0000000e+01   9.8000000e+01   1.0000000e+00
   5.0000000e+01   1.0200000e+02   5.0000000e+01   1.0250000e+02   1.0000000e+00
   5.0000000e+01   9.7000000e+01   5.0000000e+01   9.7500000e+01   1.0000000e+00
   5.0000000e+01   1.0250000e+02   5.0000000e+01   1.0300000e+02   1.0000000e+00
   5.0000000e+01   9.6500000e+01   5.0000000e+01   9.7000000e+01   1.0000000e+00
   5.0000000e+01   1.0300000e+02   5.0000000e+01   1.0350000e+02   1.0000000e+00
   5.0000000e+01   9.6000000e+01   5.0000000e+01   9.6500000e+01   1.0000000e+00
   5.0000000e+01   1.0350000e+02   5.0000000e+01   1.0400000e+02   1.0000000e+00
   5.0000000e+01   9.5500000e+01   5.0000000e+01   9.6000000e+01   1.0000000e+00
   5.0000000e+01   1.0400000e+02   5.0000000e+01   1.0450000e+02   1.0000000e+00
   5.0000000e+01   9.5000000e+01   5.0000000e+01   9.5500000e+01   1.0000000e+00
   5.0000000e+01   1.0450000e+02   5.0000000e+01   1.0500000e+02   1.0000000e+00
   5.0000000e+01   9.4500000e+01   5.0000000e+01   9.5000000e+01   1.0000000e+00
   5.0000000e+01   1.0500000e+02   5.0000000e+01   1.0550000e+02   1.0000000e+00
   5.0000000e+01   9.4000000e+01   5.0000000e+01   9.4500000e+01   1.0000000e+00
   5.0000000e+01   1.0550000e+02   5.0000000e+01   1.0600000e+02   1.0000000e+00
   5.0000000e+01   9.3500000e+01   5.0000000e+01   9.4000000e+01   1.0000000e+00
   5.0000000e+01   1.0600000e+02   5.0000000e+01   1.0650000e+02   1.0000000e+00
   5.0000000e+01   9.3000000e+01   5.0000000e+01   9.3500000e+01   1.0000000e+00
   5.0000000e+01   1.0650000e+02   5.0000000e+01   1.0700000e+02   1.0000000e+00
   5.0000000e+01   9.2500000e+01   5.0000000e+01   9.3000000e+01   1.0000000e+00
   5.0000000e+01   1.0700000e+02   5.0000000e+01   1.0750000e+02   1.0000000e+00
   5.0000000e+01   9.2000000e+01   5.0000000e+01   9.2500000e+01   1.0000000e+00
   5.0000000e+01   1.0750000e+02   5.0000000e+01   1.0800000e+02   1.0000000e+00
   5.0000000e+01   9.1500000e+01   5.0000000e+01   9.2000000e+01   1.0000000e+00
   5.0000000e+01   1.0800000e+02   5.0000000e+01   1.0850000e+02   1.0000000e+00
   5.0000000e+01   9.1000000e+01   5.0000000e+01   9.1500000e+01   1.0000000e+00
   5.0000000e+01   1.0850000e+02   5.0000000e+01   1.0900000e+02   1.0000000e+00
   5.0000000e+01   9.0500000e+01   5.0000000e+01   9.1000000e+01   1.0000000e+00
   5.0000000e+01   1.0900000e+02   5.0000000e+01   1.0950000e+02   1.0000000e+00
   5.0000000e+01   9.0000000e+01   5.0000000e+01   9.0500000e+01   1.0000000e+00
   5.0000000e+01   1.0950000e+02   5.0000000e+01   1.1000000e+02   1.0000000e+00
   5.0000000e+01   8.9500000e+01   5.0000000e+01   9.0000000e+01   1.0000000e+00
   5.0000000e+01   1.1000000e+02   5.0000000e+01   1.1050000e+02   1.0000000e+00
   5.0000000e+01   8.9000000e+01   5.0000000e+01   8.9500000e+01   1.0000000e+00
   5.0000000e+01   1.1050000e+02   5.0000000e+01   1.1100000e+02   1.0000000e+00
   5.0000000e+01   8.8500000e+01   5.0000000e+01   8.9000000e+01   1.0000000e+00
   5.0000000e+01   1.1100000e+02   5.0000000e+01   1.1150000e+02   1.0000000e+00
   5.0000000e+01   8.8000000e+01   5.0000000e+01   8.8500000e+01   1.0000000e+00
   5.0000000e+01   1.1150000e+02   5.0000000e+01   1.1200000e+02   1.0000000e+00
   5.0000000e+01   8.7500000e+01   5.0000000e+01   8.8000000e+01   1.0000000e+00
   5.0000000e+01   1.1200000e+02   5.0000000e+01   1.1250000e+02   1.0000000e+00
   5.0000000e+01   8.7000000e+01   5.0000000e+01   8.7500000e+01   1.0000000e+00
   5.0000000e+01   1.1250000e+02   5.0000000e+01   1.1300000e+02   1.0000000e+00
   5.0000000e+01   8.6500000e+01   5.0000000e+01   8.7000000e+01   1.0000000e+00
   5.0000000e+01   1.1300000e+02   5.0000000e+01   1.1350000e+02   1.0000000e+00
   5.0000000e+01   8.6000000e+01   5.0000000e+01   8.6500000e+01   1.0000000e+00
   5.0000000e+01   1.1350000e+02   5.0000000e+01   1.1400000e+02   1.0000000e+00
   5.0000000e+01   8.5500000e+01   5.0000000e+01   8.6000000e+01   1.0000000e+00
   5.0000000e+01   1.1400000e+02   5.0000000e+01   1.1450000e+02   1.0000000e+00
   5.0000000e+01   8.5000000e+01   5.0000000e+01   8.5500000e+01   1.0000000e+00
   5.0000000e+01   1.1450000e+02   5.0000000e+01   1.1500000e+02   1.0000000e+00
   5.0000000e+01   8.4500000e+01   5.0000000e+01   8.5000000e+01   1.0000000e+00
   5.0000000e+01   1.1500000e+02   5.0000000e+01   1.1550000e+02   1.0000000e+00
   5.0000000e+01   8.4000000e+01   5.0000000e+01   8.4500000e+01   1.0000000e+00
   5.0000000e+01   1.1550000e+02   5.0000000e+01   1.1600000e+02   1.0000000e+00
   5.0000000e+01   8.3500000e+01   5.0000000e+01   8.4000000e+01   1.0000000e+00
   5.0000000e+01   1.1600000e+02   5.0000000e+01   1.1650000e+02   1.0000000e+00
   5.0000000e+01   8.3000000e+01   5.0000000e+01   8.3500000e+01   1.0000000e+00
   5.0000000e+01   1.1650000e+02   5.0000000e+01   1.1700000e+02   1.0000000e+00
   5.0000000e+01   8.2500000e+01   5.0000000e+01   8.3000000e+01   1.0000000e+00
   5.0000000e+01   1.1700000e+02   5.0000000e+01   1.1750000e+02   1.0000000e+00
   5.0000000e+01   8.2000000e+01   5.0000000e+01   8.2500000e+01   1.0000000e+00
   5.0000000e+01   1.1750000e+02   5.0000000e+01   1.1800000e+02   1.0000000e+00
   5.0000000e+01   8.1500000e+01   5.0000000e+01   8.2000000e+01   1.0000000e+00
   5.0000000e+01   1.1800000e+02   5.0000000e+01   1.1850000e+02   1.0000000e+00
   5.0000000e+01   8.1000000e+01   5.0000000e+01   8.1500000e+01   1.0000000e+00
   5.0000000e+01   1.1850000e+02   5.0000000e+01   1.1900000e+02   1.0000000e+00
   5.0000000e+01   8.0500000e+01   5.0000000e+01   8.1000000e+01   1.0000000e+00
   5.0000000e+01   8.0250000e+01   5.0000000e+01   8.0500000e+01   1.0000000e+00
   5.0000000e+01   8.0000000e+01   5.0000000e+01   8.0250000e+01   1.0000000e+00
   4.9808490e+01   7.9839303e+01   5.0000000e+01   8.0000000e+01   2.0000000e+00
   5.0191510e+01   8.0160697e+01   5.0383020e+01   8.0321395e+01   2.0000000e+00
   5.0000000e+01   1.1900000e+02   5.0000000e+01   1.1950000e+02   1.0000000e+00
   5.0000000e+01   1.1950000e+02   5.0000000e+01   1.1975000e+02   1.0000000e+00
   5.0000000e+01   1.1975000e+02   5.0000000e+01   1.2000000e+02   1.0000000e+00
   4.9808490e+01   1.1983930e+02   5.0000000e+01   1.2000000e+02   2.0000000e+00
   5.0191510e+01   1.2016070e+02   5.0383020e+01   1.2032140e+02   2.0000000e+00
   5.7413882e+01   1.2686290e+02   5.7660400e+01   1.2642790e+02   1.0000000e+00
   4.2339600e+01   7.3572100e+01   4.2586118e+01   7.3137095e+01   1.0000000e+00
   5.7314755e+01   1.2709241e+02   5.7413882e+01   1.2686290e+02   1.0000000e+00
   4.2586118e+01   7.3137095e+01   4.2685245e+01   7.2907588e+01   1.0000000e+00
   5.7226181e+01   1.2732620e+02   5.7314755e+01   1.2709241e+02   1.0000000e+00
   4.2685245e+01   7.2907588e+01   4.2773819e+01   7.2673804e+01   1.0000000e+00
   5.7126933e+01   1.2755565e+02   5.7226181e+01   1.2732620e+02   1.0000000e+00
   4.2773819e+01   7.2673804e+01   4.2873067e+01   7.2444349e+01   1.0000000e+00
   5.7027685e+01   1.2778511e+02   5.7126933e+01   1.2755565e+02   1.0000000e+00
   4.2873067e+01   7.2444349e+01   4.2972315e+01   7.2214893e+01   1.0000000e+00
   5.6835213e+01   1.2824658e+02   5.7027685e+01   1.2778511e+02   1.0000000e+00
   4.2972315e+01   7.2214893e+01   4.3164787e+01   7.1753423e+01   1.0000000e+00
   5.6738977e+01   1.2847731e+02   5.6835213e+01   1.2824658e+02   1.0000000e+00
   4.3164787e+01   7.1753423e+01   4.3261023e+01   7.1522689e+01   1.0000000e+00
   5.6555805e+01   1.2894255e+02   5.6738977e+01   1.2847731e+02   1.0000000e+00
   4.3261023e+01   7.1522689e+01   4.3444195e+01   7.1057449e+01   1.0000000e+00
   5.6464219e+01   1.2917517e+02   5.6555805e+01   1.2894255e+02   1.0000000e+00
   4.3444195e+01   7.1057449e+01   4.3535781e+01   7.0824829e+01   1.0000000e+00
   5.6307387e+01   1.2964994e+02   5.6464219e+01   1.2917517e+02   1.0000000e+00
   4.3535781e+01   7.0824829e+01   4.3692613e+01   7.0350062e+01   1.0000000e+00
   5.6228970e+01   1.2988732e+02   5.6307387e+01   1.2964994e+02   1.0000000e+00
   4.3692613e+01   7.0350062e+01   4.3771030e+01   7.0112678e+01   1.0000000e+00
   5.6089053e+01   1.3036735e+02   5.6228970e+01   1.2988732e+02   1.0000000e+00
   4.3771030e+01   7.0112678e+01   4.3910947e+01   6.9632654e+01   1.0000000e+00
   5.6019095e+01   1.3060736e+02   5.6089053e+01   1.3036735e+02   1.0000000e+00
   4.3910947e+01   6.9632654e+01   4.3980905e+01   6.9392642e+01   1.0000000e+00
   5.5873324e+01   1.3108564e+02   5.6019095e+01   1.3060736e+02   1.0000000e+00
   4.3980905e+01   6.9392642e+01   4.4126676e+01   6.8914363e+01   1.0000000e+00
   5.5754564e+01   1.3157133e+02   5.5873324e+01   1.3108564e+02   1.0000000e+00
   4.4126676e+01   6.8914363e+01   4.4245436e+01   6.8428672e+01   1.0000000e+00
   5.5695184e+01   1.3181417e+02   5.5754564e+01   1.3157133e+02   1.0000000e+00
   4.4245436e+01   6.8428672e+01   4.4304816e+01   6.8185826e+01   1.0000000e+00
   5.5578119e+01   1.3230028e+02   5.5695184e+01   1.3181417e+02   1.0000000e+00
   4.4304816e+01   6.8185826e+01   4.4421881e+01   6.7699723e+01   1.0000000e+00
   5.5478091e+01   1.3279017e+02   5.5578119e+01   1.3230028e+02   1.0000000e+00
   4.4421881e+01   6.7699723e+01   4.4521909e+01   6.7209831e+01   1.0000000e+00
   5.5367825e+01   1.3327786e+02   5.5478091e+01   1.3279017e+02   1.0000000e+00
   4.4521909e+01   6.7209831e+01   4.4632175e+01   6.6722141e+01   1.0000000e+00
   5.5275332e+01   1.3376923e+02   5.5367825e+01   1.3327786e+02   1.0000000e+00
   4.4632175e+01   6.6722141e+01   4.4724668e+01   6.6230771e+01   1.0000000e+00
   5.5229086e+01   1.3401491e+02   5.5275332e+01   1.3376923e+02   1.0000000e+00
   4.4724668e+01   6.6230771e+01   4.4770914e+01   6.5985085e+01   1.0000000e+00
   5.5136594e+01   1.3450629e+02   5.5229086e+01   1.3401491e+02   1.0000000e+00
   4.4770914e+01   6.5985085e+01   4.4863406e+01   6.5493715e+01   1.0000000e+00
   5.5059581e+01   1.3500032e+02   5.5136594e+01   1.3450629e+02   1.0000000e+00
   4.4863406e+01   6.5493715e+01   4.4940419e+01   6.4999681e+01   1.0000000e+00
   5.4967088e+01   1.3549169e+02   5.5059581e+01   1.3500032e+02   1.0000000e+00
   4.4940419e+01   6.4999681e+01   4.5032912e+01   6.4508311e+01   1.0000000e+00
   5.4893268e+01   1.3598621e+02   5.4967088e+01   1.3549169e+02   1.0000000e+00
   4.5032912e+01   6.4508311e+01   4.5106732e+01   6.4013790e+01   1.0000000e+00
   5.4856357e+01   1.3623347e+02   5.4893268e+01   1.3598621e+02   1.0000000e+00
   4.5106732e+01   6.4013790e+01   4.5143643e+01   6.3766530e+01   1.0000000e+00
   5.4779086e+01   1.3672746e+02   5.4856357e+01   1.3623347e+02   1.0000000e+00
   4.5143643e+01   6.3766530e+01   4.5220914e+01   6.3272537e+01   1.0000000e+00
   5.4728642e+01   1.3722491e+02   5.4779086e+01   1.3672746e+02   1.0000000e+00
   4.5220914e+01   6.3272537e+01   4.5271358e+01   6.2775088e+01   1.0000000e+00
   5.4667619e+01   1.3772117e+02   5.4728642e+01   1.3722491e+02   1.0000000e+00
   4.5271358e+01   6.2775088e+01   4.5332381e+01   6.2278826e+01   1.0000000e+00
   5.4637107e+01   1.3796931e+02   5.4667619e+01   1.3772117e+02   1.0000000e+00
   4.5332381e+01   6.2278826e+01   4.5362893e+01   6.2030695e+01   1.0000000e+00
   5.4576776e+01   1.3846565e+02   5.4637107e+01   1.3796931e+02   1.0000000e+00
   4.5362893e+01   6.2030695e+01   4.5423224e+01   6.1534348e+01   1.0000000e+00
   5.4546611e+01   1.3871383e+02   5.4576776e+01   1.3846565e+02   1.0000000e+00
   4.5423224e+01   6.1534348e+01   4.5453389e+01   6.1286174e+01   1.0000000e+00
   5.4487147e+01   1.3921028e+02   5.4546611e+01   1.3871383e+02   1.0000000e+00
   4.5453389e+01   6.1286174e+01   4.5512853e+01   6.0789723e+01   1.0000000e+00
   5.4438092e+01   1.3970786e+02   5.4487147e+01   1.3921028e+02   1.0000000e+00
   4.5512853e+01   6.0789723e+01   4.5561908e+01   6.0292135e+01   1.0000000e+00
   5.4375164e+01   1.4020389e+02   5.4438092e+01   1.3970786e+02   1.0000000e+00
   4.5561908e+01   6.0292135e+01   4.5624836e+01   5.9796111e+01   1.0000000e+00
   5.4325501e+01   1.4070142e+02   5.4375164e+01   1.4020389e+02   1.0000000e+00
   4.5624836e+01   5.9796111e+01   4.5674499e+01   5.9298583e+01   1.0000000e+00
   5.4300670e+01   1.4095018e+02   5.4325501e+01   1.4070142e+02   1.0000000e+00
   4.5674499e+01   5.9298583e+01   4.5699330e+01   5.9049820e+01   1.0000000e+00
   5.4248404e+01   1.4144744e+02   5.4300670e+01   1.4095018e+02   1.0000000e+00
   4.5699330e+01   5.9049820e+01   4.5751596e+01   5.8552559e+01   1.0000000e+00
   5.4218748e+01   1.4194656e+02   5.4248404e+01   1.4144744e+02   1.0000000e+00
   4.5751596e+01   5.8552559e+01   4.5781252e+01   5.8053439e+01   1.0000000e+00
   5.4178907e+01   1.4244497e+02   5.4218748e+01   1.4194656e+02   1.0000000e+00
   4.5781252e+01   5.8053439e+01   4.5821093e+01   5.7555029e+01   1.0000000e+00
   5.4158987e+01   1.4269418e+02   5.4178907e+01   1.4244497e+02   1.0000000e+00
   4.5821093e+01   5.7555029e+01   4.5841013e+01   5.7305824e+01   1.0000000e+00
   5.4132207e+01   1.4319346e+02   5.4158987e+01   1.4269418e+02   1.0000000e+00
   4.5841013e+01   5.7305824e+01   4.5867793e+01   5.6806542e+01   1.0000000e+00
   5.4093845e+01   1.4369198e+02   5.4132207e+01   1.4319346e+02   1.0000000e+00
   4.5867793e+01   5.6806542e+01   4.5906155e+01   5.6308015e+01   1.0000000e+00
   5.4074664e+01   1.4394125e+02   5.4093845e+01   1.4369198e+02   1.0000000e+00
   4.5906155e+01   5.6308015e+01   4.5925336e+01   5.6058752e+01   1.0000000e+00
   5.4048494e+01   1.4444056e+02   5.4074664e+01   1.4394125e+02   1.0000000e+00
   4.5925336e+01   5.6058752e+01   4.5951506e+01   5.5559438e+01   1.0000000e+00
   5.4010567e+01   1.4493912e+02   5.4048494e+01   1.4444056e+02   1.0000000e+00
   4.5951506e+01   5.5559438e+01   4.5989433e+01   5.5060878e+01   1.0000000e+00
   5.3991603e+01   1.4518840e+02   5.4010567e+01   1.4493912e+02   1.0000000e+00
   4.5989433e+01   5.5060878e+01   4.6008397e+01   5.4811598e+01   1.0000000e+00
   5.3966740e+01   1.4568778e+02   5.3991603e+01   1.4518840e+02   1.0000000e+00
   4.6008397e+01   5.4811598e+01   4.6033260e+01   5.4312217e+01   1.0000000e+00
   5.3929858e+01   1.4618642e+02   5.3966740e+01   1.4568778e+02   1.0000000e+00
   4.6033260e+01   5.4312217e+01   4.6070142e+01   5.3813579e+01   1.0000000e+00
   5.3911417e+01   1.4643574e+02   5.3929858e+01   1.4618642e+02   1.0000000e+00
   4.6070142e+01   5.3813579e+01   4.6088583e+01   5.3564260e+01   1.0000000e+00
   5.3887600e+01   1.4693517e+02   5.3911417e+01   1.4643574e+02   1.0000000e+00
   4.6088583e+01   5.3564260e+01   4.6112400e+01   5.3064828e+01   1.0000000e+00
   5.3850978e+01   1.4743383e+02   5.3887600e+01   1.4693517e+02   1.0000000e+00
   4.6112400e+01   5.3064828e+01   4.6149022e+01   5.2566171e+01   1.0000000e+00
   5.3832667e+01   1.4768316e+02   5.3850978e+01   1.4743383e+02   1.0000000e+00
   4.6149022e+01   5.2566171e+01   4.6167333e+01   5.2316842e+01   1.0000000e+00
   5.3809984e+01   1.4818264e+02   5.3832667e+01   1.4768316e+02   1.0000000e+00
   4.6167333e+01   5.2316842e+01   4.6190016e+01   5.1817357e+01   1.0000000e+00
   5.3773710e+01   1.4868133e+02   5.3809984e+01   1.4818264e+02   1.0000000e+00
   4.6190016e+01   5.1817357e+01   4.6226290e+01   5.1318674e+01   1.0000000e+00
   5.3755574e+01   1.4893067e+02   5.3773710e+01   1.4868133e+02   1.0000000e+00
   4.6226290e+01   5.1318674e+01   4.6244426e+01   5.1069333e+01   1.0000000e+00
   5.3734110e+01   1.4943021e+02   5.3755574e+01   1.4893067e+02   1.0000000e+00
   4.6244426e+01   5.1069333e+01   4.6265890e+01   5.0569794e+01   1.0000000e+00
   5.3698098e+01   1.4992891e+02   5.3734110e+01   1.4943021e+02   1.0000000e+00
   4.6265890e+01   5.0569794e+01   4.6301902e+01   5.0071093e+01   1.0000000e+00
   5.3680092e+01   1.5017826e+02   5.3698098e+01   1.4992891e+02   1.0000000e+00
   4.6301902e+01   5.0071093e+01   4.6319908e+01   4.9821742e+01   1.0000000e+00
   5.3658890e+01   1.5067781e+02   5.3680092e+01   1.5017826e+02   1.0000000e+00
   4.6319908e+01   4.9821742e+01   4.6341110e+01   4.9322192e+01   1.0000000e+00
   5.3622443e+01   1.5117648e+02   5.3658890e+01   1.5067781e+02   1.0000000e+00
   4.6341110e+01   4.9322192e+01   4.6377557e+01   4.8823522e+01   1.0000000e+00
   5.3604219e+01   1.5142581e+02   5.3622443e+01   1.5117648e+02   1.0000000e+00
   4.6377557e+01   4.8823522e+01   4.6395781e+01   4.8574187e+01   1.0000000e+00
   5.3583453e+01   1.5192538e+02   5.3604219e+01   1.5142581e+02   1.0000000e+00
   4.6395781e+01   4.8574187e+01   4.6416547e+01   4.8074618e+01   1.0000000e+00
   5.3546397e+01   1.5242401e+02   5.3583453e+01   1.5192538e+02   1.0000000e+00
   4.6416547e+01   4.8074618e+01   4.6453603e+01   4.7575993e+01   1.0000000e+00
   5.3527869e+01   1.5267332e+02   5.3546397e+01   1.5242401e+02   1.0000000e+00
   4.6453603e+01   4.7575993e+01   4.6472131e+01   4.7326681e+01   1.0000000e+00
   5.3486636e+01   1.5317162e+02   5.3527869e+01   1.5267332e+02   1.0000000e+00
   4.6472131e+01   4.7326681e+01   4.6513364e+01   4.6828384e+01   1.0000000e+00
   5.3466020e+01   1.5342076e+02   5.3486636e+01   1.5317162e+02   1.0000000e+00
   4.6513364e+01   4.6828384e+01   4.6533980e+01   4.6579235e+01   1.0000000e+00
   5.3424787e+01   1.5391906e+02   5.3466020e+01   1.5342076e+02   1.0000000e+00
   4.6533980e+01   4.6579235e+01   4.6575213e+01   4.6080938e+01   1.0000000e+00
   5.3393999e+01   1.5441811e+02   5.3424787e+01   1.5391906e+02   1.0000000e+00
   4.6575213e+01   4.6080938e+01   4.6606001e+01   4.5581887e+01   1.0000000e+00
   5.3342340e+01   1.5491544e+02   5.3393999e+01   1.5441811e+02   1.0000000e+00
   4.6606001e+01   4.5581887e+01   4.6657660e+01   4.5084563e+01   1.0000000e+00
   5.3342340e+01   1.5491544e+02   5.3305719e+01   1.5541409e+02   1.0000000e+00
   4.6694281e+01   4.4585906e+01   4.6657660e+01   4.5084563e+01   1.0000000e+00
   5.3287408e+01   1.5566342e+02   5.3305719e+01   1.5541409e+02   1.0000000e+00
   4.6694281e+01   4.4585906e+01   4.6712592e+01   4.4336577e+01   1.0000000e+00
   5.3245567e+01   1.5616167e+02   5.3287408e+01   1.5566342e+02   1.0000000e+00
   4.6712592e+01   4.4336577e+01   4.6754433e+01   4.3838331e+01   1.0000000e+00
   5.3213298e+01   1.5666063e+02   5.3245567e+01   1.5616167e+02   1.0000000e+00
   4.6754433e+01   4.3838331e+01   4.6786702e+01   4.3339374e+01   1.0000000e+00
   5.3197164e+01   1.5691011e+02   5.3213298e+01   1.5666063e+02   1.0000000e+00
   4.6786702e+01   4.3339374e+01   4.6802836e+01   4.3089895e+01   1.0000000e+00
   5.3164896e+01   1.5740906e+02   5.3197164e+01   1.5691011e+02   1.0000000e+00
   4.6802836e+01   4.3089895e+01   4.6835104e+01   4.2590937e+01   1.0000000e+00
   5.3143956e+01   1.5790862e+02   5.3164896e+01   1.5740906e+02   1.0000000e+00
   4.6835104e+01   4.2590937e+01   4.6856044e+01   4.2091376e+01   1.0000000e+00
   5.3098637e+01   1.5840657e+02   5.3143956e+01   1.5790862e+02   1.0000000e+00
   4.6856044e+01   4.2091376e+01   4.6901363e+01   4.1593434e+01   1.0000000e+00
   5.3098637e+01   1.5840657e+02   5.3070027e+01   1.5890575e+02   1.0000000e+00
   4.6929973e+01   4.1094253e+01   4.6901363e+01   4.1593434e+01   1.0000000e+00
   5.3055722e+01   1.5915534e+02   5.3070027e+01   1.5890575e+02   1.0000000e+00
   4.6929973e+01   4.1094253e+01   4.6944278e+01   4.0844663e+01   1.0000000e+00
   5.3017534e+01   1.5965388e+02   5.3055722e+01   1.5915534e+02   1.0000000e+00
   4.6944278e+01   4.0844663e+01   4.6982466e+01   4.0346123e+01   1.0000000e+00
   5.3017534e+01   1.5965388e+02   5.2992584e+01   1.6015325e+02   1.0000000e+00
   4.7007416e+01   3.9846746e+01   4.6982466e+01   4.0346123e+01   1.0000000e+00
   5.2980109e+01   1.6040294e+02   5.2992584e+01   1.6015325e+02   1.0000000e+00
   4.7007416e+01   3.9846746e+01   4.7019891e+01   3.9597057e+01   1.0000000e+00
   5.2950802e+01   1.6090208e+02   5.2980109e+01   1.6040294e+02   1.0000000e+00
   4.7019891e+01   3.9597057e+01   4.7049198e+01   3.9097917e+01   1.0000000e+00
   5.2929077e+01   1.6140161e+02   5.2950802e+01   1.6090208e+02   1.0000000e+00
   4.7049198e+01   3.9097917e+01   4.7070923e+01   3.8598389e+01   1.0000000e+00
   5.2918214e+01   1.6165137e+02   5.2929077e+01   1.6140161e+02   1.0000000e+00
   4.7070923e+01   3.8598389e+01   4.7081786e+01   3.8348625e+01   1.0000000e+00
   5.2895618e+01   1.6215086e+02   5.2918214e+01   1.6165137e+02   1.0000000e+00
   4.7081786e+01   3.8348625e+01   4.7104382e+01   3.7849136e+01   1.0000000e+00
   5.2885231e+01   1.6265076e+02   5.2895618e+01   1.6215086e+02   1.0000000e+00
   4.7104382e+01   3.7849136e+01   4.7114769e+01   3.7349244e+01   1.0000000e+00
   5.2868826e+01   1.6315049e+02   5.2885231e+01   1.6265076e+02   1.0000000e+00
   4.7114769e+01   3.7349244e+01   4.7131174e+01   3.6849513e+01   1.0000000e+00
   5.2860623e+01   1.6340035e+02   5.2868826e+01   1.6315049e+02   1.0000000e+00
   4.7131174e+01   3.6849513e+01   4.7139377e+01   3.6599648e+01   1.0000000e+00
