   9.2932757e-01
   9.2932757e-01
   9.4189748e-01
   9.4189748e-01
   1.0943098e+00
   1.0943098e+00
   1.1429670e+00
   1.1429670e+00
   9.3056255e-01
   9.3056255e-01
   9.6049974e-01
   9.6049974e-01
   9.8194562e-01
   9.8194562e-01
   1.0102755e+00
   1.0102755e+00
   1.0520971e+00
   1.0520971e+00
   9.6309475e-01
   9.6309475e-01
   9.2078413e-01
   9.2078413e-01
   9.1367719e-01
   9.1367719e-01
   9.3707309e-01
   9.3707309e-01
   9.8852422e-01
   9.8852422e-01
   9.5367277e-01
   9.5367277e-01
   9.6090171e-01
   9.6090171e-01
   1.0019414e+00
   1.0019414e+00
   9.7296658e-01
   9.7296658e-01
   9.8617915e-01
   9.8617915e-01
   9.4108203e-01
   9.4108203e-01
   9.3988529e-01
   9.3988529e-01
   9.7354373e-01
   9.7354373e-01
   9.5414301e-01
   9.5414301e-01
   9.7436844e-01
   9.7436844e-01
   9.4821160e-01
   9.4821160e-01
   9.6214433e-01
   9.6214433e-01
   9.3430959e-01
   9.3430959e-01
   9.4592533e-01
   9.4592533e-01
   9.1927712e-01
   9.1927712e-01
   9.3100063e-01
   9.3100063e-01
   9.0724570e-01
   9.0724570e-01
   9.2063636e-01
   9.2063636e-01
   9.0082157e-01
   9.0082157e-01
   9.1692194e-01
   9.1692194e-01
   9.0168546e-01
   9.0168546e-01
   9.2118433e-01
   9.2118433e-01
   3.3874808e+01
   3.3874868e+01
   9.7750763e-01
   9.7773693e-01
   9.0903802e-01
   9.0922856e-01
   9.0797636e-01
   9.0811529e-01
   9.0960833e-01
   9.0972311e-01
   9.1467053e-01
   9.1476526e-01
   9.1170902e-01
   9.1177569e-01
   9.0530947e-01
   9.0537184e-01
   9.0637642e-01
   9.0642407e-01
   9.1852694e-01
   9.1857023e-01
   9.1443801e-01
   9.1447142e-01
   9.0344412e-01
   9.0348360e-01
   9.2555047e-01
   9.2559690e-01
   9.2484108e-01
   9.2489070e-01
   9.1806301e-01
   9.1812141e-01
   9.1221033e-01
   9.1226748e-01
   9.0541344e-01
   9.0547557e-01
   9.4287835e-01
   9.4294831e-01
   9.1925010e-01
   9.1931721e-01
   9.0679396e-01
   9.0686072e-01
   9.0993495e-01
   9.1000437e-01
   9.3887106e-01
   9.3895007e-01
   9.3924231e-01
   9.3932567e-01
   9.0218649e-01
   9.0226785e-01
   9.2756331e-01
   9.2764558e-01
   9.0836244e-01
   9.0844663e-01
   9.2248725e-01
   9.2258533e-01
   9.4310598e-01
   9.4320560e-01
   9.0097556e-01
   9.0107255e-01
   9.4101739e-01
   9.4111570e-01
   9.4861211e-01
   9.4872958e-01
   9.3124561e-01
   9.3136147e-01
   9.5852830e-01
   9.5865940e-01
   9.3500946e-01
   9.3513365e-01
   9.2226077e-01
   9.2237953e-01
   9.3707588e-01
   9.3719544e-01
   9.3614526e-01
   9.3626669e-01
   9.1738442e-01
   9.1752531e-01
   9.1261555e-01
   9.1275670e-01
   9.3872480e-01
   9.3886060e-01
   9.1117543e-01
   9.1131024e-01
   9.4663119e-01
   9.4679240e-01
   9.2238099e-01
   9.2254039e-01
   9.0451426e-01
   9.0466379e-01
   9.3033223e-01
   9.3050966e-01
   9.3618909e-01
   9.3636251e-01
   9.3386158e-01
   9.3402307e-01
   9.4739976e-01
   9.4758854e-01
   9.0621482e-01
   9.0639869e-01
   9.2073793e-01
   9.2090978e-01
   9.0778529e-01
   9.0798589e-01
   9.1151183e-01
   9.1170786e-01
   9.2427577e-01
   9.2445757e-01
   9.4164321e-01
   9.4185526e-01
   9.1441437e-01
   9.1461960e-01
   9.2152956e-01
   9.2171943e-01
   9.0946287e-01
   9.0968371e-01
   9.1013295e-01
   9.1034791e-01
   9.1209045e-01
   9.1228851e-01
   9.1918340e-01
   9.1941472e-01
   9.2611536e-01
   9.2633880e-01
   9.1382312e-01
   9.1402808e-01
   9.4176532e-01
   9.4200466e-01
   9.1264891e-01
   9.1287927e-01
   9.2787438e-01
   9.2808656e-01
   9.2484238e-01
   9.2508827e-01
   9.1160648e-01
   9.1184408e-01
   9.4000107e-01
   9.4026056e-01
   9.0725391e-01
   9.0749522e-01
   9.2258107e-01
   9.2280471e-01
   9.2713235e-01
   9.2734978e-01
   9.0119022e-01
   9.0140818e-01
   9.0607168e-01
   9.0632010e-01
   9.0272638e-01
   9.0297222e-01
   9.1028967e-01
   9.1052111e-01
   9.3381031e-01
   9.3406932e-01
   9.1445915e-01
   9.1471153e-01
   9.0674442e-01
   9.0698172e-01
   9.0875126e-01
   9.0898526e-01
   9.0552285e-01
   9.0575962e-01
   9.1456811e-01
   9.1483867e-01
   9.0140618e-01
   9.0167450e-01
   9.2052638e-01
   9.2078103e-01
   9.2247581e-01
   9.2276093e-01
   9.2421096e-01
   9.2448953e-01
   9.1070891e-01
   9.1097232e-01
   9.3277741e-01
   9.3307341e-01
   9.2216708e-01
   9.2245719e-01
   9.1987870e-01
   9.2015316e-01
   9.1097101e-01
   9.1124314e-01
   0.0000000e+00
