   3.6252855e-03
   3.6252855e-03
   3.6248068e-03
   3.6248066e-03
   3.6238555e-03
   3.6238552e-03
   3.6224303e-03
   3.6224299e-03
   3.6205253e-03
   3.6205247e-03
   3.6181307e-03
   3.6181300e-03
   3.6152321e-03
   3.6152313e-03
   3.6118100e-03
   3.6118091e-03
   3.6078383e-03
   3.6078372e-03
   3.6032829e-03
   3.6032817e-03
   3.5981000e-03
   3.5980988e-03
   3.5922339e-03
   3.5922325e-03
   3.5856141e-03
   3.5856125e-03
   3.5781521e-03
   3.5781505e-03
   3.5697387e-03
   3.5697369e-03
   3.5602393e-03
   3.5602374e-03
   3.5494912e-03
   3.5494892e-03
   3.5372998e-03
   3.5372976e-03
   3.5234366e-03
   3.5234343e-03
   3.5076391e-03
   3.5076367e-03
   3.4896131e-03
   3.4896105e-03
   3.4690386e-03
   3.4690359e-03
   3.4455810e-03
   3.4455782e-03
   3.4189060e-03
   3.4189031e-03
   3.3887000e-03
   3.3886970e-03
   3.3546923e-03
   3.3546891e-03
   3.3166783e-03
   3.3166750e-03
   3.2745402e-03
   3.2745368e-03
   3.2282618e-03
   3.2282584e-03
   3.1779363e-03
   3.1779327e-03
   3.1237657e-03
   3.1237620e-03
   3.0660556e-03
   3.0660518e-03
   3.0052064e-03
   3.0052025e-03
   2.9417102e-03
   2.9417062e-03
   2.8761585e-03
   2.8761544e-03
   2.8092786e-03
   2.8092744e-03
   2.7420296e-03
   2.7420253e-03
   2.6758564e-03
   2.6758520e-03
   2.6135490e-03
   2.5691408e-03
   2.5320294e-03
   2.6135446e-03
   2.5691363e-03
   2.5320248e-03
   8.9939900e-06
  -0.0000000e+00
  -0.0000000e+00
   8.8669107e-04
   8.5916993e-04
   8.2578559e-04
   8.8669334e-04
   8.5917227e-04
   8.2578800e-04
   8.9939893e-06
  -0.0000000e+00
  -0.0000000e+00
   2.0278267e-09
  -0.0000000e+00
  -0.0000000e+00
  -0.0000000e+00
  -0.0000000e+00
  -0.0000000e+00
  -0.0000000e+00
   7.8534735e-04
   7.4722428e-04
   7.1180584e-04
   6.7907363e-04
   6.4900679e-04
   6.2164841e-04
   5.9712653e-04
   7.8534987e-04
   7.4722691e-04
   7.1180859e-04
   6.7907651e-04
   6.4900982e-04
   6.2165161e-04
   5.9712990e-04
   2.0259151e-09
  -0.0000000e+00
  -0.0000000e+00
  -0.0000000e+00
  -0.0000000e+00
  -0.0000000e+00
  -0.0000000e+00
   5.7566842e-04
   5.5761596e-04
   5.4344337e-04
   5.3377777e-04
   5.2942381e-04
   5.3140206e-04
   5.4103885e-04
   5.7567200e-04
   5.5761977e-04
   5.4344744e-04
   5.3378211e-04
   5.2942846e-04
   5.3140703e-04
   5.4104416e-04
  -0.0000000e+00
  -0.0000000e+00
  -0.0000000e+00
  -0.0000000e+00
  -0.0000000e+00
  -0.0000000e+00
  -0.0000000e+00
  -0.0000000e+00
  -0.0000000e+00
  -0.0000000e+00
  -0.0000000e+00
  -0.0000000e+00
  -0.0000000e+00
  -0.0000000e+00
   1.1323494e-07
   4.3950115e-07
   8.9660691e-07
   1.1817826e-06
   1.1320035e-07
   4.3943110e-07
   8.9651602e-07
   1.1817015e-06
   5.6026054e-04
   5.9279393e-04
   6.5038003e-04
   7.8487589e-04
   5.6026618e-04
   5.9279990e-04
   6.5038634e-04
   7.8488261e-04
   3.0650544e-03
   3.0650627e-03
   3.0150243e-03
   3.0150328e-03
   2.9670670e-03
   2.9670760e-03
   2.9120978e-03
   2.9121069e-03
   2.8631496e-03
   2.8631588e-03
   2.7967648e-03
   2.7967741e-03
   2.7225938e-03
   2.7226032e-03
   2.6682503e-03
   2.6682602e-03
   2.6195782e-03
   2.6195882e-03
   2.5717952e-03
   2.5718053e-03
   2.5133825e-03
   2.5133928e-03
   2.4636088e-03
   2.4636196e-03
   2.4259469e-03
   2.4259577e-03
   2.3828440e-03
   2.3828549e-03
   2.3269922e-03
   2.3270034e-03
   2.2941382e-03
   2.2941495e-03
   2.2584752e-03
   2.2584866e-03
   2.2112096e-03
   2.2112211e-03
   2.1680924e-03
   2.1681040e-03
   2.1173556e-03
   2.1173674e-03
   2.0900038e-03
   2.0900156e-03
   2.0605546e-03
   2.0605665e-03
   2.0192168e-03
   2.0192288e-03
   1.9853822e-03
   1.9853942e-03
   1.9363583e-03
   1.9363705e-03
   1.9154180e-03
   1.9154303e-03
   1.8928805e-03
   1.8928928e-03
   1.8487570e-03
   1.8487694e-03
   1.8339046e-03
   1.8339170e-03
   1.8045661e-03
   1.8045786e-03
   1.7721093e-03
   1.7721219e-03
   1.7508074e-03
   1.7508200e-03
   1.7274885e-03
   1.7275012e-03
   1.6939747e-03
   1.6939874e-03
   1.6699243e-03
   1.6699371e-03
   1.6273467e-03
   1.6273595e-03
   1.6098697e-03
   1.6098825e-03
   1.5912654e-03
   1.5912783e-03
   1.5499417e-03
   1.5499545e-03
   1.5429354e-03
   1.5429483e-03
   1.5156535e-03
   1.5156664e-03
   1.4826225e-03
   1.4826354e-03
   1.4747685e-03
   1.4747816e-03
   1.4469979e-03
   1.4470109e-03
   1.4147484e-03
   1.4147614e-03
   1.4045728e-03
   1.4045859e-03
   1.3770116e-03
   1.3770247e-03
   1.3448087e-03
   1.3448218e-03
   1.3336138e-03
   1.3336269e-03
   1.3059771e-03
   1.3059903e-03
   1.2743337e-03
   1.2743467e-03
   1.2616593e-03
   1.2616725e-03
   1.2341310e-03
   1.2341441e-03
   1.2028840e-03
   1.2028971e-03
   1.1882554e-03
   1.1882685e-03
   1.1608975e-03
   1.1609106e-03
   1.1302792e-03
   1.1302922e-03
   1.1133540e-03
   1.1133671e-03
   1.0862229e-03
   1.0862360e-03
   1.0569635e-03
   1.0569765e-03
   1.0361353e-03
   1.0361484e-03
   1.0094998e-03
   1.0095129e-03
   9.8189800e-04
   9.8191102e-04
   9.5587088e-04
   9.5588386e-04
   9.2942123e-04
   9.2943421e-04
   9.0373171e-04
   9.0374470e-04
   8.7944968e-04
   8.7946265e-04
   8.5441854e-04
   8.5443151e-04
   8.2286124e-04
   8.2287421e-04
   7.8762818e-04
   7.8764109e-04
   7.5619097e-04
   7.5620393e-04
   7.3081407e-04
   7.3082704e-04
   7.0424574e-04
   7.0425870e-04
   6.7173923e-04
   6.7175224e-04
   6.4495530e-04
   6.4496834e-04
   6.1753664e-04
   6.1754971e-04
   5.8264592e-04
   5.8265905e-04
   5.4370121e-04
   5.4371436e-04
   5.0792602e-04
   5.0793933e-04
   4.7809489e-04
   4.7810830e-04
   4.4676734e-04
   4.4678084e-04
   4.0773189e-04
   4.0774557e-04
   3.7493720e-04
   3.7495102e-04
   3.4086888e-04
   3.4088283e-04
   2.9620465e-04
   2.9621871e-04
   2.5769469e-04
   2.5770872e-04
   2.1709855e-04
   2.1711248e-04
   1.6043139e-04
   1.6044469e-04
   9.4047538e-05
   9.4059487e-05
   2.9353043e-05
   2.9364788e-05
