   2.5701416e+01
   2.5701583e+01
   2.5701749e+01
   2.5701749e+01
   2.5701583e+01
   2.5701416e+01
   2.5089733e+01
   2.5108925e+01
   2.5138521e+01
   2.5175597e+01
   2.5218145e+01
   2.5264238e+01
   2.5311906e+01
   2.5359319e+01
   2.5404983e+01
   2.5447832e+01
   2.5487213e+01
   2.5522826e+01
   2.5554629e+01
   2.5582754e+01
   2.5607437e+01
   2.5628966e+01
   2.5647651e+01
   2.5663800e+01
   2.5677720e+01
   2.5686980e+01
   2.5693032e+01
   2.6021648e+01
   2.6167739e+01
   2.6312798e+01
   2.6434035e+01
   2.6531202e+01
   2.6607687e+01
   2.6666572e+01
   2.6710609e+01
   2.6742239e+01
   2.6763614e+01
   2.6776609e+01
   2.6782837e+01
   2.6783643e+01
   2.6780056e+01
   2.6772433e+01
   2.6763411e+01
   2.6755930e+01
   2.6750755e+01
   2.6748368e+01
   2.6748369e+01
   2.6750755e+01
   2.6755930e+01
   2.6763411e+01
   2.6772432e+01
   2.6780055e+01
   2.6783643e+01
   2.6782836e+01
   2.6776608e+01
   2.6763613e+01
   2.6742239e+01
   2.6710609e+01
   2.6666572e+01
   2.6607687e+01
   2.6531201e+01
   2.6434035e+01
   2.6312798e+01
   2.6167738e+01
   2.6021648e+01
   2.5828347e+01
   2.5692463e+01
   2.5677720e+01
   2.5663800e+01
   2.5647652e+01
   2.5628967e+01
   2.5607437e+01
   2.5582754e+01
   2.5554629e+01
   2.5522826e+01
   2.5487213e+01
   2.5447832e+01
   2.5404983e+01
   2.5359318e+01
   2.5311905e+01
   2.5264237e+01
   2.5218143e+01
   2.5175595e+01
   2.5138518e+01
   2.5108921e+01
   2.5089729e+01
   2.5701249e+01
   2.5701249e+01
   2.5701082e+01
   2.5701082e+01
   2.5700915e+01
   2.5700915e+01
   2.5700748e+01
   2.5700748e+01
   2.5700580e+01
   2.5700580e+01
   2.5700412e+01
   2.5700412e+01
   2.5700243e+01
   2.5700243e+01
   2.5700074e+01
   2.5700074e+01
   2.5699905e+01
   2.5699905e+01
   2.5699734e+01
   2.5699734e+01
   2.5699563e+01
   2.5699563e+01
   2.5699390e+01
   2.5699390e+01
   2.5699217e+01
   2.5699217e+01
   2.5699042e+01
   2.5699042e+01
   2.5698866e+01
   2.5698866e+01
   2.5698688e+01
   2.5698688e+01
   2.5698508e+01
   2.5698508e+01
   2.5698325e+01
   2.5698325e+01
   2.5698140e+01
   2.5698140e+01
   2.5697951e+01
   2.5697951e+01
   2.5697758e+01
   2.5697758e+01
   2.5697561e+01
   2.5697561e+01
   2.5697358e+01
   2.5697358e+01
   2.5697149e+01
   2.5697150e+01
   2.5696933e+01
   2.5696933e+01
   2.5696708e+01
   2.5696708e+01
   2.5696473e+01
   2.5696473e+01
   2.5696227e+01
   2.5696227e+01
   2.5695967e+01
   2.5695968e+01
   2.5695693e+01
   2.5695693e+01
   2.5695401e+01
   2.5695402e+01
   2.5695091e+01
   2.5695091e+01
   2.5694758e+01
   2.5694758e+01
   2.5694402e+01
   2.5694402e+01
   2.5694020e+01
   2.5694020e+01
   2.5693609e+01
   2.5693285e+01
   2.5693057e+01
   2.5692463e+01
   2.5828347e+01
   2.5693609e+01
   2.5693285e+01
   2.5693057e+01
   2.5693032e+01
   2.5686980e+01
   2.5088959e+01
   2.5088963e+01
   2.5088763e+01
   2.5088767e+01
   2.5088625e+01
   2.5088629e+01
   2.5088480e+01
   2.5088484e+01
   2.5088328e+01
   2.5088332e+01
   2.5088085e+01
   2.5088089e+01
   2.5087828e+01
   2.5087832e+01
   2.5087550e+01
   2.5087554e+01
   2.5087261e+01
   2.5087265e+01
   2.5086954e+01
   2.5086957e+01
   2.5086633e+01
   2.5086637e+01
   2.5086288e+01
   2.5086292e+01
   2.5085931e+01
   2.5085935e+01
   2.5085554e+01
   2.5085558e+01
   2.5085026e+01
   2.5085030e+01
   2.5084612e+01
   2.5084616e+01
   2.5084178e+01
   2.5084182e+01
   2.5083575e+01
   2.5083578e+01
   2.5082939e+01
   2.5082943e+01
   2.5082268e+01
   2.5082272e+01
   2.5081744e+01
   2.5081747e+01
   2.5081195e+01
   2.5081199e+01
   2.5080437e+01
   2.5080441e+01
   2.5079644e+01
   2.5079648e+01
   2.5078809e+01
   2.5078813e+01
   2.5078158e+01
   2.5078161e+01
   2.5077482e+01
   2.5077486e+01
   2.5076548e+01
   2.5076552e+01
   2.5075579e+01
   2.5075583e+01
   2.5074839e+01
   2.5074843e+01
   2.5074056e+01
   2.5074060e+01
   2.5073254e+01
   2.5073258e+01
   2.5072420e+01
   2.5072424e+01
   2.5071272e+01
   2.5071276e+01
   2.5070079e+01
   2.5070083e+01
   2.5068831e+01
   2.5068835e+01
   2.5067858e+01
   2.5067862e+01
   2.5066852e+01
   2.5066856e+01
   2.5065458e+01
   2.5065462e+01
   2.5064019e+01
   2.5064023e+01
   2.5062927e+01
   2.5062931e+01
   2.5061761e+01
   2.5061765e+01
   2.5060177e+01
   2.5060181e+01
   2.5058974e+01
   2.5058978e+01
   2.5057686e+01
   2.5057690e+01
   2.5055932e+01
   2.5055936e+01
   2.5054596e+01
   2.5054600e+01
   2.5053162e+01
   2.5053166e+01
   2.5051206e+01
   2.5051210e+01
   2.5049713e+01
   2.5049717e+01
   2.5048105e+01
   2.5048109e+01
   2.5045908e+01
   2.5045912e+01
   2.5044227e+01
   2.5044231e+01
   2.5042411e+01
   2.5042415e+01
   2.5039922e+01
   2.5039927e+01
   2.5038012e+01
   2.5038016e+01
   2.5035941e+01
   2.5035945e+01
   2.5033092e+01
   2.5033097e+01
   2.5030897e+01
   2.5030901e+01
   2.5028511e+01
   2.5028515e+01
   2.5025211e+01
   2.5025215e+01
   2.5022651e+01
   2.5022655e+01
   2.5019864e+01
   2.5019868e+01
   2.5015978e+01
   2.5015982e+01
   2.5012933e+01
   2.5012937e+01
   2.5009609e+01
   2.5009613e+01
   2.5006173e+01
   2.5006177e+01
   2.5002427e+01
   2.5002431e+01
   2.4997147e+01
   2.4997152e+01
   2.4991396e+01
   2.4991401e+01
   2.4985113e+01
   2.4985118e+01
   2.4980111e+01
   2.4980115e+01
   2.4974535e+01
   2.4974540e+01
   2.4966585e+01
   2.4966590e+01
   2.4960202e+01
   2.4960208e+01
   2.4952956e+01
   2.4952962e+01
   2.4942506e+01
   2.4942512e+01
   2.4930664e+01
   2.4930671e+01
   2.4917130e+01
   2.4917138e+01
   2.4906006e+01
   2.4906015e+01
   2.4892562e+01
   2.4892572e+01
   2.4872478e+01
   2.4872491e+01
   2.4855463e+01
   2.4855478e+01
   2.4833305e+01
   2.4833322e+01
   2.4798072e+01
   2.4798094e+01
   2.4765069e+01
   2.4765095e+01
   2.4711425e+01
   2.4711457e+01
   2.4597627e+01
   2.4597667e+01
   2.4288628e+01
   2.4288675e+01
   2.3304982e+01
   2.3305212e+01
