   5.4360908e-04
   5.4360907e-04
   5.4396820e-04
   5.4396817e-04
   5.4469120e-04
   5.4469116e-04
   5.4578778e-04
   5.4578771e-04
   5.4727263e-04
   5.4727254e-04
   5.4916580e-04
   5.4916569e-04
   5.5149295e-04
   5.5149282e-04
   5.5428579e-04
   5.5428564e-04
   5.5758247e-04
   5.5758230e-04
   5.6142800e-04
   5.6142782e-04
   5.6587463e-04
   5.6587443e-04
   5.7098203e-04
   5.7098180e-04
   5.7681727e-04
   5.7681702e-04
   5.8345435e-04
   5.8345408e-04
   5.9097318e-04
   5.9097288e-04
   5.9945762e-04
   5.9945730e-04
   6.0899254e-04
   6.0899219e-04
   6.1965936e-04
   6.1965899e-04
   6.3153015e-04
   6.3152975e-04
   6.4465997e-04
   6.4465954e-04
   6.5907781e-04
   6.5907735e-04
   6.7477669e-04
   6.7477620e-04
   6.9170381e-04
   6.9170329e-04
   7.0975244e-04
   7.0975188e-04
   7.2875708e-04
   7.2875649e-04
   7.4849374e-04
   7.4849311e-04
   7.6868632e-04
   7.6868566e-04
   7.8901920e-04
   7.8901850e-04
   8.0915466e-04
   8.0915393e-04
   8.2875275e-04
   8.2875199e-04
   8.4749018e-04
   8.4748938e-04
   8.6507520e-04
   8.6507438e-04
   8.8125623e-04
   8.8125537e-04
   8.9582295e-04
   8.9582207e-04
   9.0860111e-04
   9.0860022e-04
   9.1944384e-04
   9.1944292e-04
   9.2822833e-04
   9.2822740e-04
   9.3488901e-04
   9.3488808e-04
   9.3968510e-04
   9.4446366e-04
   9.4963836e-04
   9.3968416e-04
   9.4446273e-04
   9.4963743e-04
   1.3014462e-03
   1.3018940e-03
   1.2973020e-03
   3.8423019e-03
   3.8395585e-03
   3.8366610e-03
   3.8423078e-03
   3.8395644e-03
   3.8366669e-03
   1.3014480e-03
   1.3018958e-03
   1.2973038e-03
   1.2905793e-03
   1.2770763e-03
   1.2575734e-03
   1.2327869e-03
   1.2032811e-03
   1.1694825e-03
   1.1316872e-03
   3.8314855e-03
   3.8242036e-03
   3.8146733e-03
   3.8027899e-03
   3.7884623e-03
   3.7715979e-03
   3.7520919e-03
   3.8314915e-03
   3.8242096e-03
   3.8146793e-03
   3.8027959e-03
   3.7884684e-03
   3.7716040e-03
   3.7520980e-03
   1.2905810e-03
   1.2770780e-03
   1.2575750e-03
   1.2327884e-03
   1.2032826e-03
   1.1694839e-03
   1.1316886e-03
   3.7298183e-03
   3.7046191e-03
   3.6762881e-03
   3.6445435e-03
   3.6089753e-03
   3.5689349e-03
   3.5232780e-03
   3.7298245e-03
   3.7046253e-03
   3.6762944e-03
   3.6445498e-03
   3.6089816e-03
   3.5689412e-03
   3.5232843e-03
   1.0900609e-03
   1.0446304e-03
   9.9526941e-04
   9.4167133e-04
   8.8330249e-04
   8.1931678e-04
   7.4839413e-04
   1.0900622e-03
   1.0446317e-03
   9.9527059e-04
   9.4167243e-04
   8.8330351e-04
   8.1931771e-04
   7.4839497e-04
   6.6841004e-04
   5.7567252e-04
   4.6277909e-04
   3.1004864e-04
   6.6841078e-04
   5.7567316e-04
   4.6277960e-04
   3.1004898e-04
   3.4696981e-03
   3.4027745e-03
   3.3079321e-03
   3.1590624e-03
   3.4697045e-03
   3.4027809e-03
   3.3079384e-03
   3.1590687e-03
   7.0684412e-06
   7.0641523e-06
  -7.1177938e-05
  -7.1182203e-05
  -3.3841820e-05
  -3.3845853e-05
  -5.4748046e-05
  -5.4752025e-05
  -1.1780288e-04
  -1.1780693e-04
  -2.7987023e-04
  -2.7987468e-04
  -3.1573700e-04
  -3.1574148e-04
  -8.2789828e-06
  -8.2822303e-06
  -1.0083100e-04
  -1.0083446e-04
  -1.5987438e-04
  -1.5987796e-04
  -1.8963951e-04
  -1.8964313e-04
   8.7630699e-05
   8.7628364e-05
   2.8835969e-06
   2.8810066e-06
  -8.0572451e-05
  -8.0575307e-05
   1.4397765e-04
   1.4397597e-04
   8.7761112e-05
   8.7759265e-05
   6.1174157e-05
   6.1172279e-05
   1.0716842e-04
   1.0716689e-04
   2.5533515e-05
   2.5531674e-05
   1.7954334e-04
   1.7954245e-04
   1.3940486e-04
   1.3940383e-04
   1.1545967e-04
   1.1545860e-04
   1.5775033e-04
   1.5774959e-04
   6.8085187e-05
   6.8084023e-05
   2.4565328e-04
   2.4565331e-04
   2.1368714e-04
   2.1368704e-04
   1.8842666e-04
   1.8842648e-04
   2.9258787e-04
   2.9258844e-04
   1.2263950e-04
   1.2263902e-04
   1.3754608e-04
   1.3754576e-04
   2.1220980e-04
   2.1221008e-04
   1.9385862e-04
   1.9385883e-04
   1.8843709e-04
   1.8843732e-04
   2.1818219e-04
   2.1818272e-04
   1.6131756e-04
   1.6131774e-04
   2.8790096e-04
   2.8790219e-04
   2.7478479e-04
   2.7478598e-04
   2.6815753e-04
   2.6815873e-04
   3.5802634e-04
   3.5802832e-04
   2.3991779e-04
   2.3991885e-04
   2.7514874e-04
   2.7515016e-04
   3.3774018e-04
   3.3774218e-04
   2.1735038e-04
   2.1735140e-04
   2.5255891e-04
   2.5256029e-04
   3.1004521e-04
   3.1004716e-04
   1.9697930e-04
   1.9698028e-04
   2.2986850e-04
   2.2986983e-04
   2.8683870e-04
   2.8684062e-04
   1.7255393e-04
   1.7255480e-04
   2.0459596e-04
   2.0459720e-04
   2.5862288e-04
   2.5862471e-04
   1.4340023e-04
   1.4340094e-04
   1.7400822e-04
   1.7400929e-04
   2.2692441e-04
   2.2692608e-04
   1.1123852e-04
   1.1123900e-04
   1.3998235e-04
   1.3998318e-04
   1.9113613e-04
   1.9113758e-04
   7.1541304e-05
   7.1541424e-05
   9.7955392e-05
   9.7955856e-05
   1.4402528e-04
   1.4402633e-04
   2.5256480e-05
   2.5256118e-05
   4.6545981e-05
   4.6545913e-05
   8.6914871e-05
   8.6915347e-05
  -3.6267298e-05
  -3.6268403e-05
  -2.7086776e-05
  -2.7087730e-05
   1.4225388e-07
   1.4172341e-07
  -1.4442071e-05
  -1.4442781e-05
  -2.4270483e-05
  -2.4271313e-05
  -1.7463457e-05
  -1.7464170e-05
  -6.8121120e-05
  -6.8122584e-05
   2.0283689e-06
   2.0280740e-06
  -1.8462021e-05
  -1.8462649e-05
  -3.8187394e-05
  -3.8188356e-05
  -3.8176537e-06
  -3.8179803e-06
  -1.5555559e-05
  -1.5556108e-05
  -2.2713920e-05
  -2.2714613e-05
  -1.5740220e-05
  -1.5740783e-05
  -5.5661120e-05
  -5.5662550e-05
   1.9603793e-06
   1.9603542e-06
  -1.3102380e-05
  -1.3102776e-05
  -3.0571596e-05
  -3.0572466e-05
   4.7871565e-06
   4.7873631e-06
  -3.6935665e-06
  -3.6936215e-06
  -1.1064724e-05
  -1.1065037e-05
   4.9029712e-06
   4.9033271e-06
   1.5906060e-06
   1.5908310e-06
   1.1092719e-07
   1.1108580e-07
   5.8879312e-06
   5.8884298e-06
  -1.7451382e-06
  -1.7452892e-06
  -3.1333754e-07
  -3.1336781e-07
