   5.0000000e+01
   5.0000000e+01
   5.0000000e+01
   5.0000000e+01
   5.0000000e+01
   5.0000000e+01
   5.0000000e+01
   5.0000000e+01
   5.0000000e+01
   5.0000000e+01
   5.0000000e+01
   5.0000000e+01
   5.0000000e+01
   5.0000000e+01
   5.0000000e+01
   5.0000000e+01
   5.0000000e+01
   5.0000000e+01
   5.0000000e+01
   5.0000000e+01
   5.0000000e+01
   5.0000000e+01
   5.0000000e+01
   5.0000000e+01
   5.0000000e+01
   5.0000000e+01
   5.0000000e+01
   5.0000000e+01
   5.0000000e+01
   5.0000000e+01
   5.0000000e+01
   5.0000000e+01
   5.0000000e+01
   5.0000000e+01
   5.0000000e+01
   5.0000000e+01
   5.0000000e+01
   5.0000000e+01
   5.0000000e+01
   5.0000000e+01
   5.0000000e+01
   5.0000000e+01
   5.0000000e+01
   5.0000000e+01
   5.0000000e+01
   5.0000000e+01
   5.0000000e+01
   5.0000000e+01
   5.0000000e+01
   5.0000000e+01
   5.0000000e+01
   5.0000000e+01
   5.0000000e+01
   5.0000000e+01
   5.0000000e+01
   5.0000000e+01
   5.0000000e+01
   5.0000000e+01
   5.0000000e+01
   5.0000000e+01
   5.0000000e+01
   5.0000000e+01
   5.0000000e+01
   5.0000000e+01
   5.0000000e+01
   5.0000000e+01
   5.0000000e+01
   5.0000000e+01
   5.0000000e+01
   5.0000000e+01
   5.0000000e+01
   5.0000000e+01
   5.0000000e+01
   5.0000000e+01
   5.0000000e+01
   5.0000000e+01
   5.0000000e+01
   5.0000000e+01
   5.0000000e+01
   5.0000000e+01
   5.0000000e+01
   5.0000000e+01
   4.9904245e+01
   4.9712735e+01
   4.9425470e+01
   5.0095755e+01
   5.0287265e+01
   5.0574530e+01
   4.9904245e+01
   4.9712735e+01
   4.9425470e+01
   5.0095755e+01
   5.0287265e+01
   5.0574530e+01
   4.9042450e+01
   4.8659430e+01
   4.8276410e+01
   4.7893390e+01
   4.7510370e+01
   4.7127350e+01
   4.6744330e+01
   5.0957550e+01
   5.1340570e+01
   5.1723590e+01
   5.2106610e+01
   5.2489630e+01
   5.2872650e+01
   5.3255670e+01
   4.9042450e+01
   4.8659430e+01
   4.8276410e+01
   4.7893390e+01
   4.7510370e+01
   4.7127350e+01
   4.6744330e+01
   5.0957550e+01
   5.1340570e+01
   5.1723590e+01
   5.2106610e+01
   5.2489630e+01
   5.2872650e+01
   5.3255670e+01
   5.3638690e+01
   5.4021710e+01
   5.4404730e+01
   5.4787750e+01
   5.5170770e+01
   5.5553790e+01
   5.5936810e+01
   4.6361310e+01
   4.5978290e+01
   4.5595270e+01
   4.5212250e+01
   4.4829230e+01
   4.4446210e+01
   4.4063190e+01
   4.6361310e+01
   4.5978290e+01
   4.5595270e+01
   4.5212250e+01
   4.4829230e+01
   4.4446210e+01
   4.4063190e+01
   5.3638690e+01
   5.4021710e+01
   5.4404730e+01
   5.4787750e+01
   5.5170770e+01
   5.5553790e+01
   5.5936810e+01
   4.3680170e+01
   4.3297150e+01
   4.2914130e+01
   4.2531110e+01
   5.6319830e+01
   5.6702850e+01
   5.7085870e+01
   5.7468890e+01
   5.6319830e+01
   5.6702850e+01
   5.7085870e+01
   5.7468890e+01
   4.3680170e+01
   4.3297150e+01
   4.2914130e+01
   4.2531110e+01
   5.7537141e+01
   4.2462859e+01
   5.7364319e+01
   4.2635681e+01
   5.7270468e+01
   4.2729532e+01
   5.7176557e+01
   4.2823443e+01
   5.7077309e+01
   4.2922691e+01
   5.6931449e+01
   4.3068551e+01
   5.6787095e+01
   4.3212905e+01
   5.6647391e+01
   4.3352609e+01
   5.6510012e+01
   4.3489988e+01
   5.6385803e+01
   4.3614197e+01
   5.6268178e+01
   4.3731822e+01
   5.6159012e+01
   4.3840988e+01
   5.6054074e+01
   4.3945926e+01
   5.5946210e+01
   4.4053790e+01
   5.5813944e+01
   4.4186056e+01
   5.5724874e+01
   4.4275126e+01
   5.5636651e+01
   4.4363349e+01
   5.5528105e+01
   4.4471895e+01
   5.5422958e+01
   4.4577042e+01
   5.5321579e+01
   4.4678421e+01
   5.5252209e+01
   4.4747791e+01
   5.5182840e+01
   4.4817160e+01
   5.5098087e+01
   4.4901913e+01
   5.5013335e+01
   4.4986665e+01
   5.4930178e+01
   4.5069822e+01
   5.4874812e+01
   4.5125188e+01
   5.4817722e+01
   4.5182278e+01
   5.4753864e+01
   4.5246136e+01
   5.4698131e+01
   4.5301869e+01
   5.4652363e+01
   4.5347637e+01
   5.4606942e+01
   4.5393058e+01
   5.4561694e+01
   4.5438306e+01
   5.4516879e+01
   4.5483121e+01
   5.4462620e+01
   4.5537380e+01
   5.4406628e+01
   4.5593372e+01
   5.4350333e+01
   4.5649667e+01
   5.4313086e+01
   4.5686914e+01
   5.4274537e+01
   4.5725463e+01
   5.4233576e+01
   4.5766424e+01
   5.4198828e+01
   4.5801172e+01
   5.4168947e+01
   4.5831053e+01
   5.4145597e+01
   4.5854403e+01
   5.4113026e+01
   4.5886974e+01
   5.4084254e+01
   4.5915746e+01
   5.4061579e+01
   4.5938421e+01
   5.4029530e+01
   4.5970470e+01
   5.4001085e+01
   4.5998915e+01
   5.3979172e+01
   4.6020828e+01
   5.3948299e+01
   4.6051701e+01
   5.3920637e+01
   4.6079363e+01
   5.3899508e+01
   4.6100492e+01
   5.3869289e+01
   4.6130711e+01
   5.3841823e+01
   4.6158177e+01
   5.3821325e+01
   4.6178675e+01
   5.3791847e+01
   4.6208153e+01
   5.3764642e+01
   4.6235358e+01
   5.3744842e+01
   4.6255158e+01
   5.3716104e+01
   4.6283896e+01
   5.3689095e+01
   4.6310905e+01
   5.3669491e+01
   4.6330509e+01
   5.3640667e+01
   4.6359333e+01
   5.3613331e+01
   4.6386669e+01
   5.3593836e+01
   4.6406164e+01
   5.3564925e+01
   4.6435075e+01
   5.3537133e+01
   4.6462867e+01
   5.3507252e+01
   4.6492748e+01
   5.3476328e+01
   4.6523672e+01
   5.3445404e+01
   4.6554596e+01
   5.3409393e+01
   4.6590607e+01
   5.3368170e+01
   4.6631830e+01
   5.3324030e+01
   4.6675970e+01
   5.3296564e+01
   4.6703436e+01
   5.3266488e+01
   4.6733512e+01
   5.3229433e+01
   4.6770567e+01
   5.3205231e+01
   4.6794769e+01
   5.3181030e+01
   4.6818970e+01
   5.3154426e+01
   4.6845574e+01
   5.3121296e+01
   4.6878704e+01
   5.3084332e+01
   4.6915668e+01
   5.3062874e+01
   4.6937126e+01
   5.3036628e+01
   4.6963372e+01
   5.3005059e+01
   4.6994941e+01
   5.2986346e+01
   4.7013654e+01
   5.2965455e+01
   4.7034545e+01
   5.2939939e+01
   4.7060061e+01
   5.2923646e+01
   4.7076354e+01
   5.2906916e+01
   4.7093084e+01
   5.2890425e+01
   4.7109575e+01
   5.2877029e+01
   4.7122971e+01
   5.2864725e+01
   4.7135275e+01
