   9.9750000e+01
   1.0025000e+02
   9.9250000e+01
   1.0075000e+02
   9.8750000e+01
   1.0125000e+02
   9.8250000e+01
   1.0175000e+02
   9.7750000e+01
   1.0225000e+02
   9.7250000e+01
   1.0275000e+02
   9.6750000e+01
   1.0325000e+02
   9.6250000e+01
   1.0375000e+02
   9.5750000e+01
   1.0425000e+02
   9.5250000e+01
   1.0475000e+02
   9.4750000e+01
   1.0525000e+02
   9.4250000e+01
   1.0575000e+02
   9.3750000e+01
   1.0625000e+02
   9.3250000e+01
   1.0675000e+02
   9.2750000e+01
   1.0725000e+02
   9.2250000e+01
   1.0775000e+02
   9.1750000e+01
   1.0825000e+02
   9.1250000e+01
   1.0875000e+02
   9.0750000e+01
   1.0925000e+02
   9.0250000e+01
   1.0975000e+02
   8.9750000e+01
   1.1025000e+02
   8.9250000e+01
   1.1075000e+02
   8.8750000e+01
   1.1125000e+02
   8.8250000e+01
   1.1175000e+02
   8.7750000e+01
   1.1225000e+02
   8.7250000e+01
   1.1275000e+02
   8.6750000e+01
   1.1325000e+02
   8.6250000e+01
   1.1375000e+02
   8.5750000e+01
   1.1425000e+02
   8.5250000e+01
   1.1475000e+02
   8.4750000e+01
   1.1525000e+02
   8.4250000e+01
   1.1575000e+02
   8.3750000e+01
   1.1625000e+02
   8.3250000e+01
   1.1675000e+02
   8.2750000e+01
   1.1725000e+02
   8.2250000e+01
   1.1775000e+02
   8.1750000e+01
   1.1825000e+02
   8.1250000e+01
   1.1875000e+02
   8.0750000e+01
   8.0375000e+01
   8.0125000e+01
   1.1925000e+02
   1.1962500e+02
   1.1987500e+02
   1.1991965e+02
   1.1975895e+02
   1.1951791e+02
   1.2008035e+02
   1.2024105e+02
   1.2048209e+02
   7.9919651e+01
   7.9758954e+01
   7.9517908e+01
   8.0080349e+01
   8.0241046e+01
   8.0482092e+01
   1.1919651e+02
   1.1887512e+02
   1.1855372e+02
   1.1823233e+02
   1.1791093e+02
   1.1758954e+02
   1.1726814e+02
   1.2080349e+02
   1.2112488e+02
   1.2144628e+02
   1.2176767e+02
   1.2208907e+02
   1.2241046e+02
   1.2273186e+02
   7.9196512e+01
   7.8875118e+01
   7.8553722e+01
   7.8232327e+01
   7.7910933e+01
   7.7589538e+01
   7.7268143e+01
   8.0803488e+01
   8.1124882e+01
   8.1446278e+01
   8.1767673e+01
   8.2089067e+01
   8.2410462e+01
   8.2731857e+01
   1.2305325e+02
   1.2337465e+02
   1.2369604e+02
   1.2401744e+02
   1.2433883e+02
   1.2466023e+02
   1.2498162e+02
   7.6946748e+01
   7.6625353e+01
   7.6303957e+01
   7.5982563e+01
   7.5661168e+01
   7.5339773e+01
   7.5018378e+01
   1.1694675e+02
   1.1662535e+02
   1.1630396e+02
   1.1598256e+02
   1.1566117e+02
   1.1533977e+02
   1.1501838e+02
   8.3053252e+01
   8.3374647e+01
   8.3696043e+01
   8.4017438e+01
   8.4338832e+01
   8.4660227e+01
   8.4981623e+01
   1.1469698e+02
   1.1437559e+02
   1.1405419e+02
   1.1373280e+02
   8.5303017e+01
   8.5624412e+01
   8.5945808e+01
   8.6267202e+01
   1.2530302e+02
   1.2562441e+02
   1.2594581e+02
   1.2626720e+02
   7.4696983e+01
   7.4375588e+01
   7.4054192e+01
   7.3732798e+01
   1.2666237e+02
   7.3337628e+01
   1.2697166e+02
   7.3028344e+01
   1.2720717e+02
   7.2792834e+01
   1.2744309e+02
   7.2556913e+01
   1.2767038e+02
   7.2329621e+01
   1.2801020e+02
   7.1989795e+01
   1.2836194e+02
   7.1638056e+01
   1.2871908e+02
   7.1280916e+01
   1.2905886e+02
   7.0941139e+01
   1.2940731e+02
   7.0592691e+01
   1.2976863e+02
   7.0231370e+01
   1.3013307e+02
   6.9866929e+01
   1.3048735e+02
   6.9512648e+01
   1.3084650e+02
   6.9153503e+01
   1.3133180e+02
   6.8668199e+01
   1.3169275e+02
   6.8307249e+01
   1.3205723e+02
   6.7942775e+01
   1.3254522e+02
   6.7454777e+01
   1.3303401e+02
   6.6965986e+01
   1.3352570e+02
   6.6474303e+01
   1.3389207e+02
   6.6107928e+01
   1.3426060e+02
   6.5739400e+01
   1.3475330e+02
   6.5246698e+01
   1.3524600e+02
   6.4753996e+01
   1.3574090e+02
   6.4259102e+01
   1.3610984e+02
   6.3890160e+01
   1.3648047e+02
   6.3519533e+01
   1.3697619e+02
   6.3023812e+01
   1.3746999e+02
   6.2530012e+01
   1.3784524e+02
   6.2154760e+01
   1.3821857e+02
   6.1781435e+01
   1.3858974e+02
   6.1410261e+01
   1.3896205e+02
   6.1037949e+01
   1.3945907e+02
   6.0540929e+01
   1.3995588e+02
   6.0044123e+01
   1.4045366e+02
   5.9546336e+01
   1.4082580e+02
   5.9174201e+01
   1.4119881e+02
   5.8801189e+01
   1.4169700e+02
   5.8302999e+01
   1.4219362e+02
   5.7806382e+01
   1.4256957e+02
   5.7430426e+01
   1.4294382e+02
   5.7056183e+01
   1.4344047e+02
   5.6559532e+01
   1.4381662e+02
   5.6183384e+01
   1.4419091e+02
   5.5809095e+01
   1.4468769e+02
   5.5312314e+01
   1.4506376e+02
   5.4936238e+01
   1.4543809e+02
   5.4561908e+01
   1.4593481e+02
   5.4065193e+01
   1.4631108e+02
   5.3688920e+01
   1.4668546e+02
   5.3314544e+01
   1.4718207e+02
   5.2817926e+01
   1.4755849e+02
   5.2441506e+01
   1.4793290e+02
   5.2067100e+01
   1.4842943e+02
   5.1570573e+01
   1.4880600e+02
   5.1194004e+01
   1.4918044e+02
   5.0819564e+01
   1.4967673e+02
   5.0323266e+01
   1.5005358e+02
   4.9946417e+01
   1.5042803e+02
   4.9571967e+01
   1.5092421e+02
   4.9075788e+01
   1.5130115e+02
   4.8698854e+01
   1.5167560e+02
   4.8324403e+01
   1.5217160e+02
   4.7828401e+01
   1.5254866e+02
   4.7451337e+01
   1.5292314e+02
   4.7076857e+01
   1.5329619e+02
   4.6703810e+01
   1.5366991e+02
   4.6330087e+01
   1.5416859e+02
   4.5831413e+01
   1.5466677e+02
   4.5333225e+01
   1.5516542e+02
   4.4834575e+01
   1.5553876e+02
   4.4461242e+01
   1.5591255e+02
   4.4087454e+01
   1.5641163e+02
   4.3588369e+01
   1.5678537e+02
   4.3214634e+01
   1.5715958e+02
   4.2840416e+01
   1.5765884e+02
   4.2341156e+01
   1.5815760e+02
   4.1842405e+01
   1.5865636e+02
   4.1343635e+01
   1.5903054e+02
   4.0969458e+01
   1.5940461e+02
   4.0595393e+01
   1.5990382e+02
   4.0096180e+01
   1.6027810e+02
   3.9721902e+01
   1.6065251e+02
   3.9347487e+01
   1.6115208e+02
   3.8847917e+01
   1.6152649e+02
   3.8473507e+01
   1.6190112e+02
   3.8098881e+01
   1.6240081e+02
   3.7599190e+01
   1.6289999e+02
   3.7100011e+01
   1.6327542e+02
   3.6724581e+01
