0.022500  0.400000
0.045000  0.400000
0.067500  0.400000
0.090000  0.400000
0.112500  0.400000
0.135000  0.400000
0.157500  0.400000
0.180000  0.400000
0.202500  0.400000
0.225000  0.400000
0.247500  0.400000
0.270000  0.400000
0.292500  0.400000
0.315000  0.400000
0.337500  0.400000
0.360000  0.400000
0.382500  0.400000
0.405000  0.400000
0.427500  0.400000
0.450000  0.400000
0.472500  0.400000
0.495000  0.400000
0.517500  0.400000
0.540000  0.400000
0.562500  0.400000
0.585000  0.400000
0.607500  0.400000
0.630000  0.400000
0.652500  0.400000
0.675000  0.400000
0.697500  0.400000
0.720000  0.400000
0.742500  0.400000
0.765000  0.400000
0.787500  0.400000
0.810000  0.400000
0.832500  0.400000
0.855000  0.400000
0.877500  0.400000
0.900000  0.400000
0.922500  0.400000
0.945000  0.400000
0.967500  0.400000
0.990000  0.400000
1.012500  0.400000
1.035000  0.400000
1.057500  0.400000
1.080000  0.400000
1.102500  0.400000
1.125000  0.400000
1.147500  0.400000
1.170000  0.400000
1.192500  0.400000
1.215000  0.400000
1.237500  0.400000
1.260000  0.400000
1.282500  0.400000
1.305000  0.400000
1.327500  0.400000
1.350000  0.400000
1.372500  0.400000
1.395000  0.400000
1.417500  0.400000
1.440000  0.400000
1.462500  0.400000
1.485000  0.400000
1.507500  0.400000
1.530000  0.400000
1.552500  0.400000
1.575000  0.400000
1.590000  0.800000
1.623750  0.800000
1.699687  0.800000
1.870547  0.800000
2.254980  0.800000
2.425840  1.200000
2.810273  1.200000
3.386924  1.600000
4.251899  1.600000
4.636333  2.000000
5.501309  2.000000
5.885742  2.400000
6.750718  2.400000
7.135151  2.941273
8.000127  2.941273
8.225127  2.941273
8.375127  3.141273
8.600127  3.141273
8.825127  3.141273
9.050127  3.141273
9.275127  3.141273
9.500127  4.531882
9.690760  4.531882
10.069270  6.122491
10.527705  6.122491
11.176502  6.122491
12.016398  7.315784
12.978642  7.315784
13.940886  7.515784
14.919052  8.509076
15.897217  8.709076
16.840959  8.709076
17.717789  8.909076
18.566585  8.909076
19.347349  9.109076
20.127889  9.109076
20.912222  9.209076
21.700533  9.552191
22.487653  9.552191
23.215565  9.552191
23.959280  10.755859
24.143514  10.755859
24.505874  12.360751
24.969739  12.360751
25.586594  12.360751
26.370591  13.363808
27.152240  13.363808
27.877257  13.363808
28.676468  13.765031
29.530961  13.765031
30.385453  13.765031
31.239945  13.765031
32.094437  13.765031
33.086961  13.765031
34.079486  13.765031
35.072010  13.765031
36.064534  13.765031
37.057058  13.765031
38.049582  13.765031
39.042106  13.765031
40.034630  13.765031
41.027154  13.765031
42.019678  13.765031
43.012203  13.765031
44.004727  13.765031
44.997251  13.765031
45.989775  13.765031
46.982299  13.765031
47.974823  13.765031
48.967347  13.765031
49.959871  13.765031
50.952396  13.765031
51.944920  13.765031
52.937444  13.765031
53.929968  13.765031
54.922492  13.765031
55.915016  13.765031
56.907540  13.765031
57.900064  13.765031
58.892588  13.765031
59.885113  13.765031
60.877637  13.765031
61.870161  13.765031
62.862685  13.765031
63.855209  13.765031
64.847733  13.765031
65.840257  13.765031
66.832781  13.765031
67.825306  13.765031
68.817830  13.765031
69.810354  13.765031
70.802878  13.765031
71.795402  13.765031
72.787926  13.765031
73.780450  13.765031
74.772974  13.765031
75.765498  13.765031
76.758023  13.765031
77.750547  13.765031
78.743071  13.765031
79.735595  13.765031
80.728119  13.765031
81.720643  13.765031
82.713167  13.765031
83.705691  13.965031
83.999163  13.965031
84.327476  14.065031
84.720491  14.065031
85.089909  14.065031
85.460946  14.065031
85.860025  14.165031
86.264402  14.165031
86.679760  14.165031
87.103034  14.165031
87.532400  14.165031
87.966691  14.365031
88.402618  14.365031
88.841744  14.365031
89.283086  14.365031
89.725284  14.365031
90.166994  14.365031
90.607159  14.365031
91.045260  14.365031
91.481384  14.365031
91.916061  14.365031
92.349979  14.365031
92.783773  14.365031
93.217949  14.365031
93.652904  14.465031
94.082747  14.465031
94.509964  14.465031
94.936319  14.465031
95.362762  14.465031
95.789714  14.465031
96.217394  14.565031
96.642880  14.565031
97.066731  14.565031
97.489604  14.765031
97.743736  14.765031
98.023221  14.865031
98.363620  14.865031
98.681356  14.865031
99.001437  14.865031
99.327416  15.265031
99.660958  15.265031
100.011797  15.265031
100.368390  15.265031
100.732865  15.265031
101.102432  15.265031
101.474785  15.265031
101.848779  15.265031
102.223899  15.265031
102.600251  15.265031
102.978249  15.265031
103.350978  15.265031
103.732443  15.465031
104.114113  15.465031
104.483581  15.465031
104.867658  15.465031
105.252117  15.465031
105.619963  15.465031
106.003259  15.565031
106.385729  15.565031
106.767660  15.565031
107.149267  15.565031
107.530771  15.565031
107.899606  15.565031
108.258563  15.565031
108.612544  15.765031
108.963317  15.865031
109.312061  15.865031
109.660134  15.865031
110.008343  15.865031
110.357124  15.865031
110.706670  15.865031
111.057027  16.065031
111.408191  16.065031
111.760193  16.065031
112.111973  16.065031
112.463337  16.065031
112.814171  16.065031
113.164244  16.265031
113.513312  16.265031
113.861286  16.265031
114.208290  16.265031
114.554649  16.265031
114.900778  16.265031
115.247067  16.465031
115.592982  16.465031
115.937187  16.465031
116.280323  16.465031
116.622595  16.465031
116.964098  16.565031
117.304969  16.565031
117.645391  16.565031
117.985616  16.565031
118.325911  16.565031
118.666515  16.865031
119.005825  16.865031
119.344132  16.865031
119.681831  16.865031
120.019478  16.965031
120.356859  16.965031
120.693877  16.965031
121.030579  16.965031
121.367108  16.965031
121.703703  16.965031
122.040600  16.965031
122.377981  17.165031
122.715222  17.165031
123.052911  17.165031
123.391039  17.165031
123.729526  17.165031
124.068243  17.365031
124.407011  17.365031
124.745684  17.365031
125.084107  17.365031
125.422173  17.365031
125.759841  17.365031
126.097189  17.365031
126.434921  17.365031
126.773101  17.465031
127.111600  17.465031
127.449007  17.465031
127.785437  17.465031
128.121182  17.465031
128.456551  17.765031
128.791672  17.765031
129.125845  17.765031
129.459499  17.765031
129.792817  17.765031
130.125847  17.965031
130.458614  17.965031
130.791061  17.965031
131.123166  17.965031
131.454941  17.965031
131.786448  17.965031
132.117804  17.965031
132.449166  18.065031
132.780458  18.065031
133.111699  18.065031
133.442784  18.065031
133.773845  18.265031
134.104842  18.265031
134.436452  18.265031
134.768633  18.265031
135.101359  18.265031
135.434580  18.265031
135.768222  18.365031
136.102189  18.365031
136.436421  18.365031
136.770884  18.365031
137.105597  18.365031
137.440646  18.665031
137.776112  18.665031
138.111445  18.665031
138.446781  18.665031
138.782274  18.865031
139.118094  18.865031
139.453633  18.865031
139.789416  18.865031
140.125708  18.865031
140.462653  18.865031
140.800318  18.865031
141.138722  18.865031
141.477873  18.865031
141.817790  18.865031
142.158538  18.865031
142.500228  19.065031
142.842828  19.065031
143.186503  19.065031
143.531040  19.165031
143.876453  19.165031
144.222712  19.365031
144.569836  19.365031
144.917810  19.365031
145.266766  19.565031
145.616666  19.565031
145.967937  19.565031
146.320600  19.565031
146.674657  19.565031
147.030066  19.565031
147.386744  19.565031
147.744614  19.565031
148.103585  19.565031
148.463660  19.565031
148.824920  19.665031
149.187642  19.665031
149.551257  19.765031
149.915714  19.965031
150.281365  19.965031
150.647646  19.965031
151.014934  20.165031
151.383342  20.165031
151.753006  20.165031
152.123917  20.165031
152.496032  20.165031
152.869326  20.165031
153.243830  20.265031
153.619475  20.265031
153.996490  20.265031
154.374661  20.465031
154.753592  20.465031
155.134021  20.465031
155.515923  20.465031
155.899321  20.465031
156.284191  20.565031
156.670516  20.565031
157.058120  20.565031
157.446916  20.565031
157.836888  20.865031
158.228605  20.865031
158.621141  20.865031
159.014547  21.065031
159.409312  21.065031
159.804604  21.065031
160.200868  21.065031
160.598335  21.065031
160.997127  21.065031
161.397285  21.065031
161.798790  21.065031
162.201620  21.065031
162.605794  21.165031
163.011156  21.165031
163.418125  21.265031
163.826391  21.465031
164.235141  21.465031
164.644220  21.465031
165.053648  21.665031
165.463366  21.665031
165.873403  21.665031
166.283725  21.665031
166.694268  21.665031
167.104965  21.665031
167.515777  21.765031
167.926598  21.765031
168.337499  21.765031
168.748397  21.965031
169.159073  21.965031
169.569627  21.965031
169.980108  21.965031
170.390644  22.065031
170.801380  22.065031
171.212329  22.065031
171.623506  22.065031
172.034915  22.065031
172.446557  22.365031
172.858631  22.365031
173.271109  22.365031
173.683946  22.565031
174.097149  22.565031
174.510808  22.565031
174.924969  22.565031
175.339625  22.565031
175.754754  22.565031
176.170315  22.565031
176.586245  22.565031
177.002486  22.665031
177.419007  22.665031
177.835725  22.765031
178.252542  22.965031
178.669474  22.965031
179.086414  22.965031
179.503404  22.965031
179.920550  23.165031
180.337866  23.165031
180.755541  23.165031
181.173591  23.165031
181.592001  23.165031
182.010744  23.265031
182.429834  23.265031
182.849412  23.265031
183.269434  23.465031
183.689743  23.465031
184.110541  23.465031
184.531814  23.465031
184.953529  23.465031
185.375659  23.465031
185.798167  23.565031
186.221071  23.565031
186.644232  23.565031
187.067600  23.665031
187.491319  23.665031
187.915223  23.865031
188.339407  24.243681
188.763985  24.243681
189.188171  24.243681
189.612077  24.243681
190.035941  24.243681
190.459952  24.243681
190.884234  24.243681
191.308858  24.243681
191.733883  24.243681
192.159365  24.243681
192.585321  24.243681
193.011750  24.243681
193.438647  24.243681
193.866017  24.243681
194.293833  25.233559
194.486250  25.333559
194.911619  26.323437
195.341157  26.323437
195.771967  26.323437
196.203703  26.323437
196.637136  27.513315
197.067618  27.513315
197.497495  27.513315
197.928044  27.513315
198.358303  27.513315
198.789869  27.513315
199.224008  27.513315
199.659601  28.503192
200.096832  28.503192
200.533117  28.503192
200.972032  28.503192
201.413343  28.503192
201.855774  28.503192
202.300185  28.503192
202.744989  28.603192
203.191245  28.603192
203.639861  28.603192
204.090434  29.593070
204.542940  29.593070
204.995678  29.793070
205.450046  29.793070
205.906745  29.793070
206.365476  29.793070
206.826101  29.793070
207.288119  29.793070
207.751528  29.793070
208.215877  29.793070
208.679062  29.793070
209.142828  29.793070
209.608738  30.782948
210.076546  30.782948
210.546245  30.782948
211.017433  30.782948
211.489148  30.782948
211.962060  30.882948
212.434130  30.882948
212.905909  30.882948
213.380280  30.882948
213.857142  30.882948
214.335717  31.082948
214.815757  31.082948
215.296631  31.082948
215.778099  31.082948
216.260311  31.280924
216.740925  31.280924
217.220580  31.280924
217.702404  31.280924
218.186499  31.280924
218.672079  31.280924
219.159073  31.280924
219.646969  31.280924
220.135250  31.280924
220.624019  31.280924
221.112856  31.280924
221.598947  31.380924
222.084656  31.380924
222.572312  31.380924
223.061520  31.380924
223.552657  31.380924
224.045053  31.380924
224.538702  31.580924
225.033400  31.580924
225.528342  31.580924
226.023697  31.580924
226.518921  31.580924
227.011295  31.580924
227.500910  31.580924
227.993937  31.580924
228.490448  31.580924
228.989716  31.580924
229.490803  31.580924
229.992658  31.580924
230.495348  31.580924
230.998117  31.580924
231.500880  31.580924
232.004032  31.580924
232.507389  31.680924
233.010657  31.680924
233.510153  31.680924
234.005591  31.680924
234.504808  31.680924
235.007922  31.680924
235.513944  31.880924
236.021406  31.880924
236.530527  31.880924
237.040395  31.880924
237.550295  31.880924
238.059940  31.880924
238.570185  31.880924
239.080716  31.880924
239.587205  31.880924
240.091096  31.880924
240.597862  31.880924
241.107844  31.880924
241.620012  31.880924
242.133409  31.880924
242.648022  31.880924
243.164380  31.980924
243.682299  31.980924
244.200515  31.980924
244.711725  31.980924
245.223855  31.980924
245.738165  31.980924
246.255989  32.180924
246.776324  32.180924
247.298893  32.180924
247.822814  32.180924
248.346838  32.180924
248.871761  32.180924
249.396958  32.180924
249.922087  32.180924
250.446737  32.180924
250.966987  32.180924
251.486334  32.180924
252.008346  32.180924
252.532317  32.180924
253.059007  32.180924
253.587657  32.180924
254.118438  32.180924
254.649820  32.280924
255.181339  32.280924
255.710139  32.280924
256.237053  32.280924
256.767709  32.280924
257.300884  32.280924
257.837266  32.480924
258.374671  32.480924
258.913188  32.480924
259.452124  32.480924
259.991127  32.480924
260.527765  32.480924
261.063050  32.480924
261.601698  32.480924
262.142369  32.480924
262.685465  32.480924
263.229407  32.480924
263.773810  32.480924
264.315434  32.480924
264.855377  32.480924
265.399540  32.480924
265.946119  32.480924
266.495758  32.580924
267.046889  32.580924
267.598748  32.580924
268.146936  32.580924
268.694007  32.580924
269.244696  32.580924
269.797218  32.780924
270.353454  32.780924
270.910626  32.780924
271.469896  32.780924
272.024088  32.780924
272.577607  32.780924
273.134961  32.780924
273.694755  32.780924
274.257528  32.780924
274.816914  32.780924
275.375928  32.780924
275.940272  32.780924
276.506839  32.780924
277.077494  32.780924
277.644340  32.780924
278.212176  32.780924
278.784028  32.780924
279.354278  32.880924
279.923423  32.880924
280.499923  32.880924
281.073639  32.880924
281.654065  32.880924
282.234491  32.880924
282.817767  33.260060
283.406559  33.260060
283.995020  33.260060
284.581943  33.260060
285.169283  33.260060
285.759144  33.260060
286.359274  33.260060
286.966362  33.260060
287.576672  33.260060
288.187397  33.260060
288.796552  33.260060
289.402796  33.260060
290.005281  33.260060
290.603518  33.260060
291.197298  33.260060
291.786579  33.260060
292.371308  33.260060
292.950764  33.260060
293.525437  33.260060
294.095769  33.260060
294.662163  33.260060
295.224926  33.260060
295.784375  33.260060
296.340796  33.260060
296.894519  33.260060
297.445789  33.260060
297.994866  34.262655
298.218110  34.262655
298.657905  35.265250
299.203671  35.265250
299.748182  35.265250
300.291387  35.265250
300.833500  36.267846
301.374329  36.267846
301.914195  36.267846
302.450071  36.267846
302.983570  36.267846
303.515680  36.267846
304.046353  36.267846
304.576432  37.270441
305.106463  37.270441
305.636156  37.270441
306.166082  37.270441
306.696581  37.270441
307.226771  37.270441
307.757222  37.270441
308.288313  37.270441
308.820253  37.270441
309.351865  38.273036
309.883162  38.273036
310.413961  38.273036
310.944265  38.273036
311.474104  38.273036
312.003505  38.273036
312.532496  38.273036
313.061234  38.273036
313.589537  38.273036
314.117431  38.273036
314.644980  38.273036
315.172190  38.273036
315.699107  38.273036
316.225774  38.273036
316.752242  38.273036
317.278581  38.273036
317.804814  38.273036
318.331110  38.273036
318.857346  38.273036
319.383493  38.273036
319.909588  38.273036
320.435670  38.273036
320.961783  38.273036
321.487981  38.273036
322.014341  38.273036
322.540894  38.273036
323.067705  38.273036
323.594835  38.273036
324.122342  38.273036
324.650400  38.273036
325.178867  38.273036
325.707655  38.273036
326.236770  38.273036
326.766225  38.273036
327.296048  38.273036
327.826278  38.273036
328.356964  38.273036
328.888160  38.273036
329.419940  38.273036
329.952323  38.273036
330.485361  38.273036
331.019104  38.273036
331.553598  38.273036
332.089022  38.273036
332.625212  38.273036
333.162026  38.273036
333.699453  38.273036
334.237498  38.273036
334.776193  38.273036
335.315586  38.273036
335.855737  38.273036
336.396709  38.273036
336.938566  38.273036
337.481372  38.273036
338.025205  38.273036
338.570081  38.273036
339.115947  38.273036
339.662337  38.273036
340.209093  38.273036
340.756090  38.273036
341.303330  38.273036
341.850850  38.273036
342.398715  38.273036
342.947004  38.273036
343.495803  38.273036
344.045187  38.273036
344.595201  38.273036
345.145916  38.273036
345.697402  38.273036
346.249722  38.273036
346.802943  38.273036
347.357149  38.273036
347.912152  38.273036
348.467816  38.273036
349.024131  38.273036
349.581156  38.273036
350.138987  38.273036
350.697695  38.273036
351.257387  38.273036
351.818173  38.273036
352.380135  38.273036
352.943365  38.273036
353.507942  38.273036
354.073989  38.273036
354.641290  38.273036
355.209708  38.273036
355.779254  38.273036
356.349972  38.273036
356.921981  38.273036
357.495418  38.273036
358.070424  38.273036
358.647110  38.273036
359.225591  38.273036
359.805457  38.273036
360.386409  38.273036
360.968364  38.273036
361.551375  38.273036
362.135542  38.273036
362.721030  38.273036
363.307988  38.273036
363.896574  38.273036
364.486925  38.273036
365.079162  38.273036
365.673309  38.273036
366.269125  38.273036
366.866475  38.273036
367.465461  38.273036
368.066272  38.273036
368.669113  38.273036
369.274173  38.273036
369.881522  38.273036
370.490947  38.273036
371.102360  38.273036
371.715907  38.273036
372.331815  38.273036
372.950329  38.273036
373.571544  38.273036
374.195041  38.273036
374.820473  38.273036
375.448048  38.273036
376.078049  38.273036
376.710494  38.273036
377.345237  38.273036
377.982342  38.273036
378.622036  38.273036
379.264356  38.273036
379.909212  38.273036
380.556745  38.273036
381.207236  38.273036
381.860734  38.273036
382.517036  38.273036
383.176311  38.273036
383.838857  38.273036
384.504783  38.273036
385.173663  38.273036
385.845535  38.273036
386.520256  38.273036
387.197564  38.273036
387.877661  38.273036
388.560385  38.273036
389.245631  38.273036
389.933646  38.273036
390.624967  38.273036
391.320241  38.273036
392.019987  38.273036
392.724590  38.273036
393.434332  38.273036
394.149424  38.273036
394.870051  38.273036
395.596384  38.273036
396.328579  38.273036
397.066769  38.273036
397.811084  38.273036
398.561661  38.273036
399.318648  38.273036
400.082059  38.273036
400.851727  38.273036
401.627786  38.273036
402.410383  38.273036
403.199669  38.273036
403.995778  38.273036
404.798839  38.273036
405.608997  38.273036
406.426408  38.273036
407.251215  38.273036
408.083549  38.273036
408.923558  38.273036
409.771401  38.273036
410.627231  38.273036
411.491182  38.273036
412.363408  38.273036
413.244076  38.273036
414.133342  38.273036
415.031306  38.273036
415.937821  38.273036
416.853062  38.273036
417.777184  38.273036
418.710346  38.273036
419.652728  38.273036
420.604517  38.273036
421.565870  38.273036
422.536976  38.273036
423.518040  38.273036
424.509264  38.273036
425.500489  38.273036
426.491713  38.273036
427.482937  38.273036
428.474161  38.473036
428.686633  38.473036
428.920802  38.473036
429.203732  38.573036
429.480762  38.573036
429.766145  38.573036
430.063321  38.573036
430.373817  38.673036
430.695025  38.673036
431.027224  38.673036
431.372762  38.673036
431.727624  38.673036
432.085580  38.673036
432.428273  38.673036
432.778106  38.873036
433.125949  38.873036
433.479164  38.873036
433.837494  38.873036
434.200301  38.873036
434.566701  38.873036
434.935560  38.873036
435.305793  38.873036
435.676501  38.873036
436.047143  38.873036
436.417564  38.873036
436.787900  38.873036
437.158428  38.873036
437.529441  38.873036
437.901190  38.873036
438.273875  38.873036
438.647662  38.973036
439.017331  38.973036
439.385904  38.973036
439.754379  38.973036
440.123205  38.973036
440.492617  38.973036
440.862758  38.973036
441.233735  38.973036
441.605648  39.073036
441.976260  39.073036
442.346406  39.073036
442.716431  39.073036
443.086591  39.073036
443.457113  39.073036
443.828181  39.073036
444.199936  39.073036
444.572488  39.073036
444.945932  39.073036
445.320353  39.273036
445.694438  39.273036
446.069470  39.273036
446.445569  39.273036
446.822687  39.273036
447.200731  39.273036
447.579577  39.273036
447.959084  39.273036
448.339153  39.273036
448.712971  39.273036
449.061612  39.273036
449.399754  39.273036
449.732913  39.273036
450.063545  39.273036
450.392948  39.273036
450.721917  39.273036
451.050973  39.373036
451.380041  39.373036
451.708208  39.373036
452.035743  39.373036
452.363063  39.373036
452.690525  39.373036
453.018367  39.573036
453.346265  39.573036
453.673385  39.573036
454.000365  39.573036
454.327392  39.573036
454.654457  39.573036
454.981464  39.573036
455.308272  39.573036
455.634742  39.573036
455.960777  39.573036
456.286368  39.573036
456.611608  39.573036
456.936673  39.573036
457.261770  39.573036
457.587101  39.673036
457.911106  39.673036
458.233749  39.673036
458.555540  39.673036
458.877054  39.773036
459.198109  39.773036
459.518552  39.773036
459.838487  39.773036
460.158084  39.773036
460.477569  39.773036
460.797158  39.773036
461.117022  39.973036
461.436527  39.973036
461.756375  39.973036
462.076566  39.973036
462.397047  39.973036
462.717746  39.973036
463.039781  39.973036
463.361648  39.973036
463.683264  39.973036
464.004526  39.973036
464.325362  39.973036
464.645759  39.973036
464.965769  39.973036
465.285495  39.973036
465.605065  40.073036
465.924618  40.073036
466.243316  40.073036
466.561304  40.073036
466.878769  40.073036
467.195928  40.073036
467.512979  40.273036
467.829852  40.273036
468.145583  40.273036
468.460881  40.273036
468.776021  40.273036
469.091106  40.273036
469.406156  40.273036
469.721156  40.273036
470.036082  40.273036
470.350929  40.273036
470.665732  40.273036
470.980578  40.273036
471.295592  40.373036
471.610437  40.373036
471.925079  40.373036
472.239484  40.373036
472.553870  40.473036
472.868294  40.473036
473.182592  40.473036
473.496797  40.473036
473.811046  40.473036
474.125544  40.673036
474.440093  40.673036
474.755401  40.673036
475.071338  40.673036
475.387843  40.673036
475.704840  40.673036
476.022238  40.673036
476.339938  40.673036
476.657857  40.673036
476.975959  40.673036
477.294284  40.673036
477.612941  40.773036
477.932269  40.773036
478.251500  40.773036
478.570767  40.773036
478.890222  40.973036
479.210577  40.973036
479.530366  40.973036
479.850356  40.973036
480.170841  40.973036
480.491929  40.973036
480.813638  40.973036
481.135940  40.973036
481.458812  40.973036
481.782266  40.973036
482.106380  41.073036
482.430772  41.073036
482.755803  41.073036
483.081229  41.073036
483.407156  41.173036
483.733805  41.173036
484.060927  41.173036
484.388508  41.173036
484.716679  41.373036
485.044977  41.373036
485.374632  41.373036
485.705498  41.373036
486.037532  41.373036
486.370654  41.373036
486.704743  41.373036
487.039661  41.373036
487.375317  41.373036
487.711713  41.473036
488.049581  41.473036
488.387739  41.473036
488.726396  41.473036
489.065666  41.673036
489.406854  41.673036
489.747895  41.673036
490.089597  41.673036
490.432213  41.673036
490.775815  41.673036
491.120379  41.673036
491.465862  41.673036
491.812257  41.673036
492.159643  41.773036
492.507560  41.773036
492.856598  41.773036
493.206420  41.873036
493.557166  41.873036
493.908689  41.873036
494.260974  41.873036
494.614128  42.073036
494.967760  42.073036
495.322983  42.073036
495.679736  42.073036
496.038010  42.073036
496.397714  42.073036
496.758690  42.073036
497.120782  42.073036
497.483935  42.173036
497.848911  42.173036
498.214561  42.173036
498.581022  42.373036
498.949387  42.373036
499.317983  42.373036
499.687539  42.373036
500.058309  42.373036
500.429941  42.373036
500.802109  42.373036
501.174781  42.373036
501.547946  42.473036
501.921606  42.473036
502.295854  42.473036
502.670580  42.673036
503.045553  42.673036
503.421182  42.673036
503.797590  42.673036
504.174836  42.673036
504.552920  42.673036
504.931773  42.673036
505.311303  42.673036
505.691467  42.773036
506.072565  42.773036
506.454268  42.773036
506.836484  42.973036
507.219628  42.973036
507.603091  42.973036
507.987081  42.973036
508.371783  42.973036
508.757275  42.973036
509.143559  42.973036
509.530615  43.073036
509.918234  43.073036
510.306791  43.073036
510.696140  43.273036
511.085698  43.273036
511.476338  43.273036
511.868125  43.273036
512.261099  43.273036
512.655242  43.273036
513.050459  43.273036
513.446634  43.373036
513.844237  43.373036
514.242581  43.373036
514.641640  43.573036
515.042202  43.573036
515.443076  43.573036
515.844559  43.573036
516.246888  43.573036
516.650185  43.573036
517.054489  43.573036
517.459798  43.673036
517.865707  43.673036
518.272880  43.673036
518.681126  43.873036
519.089454  43.873036
519.499320  43.873036
519.910691  43.873036
520.323561  43.873036
520.737875  43.873036
521.153494  43.873036
521.570282  43.973036
521.988947  43.973036
522.408559  43.973036
522.829096  44.073036
523.250650  44.073036
523.673255  44.073036
524.096865  44.273036
524.522014  44.273036
524.947910  44.273036
525.374846  44.273036
525.803019  44.273036
526.232505  44.273036
526.663290  44.273036
527.095329  44.373036
527.528405  44.373036
527.962934  44.573036
528.398042  44.573036
528.834698  44.573036
529.272836  44.573036
529.712511  44.573036
530.153727  44.573036
530.596397  44.573036
531.040403  44.673036
531.485706  44.673036
531.931994  44.873036
532.379543  44.873036
532.827752  44.873036
533.276626  44.873036
533.726323  44.873036
534.176966  44.873036
534.628616  44.873036
535.081278  44.973036
535.534799  44.973036
535.989530  45.173036
536.444823  45.173036
536.901458  45.173036
537.359493  45.173036
537.818925  45.173036
538.279716  45.173036
538.741767  45.273036
539.205502  45.273036
539.670284  45.273036
540.136004  45.473036
540.603371  45.473036
541.071342  45.473036
541.540039  45.473036
542.009674  45.473036
542.480389  45.473036
542.952239  45.573036
543.424838  45.573036
543.898826  45.673036
544.374181  45.673036
544.850826  45.673036
545.328648  45.986491
545.807143  45.986491
546.286940  45.986491
546.768133  45.986491
547.250781  45.986491
547.734875  45.986491
548.220414  45.986491
548.707335  45.986491
549.195622  45.986491
549.685211  47.200900
549.872746  47.200900
550.246357  48.820111
550.696261  48.820111
551.191870  48.820111
551.690382  49.832118
552.190756  49.832118
552.693400  49.832118
553.197888  49.832118
553.702510  49.832118
554.207353  49.832118
554.714818  50.844125
555.222305  50.844125
555.730962  50.844125
556.239695  50.844125
556.751289  50.844125
557.265042  50.844125
557.779075  50.844125
558.293093  50.844125
558.807713  50.844125
559.323562  51.248927
559.841299  51.248927
560.360925  51.248927
560.882770  51.248927
561.408029  51.248927
561.934839  51.248927
562.462368  51.248927
562.991394  51.248927
563.522708  51.248927
564.056945  51.248927
564.594192  51.248927
565.134766  51.248927
565.679331  51.248927
566.225623  51.248927
566.772858  51.248927
567.322274  51.248927
567.874708  51.248927
568.430369  51.248927
568.989558  51.248927
569.551882  51.248927
570.117666  51.248927
570.687240  51.248927
571.260522  51.248927
571.835424  51.248927
572.411629  51.248927
572.990275  51.248927
573.572190  51.248927
574.158072  51.248927
574.748189  51.248927
575.342640  51.248927
575.941741  51.248927
576.545627  51.248927
577.153010  51.248927
577.760800  51.248927
578.369486  51.248927
578.981699  51.248927
579.598231  51.248927
580.219626  51.248927
580.846187  51.248927
581.477769  51.248927
582.108452  51.248927
582.738770  51.248927
583.368218  51.248927
583.996350  51.248927
584.623281  51.248927
585.249140  51.248927
585.874032  51.248927
586.497942  51.248927
587.120952  51.248927
587.743645  51.248927
588.365558  51.248927
588.986348  51.248927
589.606068  51.248927
590.224731  51.248927
590.842451  51.248927
591.459819  51.248927
592.076928  51.248927
592.692720  51.248927
593.307294  51.248927
593.920894  51.248927
594.533691  51.248927
595.145780  51.248927
595.757978  51.248927
596.369341  51.248927
596.979754  51.248927
597.589218  51.248927
598.198316  51.248927
598.807005  51.248927
599.414634  51.248927
600.021310  51.248927
600.612948  51.248927
601.181629  51.248927
601.726863  51.248927
602.250989  51.248927
602.756584  51.248927
603.245827  51.248927
603.720652  51.248927
604.182272  51.248927
604.632361  51.248927
605.072174  51.248927
605.502493  51.248927
605.924326  51.248927
606.338807  51.248927
606.746577  51.248927
607.148135  51.248927
607.544260  51.248927
607.935521  51.248927
608.322340  51.248927
608.704828  51.248927
609.083409  51.248927
609.458527  51.248927
609.830548  51.248927
610.199762  51.248927
610.566408  51.248927
610.930691  51.248927
611.292793  51.248927
611.652879  51.248927
612.011104  51.248927
612.367608  51.248927
612.722524  51.248927
613.075975  51.248927
613.428075  51.248927
613.778931  51.248927
614.128641  51.248927
614.477297  51.248927
614.824985  51.248927
615.171783  51.248927
615.517766  51.248927
615.863000  51.248927
616.207549  51.248927
616.551470  51.248927
616.894818  51.248927
617.237641  51.248927
617.579986  51.248927
617.921894  51.248927
618.263405  51.248927
618.604554  51.248927
618.945374  51.248927
619.285896  51.248927
619.626147  51.248927
619.966152  51.248927
620.305936  51.248927
620.645519  51.248927
620.984920  51.248927
621.324158  51.248927
621.663248  51.248927
622.002206  51.248927
622.341044  51.248927
622.679775  51.248927
623.018409  51.248927
623.356957  51.248927
623.695427  51.248927
624.033828  51.248927
624.372166  51.248927
624.710449  51.248927
625.048681  51.248927
625.386870  51.248927
625.725019  51.248927
626.063132  51.248927
626.401213  51.248927
626.739267  51.248927
627.077296  51.248927
627.415303  51.248927
627.753290  51.248927
628.091262  51.248927
628.429219  51.248927
628.767164  51.248927
629.105099  51.248927
629.443027  51.248927
629.780949  51.248927
630.118868  51.248927
630.456786  51.248927
630.794705  51.248927
631.132626  51.248927
631.470553  51.248927
631.808487  51.248927
632.146432  51.248927
632.484389  51.248927
632.822362  51.248927
633.160353  51.248927
633.498364  51.248927
633.836400  51.248927
634.174464  51.248927
634.512558  51.248927
634.850687  51.248927
635.188855  51.248927
635.527064  51.248927
635.865320  51.248927
636.203627  51.248927
636.541990  51.248927
636.880412  51.248927
637.218899  51.248927
637.557456  51.248927
637.896088  51.248927
638.234800  51.248927
638.573598  51.248927
638.912489  51.248927
639.251477  51.248927
639.590569  51.248927
639.929771  51.248927
640.269090  51.248927
640.608532  51.248927
640.948105  51.248927
641.287816  51.248927
641.627672  51.248927
641.967679  51.248927
642.307847  51.248927
642.648182  51.248927
642.988692  51.248927
643.329386  51.248927
643.670272  51.248927
644.011357  51.248927
644.352651  51.248927
644.694163  51.248927
645.035900  51.248927
645.377872  51.248927
645.720088  51.248927
646.062558  51.248927
646.405290  51.248927
646.748294  51.248927
647.091580  51.248927
647.435157  51.248927
647.779036  51.248927
648.123225  51.248927
648.467736  51.248927
648.812579  51.248927
649.157764  51.248927
649.503300  51.248927
649.849200  51.248927
650.195474  51.248927
650.542131  51.248927
650.889184  51.248927
651.236644  51.248927
651.584520  51.248927
651.932825  51.248927
652.281570  51.248927
652.630766  51.248927
652.980425  51.248927
653.330557  51.248927
653.681127  51.248927
654.032129  51.248927
654.383575  51.248927
654.735475  51.248927
655.087842  51.248927
655.440687  51.248927
655.794021  51.248927
656.147856  51.248927
656.502204  51.248927
656.857077  51.248927
657.212486  51.248927
657.568444  51.248927
657.924963  51.248927
658.282056  51.248927
658.639733  51.248927
658.998009  51.248927
659.356895  51.248927
659.716404  51.248927
660.076549  51.248927
660.437343  51.248927
660.798798  51.248927
661.160928  51.248927
661.523746  51.248927
661.887265  51.248927
662.251499  51.248927
662.616461  51.248927
662.982164  51.248927
663.348623  51.248927
663.715851  51.248927
664.083862  51.248927
664.452671  51.248927
664.822292  51.248927
665.192738  51.248927
665.564025  51.248927
665.936167  51.248927
666.309180  51.248927
666.683077  51.248927
667.057875  51.248927
667.433588  51.248927
667.810232  51.248927
668.187822  51.248927
668.566375  51.248927
668.945906  51.248927
669.326432  51.248927
669.707968  51.248927
670.090531  51.248927
670.474092  51.248927
670.858632  51.248927
671.244167  51.248927
671.630715  51.248927
672.018275  51.248927
672.406874  51.248927
672.796532  51.248927
673.187269  51.248927
673.579103  51.248927
673.972052  51.248927
674.366135  51.248927
674.761371  51.248927
675.157778  51.248927
675.555377  51.248927
675.954185  51.248927
676.354224  51.248927
676.755512  51.248927
677.158071  51.248927
677.561920  51.248927
677.967081  51.248927
678.373575  51.248927
678.781423  51.248927
679.190648  51.248927
679.601271  51.248927
680.013316  51.248927
680.426805  51.248927
680.841761  51.248927
681.258209  51.248927
681.676172  51.248927
682.095659  51.248927
682.516700  51.248927
682.939326  51.248927
683.363563  51.248927
683.789440  51.248927
684.216983  51.248927
684.646221  51.248927
685.077169  51.248927
685.509778  51.248927
685.944078  51.248927
686.380096  51.248927
686.817863  51.248927
687.257408  51.248927
687.698763  51.248927
688.141958  51.248927
688.587026  51.248927
689.034000  51.248927
689.482913  51.248927
689.933798  51.248927
690.386672  51.248927
690.841581  51.248927
691.298565  51.248927
691.757661  51.248927
692.218908  51.248927
692.682345  51.248927
693.148014  51.248927
693.615955  51.248927
694.086211  51.248927
694.558825  51.248927
695.033843  51.248927
695.511310  51.248927
695.991274  51.248927
696.473782  51.248927
696.958886  51.248927
697.446636  51.248927
697.937085  51.248927
698.430287  51.248927
698.926300  51.248927
699.425181  51.248927
699.926989  51.248927
700.431788  51.248927
700.939564  51.248927
701.450362  51.248927
701.964248  51.248927
702.481294  51.248927
703.001570  51.248927
703.525152  51.248927
704.052118  51.248927
704.582550  51.248927
705.116530  51.248927
705.654146  51.248927
706.195491  51.248927
706.740659  51.248927
707.289750  51.248927
707.842867  51.248927
708.400119  51.248927
708.961622  51.248927
709.527493  51.248927
710.097320  51.248927
710.660902  51.248927
711.218307  51.248927
711.769607  51.248927
712.314878  51.248927
712.854197  51.248927
713.387641  51.248927
713.915289  51.248927
714.437222  51.248927
714.953522  51.248927
715.464270  51.248927
715.969548  51.248927
716.469435  51.248927
716.964008  51.248927
717.453345  51.248927
717.937526  51.248927
718.416632  51.248927
718.890746  51.248927
719.359949  51.248927
719.824322  51.248927
720.283946  51.248927
720.738903  51.248927
721.189270  51.248927
721.635129  51.248927
722.076555  51.248927
722.513627  51.248927
722.946420  51.248927
723.375009  51.248927
723.799468  51.248927
724.219869  51.248927
724.636271  51.248927
725.048770  51.248927
725.457411  51.248927
725.862285  51.248927
726.263436  51.248927
726.660948  51.248927
727.054871  51.248927
727.445282  51.248927
727.832229  51.248927
728.215785  51.248927
728.595999  51.248927
728.972941  51.248927
729.346656  51.248927
729.717212  51.248927
730.084655  51.248927
730.449048  51.248927
730.810435  51.248927
731.168877  51.248927
731.524419  51.248927
731.877116  51.248927
732.227013  51.248927
732.574162  51.248927
732.918608  51.248927
733.260399  51.248927
733.599580  51.248927
733.936197  51.248927
734.270293  51.248927
734.601911  51.248927
734.931094  51.248927
735.257884  51.248927
735.582322  51.248927
735.904446  51.248927
736.224298  51.248927
736.541914  51.248927
736.857336  51.248927
737.170596  51.248927
737.481736  51.248927
737.790780  51.248927
738.097767  51.248927
738.402735  51.248927
738.705718  51.248927
739.006751  51.248927
739.305867  51.248927
739.603099  51.248927
739.898479  51.248927
740.192039  51.248927
740.483808  51.248927
740.773817  51.248927
741.062096  51.248927
741.348674  51.248927
741.633580  51.248927
741.916843  51.248927
742.198490  51.248927
742.478549  51.248927
742.757047  51.248927
743.034010  51.248927
743.309466  51.248927
743.583439  51.248927
743.855765  51.248927
744.126397  51.248927
744.395367  51.248927
744.662704  51.248927
744.928437  51.248927
745.192596  51.248927
745.455207  51.248927
745.716300  51.248927
745.975900  51.248927
746.234036  51.248927
746.490734  51.248927
746.746019  51.248927
746.999917  51.248927
747.252455  51.248927
747.503655  51.248927
747.753544  51.248927
748.002145  51.248927
748.249483  51.248927
748.495580  51.248927
748.740460  51.248927
748.984147  51.248927
749.226662  51.248927
749.468028  51.248927
749.708267  51.248927
749.947401  51.248927
750.185453  51.248927
750.422442  51.248927
750.658390  51.248927
750.893319  51.248927
751.127248  51.248927
751.360199  51.248927
751.592192  51.248927
751.823247  51.248927
752.053383  51.248927
752.282621  51.248927
752.510980  51.248927
752.738480  51.248927
752.965139  51.248927
753.190978  51.248927
753.416015  51.248927
753.640269  51.248927
753.863759  51.248927
754.086504  51.248927
754.308522  51.248927
754.529831  51.248927
754.750451  51.248927
754.970400  51.248927
755.189695  51.248927
755.408356  51.248927
755.626400  51.248927
755.843845  51.248927
756.060710  51.248927
756.277013  51.248927
756.492771  51.248927
756.708003  51.248927
756.922728  51.248927
757.136962  51.248927
757.350724  51.248927
757.564033  51.248927
757.776906  51.248927
757.989362  51.248927
758.201419  51.248927
758.413095  51.248927
758.624408  51.248927
758.835378  51.248927
759.046022  51.248927
759.256360  51.248927
759.466410  51.248927
759.676191  51.248927
759.885722  51.248927
760.095023  51.248927
760.304111  51.248927
760.513008  51.248927
760.721733  51.248927
760.930306  51.248927
761.138746  51.248927
761.347074  51.248927
761.555311  51.248927
761.763477  51.248927
761.971593  51.248927
762.179681  51.248927
762.387763  51.248927
762.595860  51.248927
762.804038  51.248927
763.012286  51.248927
763.220619  51.248927
763.429058  51.248927
763.637626  51.248927
763.846345  51.248927
764.055242  51.248927
764.264341  51.248927
764.473666  51.248927
764.683246  51.248927
764.893105  51.248927
765.103272  51.248927
765.313774  51.248927
765.524639  51.248927
765.735897  51.248927
765.947421  51.248927
766.159232  51.248927
766.371360  51.248927
766.583836  51.248927
766.796694  51.248927
767.009965  51.248927
767.223684  51.248927
767.437885  51.248927
767.652604  51.248927
767.867876  51.248927
768.083741  51.248927
768.300235  51.248927
768.517398  51.248927
768.735270  51.248927
768.953894  51.248927
769.173312  51.248927
769.393568  51.248927
769.614708  51.248927
769.836779  51.248927
770.059829  51.248927
770.283908  51.248927
770.509069  51.248927
770.735365  51.248927
770.962851  51.248927
771.191585  51.248927
771.421626  51.248927
771.653037  51.248927
771.885881  51.248927
772.120226  51.248927
772.356139  51.248927
772.593695  51.248927
772.832967  51.248927
773.074033  51.248927
773.316976  51.248927
773.561881  51.248927
773.808835  51.248927
774.057932  51.248927
774.309269  51.248927
774.562948  51.248927
774.819074  51.248927
775.077761  51.248927
775.339124  51.248927
775.603285  51.248927
775.870375  51.248927
776.140527  51.248927
776.413886  51.248927
776.690601  51.248927
776.970798  51.248927
777.254532  51.248927
777.541974  51.248927
777.833307  51.248927
778.128721  51.248927
778.428421  51.248927
778.732621  51.248927
779.041549  51.248927
779.355448  51.248927
779.674576  51.248927
779.999205  51.248927
780.329626  51.248927
780.666152  51.248927
781.009113  51.248927
781.358864  51.248927
781.715784  51.248927
782.080280  51.248927
782.452788  51.248927
782.833775  51.248927
783.223819  51.248927
783.623339  51.248927
784.032963  51.248927
784.453173  51.248927
784.884639  51.248927
785.328091  51.248927
785.784324  51.248927
786.254201  51.248927
786.738662  51.248927
787.238733  51.248927
787.755537  51.248927
788.290301  51.248927
788.844374  51.248927
789.419237  51.248927
790.016521  51.248927
790.638022  51.248927
791.285725  51.248927
791.961819  51.248927
792.668727  51.248927
793.409125  51.248927
794.185968  51.248927
795.002516  51.248927
795.862352  51.248927
796.769400  51.248927
797.727926  51.248927
798.686452  51.248927
799.644977  51.248927
800.603503  51.248927
801.562029  51.248927
802.520555  51.248927
803.479080  51.248927
804.437606  51.248927
805.396132  51.248927
806.354658  51.248927
807.313183  51.248927
808.271709  51.248927
809.230235  51.248927
810.188761  51.248927
811.147286  51.248927
812.105812  51.248927
813.064338  51.248927
814.022863  51.248927
814.981389  51.248927
815.939915  51.248927
816.898441  51.248927
817.856966  51.248927
818.815492  51.248927
819.774018  51.248927
820.732544  51.248927
821.691069  51.248927
822.649595  51.248927
823.608121  51.248927
824.566647  51.248927
825.525172  51.248927
826.483698  51.248927
827.442224  51.248927
828.400749  51.248927
829.359275  51.248927
830.317801  51.248927
831.276327  51.248927
832.234852  51.248927
833.193378  51.248927
834.151904  51.248927
835.110430  51.248927
836.068955  51.248927
837.027481  51.248927
837.986007  51.248927
838.944533  51.248927
839.903058  51.248927
840.861584  51.248927
841.820110  51.248927
842.778635  51.248927
843.737161  51.248927
844.695687  51.248927
845.654213  51.248927
846.612738  51.248927
847.571264  51.248927
848.529790  51.248927
849.488316  51.248927
850.446841  51.248927
851.405367  51.248927
852.363893  51.248927
853.322419  51.248927
854.280944  51.248927
855.239470  51.248927
856.197996  51.248927
857.156521  51.248927
858.115047  51.248927
859.073573  51.248927
860.032099  51.248927
860.990624  51.248927
861.949150  51.248927
862.907676  51.248927
863.866202  51.248927
864.824727  51.248927
865.783253  51.248927
866.741779  51.248927
867.700305  51.248927
868.658830  51.248927
869.617356  51.248927
870.575882  51.248927
871.534407  51.248927
872.492933  51.248927
873.451459  51.248927
874.409985  51.248927
875.368510  51.248927
876.327036  51.248927
877.285562  51.248927
878.244088  51.248927
879.202613  51.248927
880.161139  51.248927
881.119665  51.248927
882.078191  51.248927
883.036716  51.248927
883.995242  51.248927
884.953768  51.248927
885.912293  51.248927
886.870819  51.248927
887.829345  51.248927
888.787871  51.248927
889.746396  51.248927
890.704922  51.248927
891.663448  51.248927
892.621974  51.248927
893.580499  51.248927
894.539025  51.248927
895.497551  51.248927
896.456076  51.248927
897.414602  51.248927
898.373128  51.248927
899.331654  51.248927
900.290179  51.248927
901.248705  51.248927
902.207231  51.248927
903.165757  51.248927
904.124282  51.248927
905.082808  51.248927
906.041334  51.248927
906.999860  51.248927
907.958385  51.248927
908.916911  51.248927
909.875437  51.248927
910.833962  51.248927
911.792488  51.248927
912.751014  51.248927
913.709540  51.248927
914.668065  51.248927
915.626591  51.248927
916.585117  51.248927
917.543643  51.248927
918.502168  51.248927
919.460694  51.248927
920.419220  51.248927
921.377746  51.248927
922.336271  51.248927
923.294797  51.248927
924.253323  51.248927
925.211848  51.248927
926.170374  51.248927
927.128900  51.248927
928.087426  51.248927
929.045951  51.248927
930.004477  51.248927
930.963003  51.248927
931.921529  51.248927
932.880054  51.248927
933.838580  51.248927
934.797106  51.248927
935.755632  51.248927
936.714157  51.248927
937.672683  51.248927
938.631209  51.248927
939.589734  51.248927
940.548260  51.248927
941.506786  51.248927
942.465312  51.248927
943.423837  51.248927
944.382363  51.248927
945.340889  51.248927
946.299415  51.248927
947.257940  51.248927
948.216466  51.248927
949.174992  51.248927
950.133518  51.248927
951.092043  51.248927
952.050569  51.248927
953.009095  51.248927
953.967620  51.248927
954.926146  51.248927
955.884672  51.248927
956.843198  51.248927
957.801723  51.248927
958.760249  51.248927
959.718775  51.248927
960.677301  51.248927
961.635826  51.248927
962.594352  51.248927
963.552878  51.248927
964.511404  51.248927
965.469929  51.248927
966.428455  51.248927
967.386981  51.248927
968.345506  51.248927
969.304032  51.248927
970.262558  51.248927
971.221084  51.248927
972.179609  51.248927
973.138135  51.248927
974.096661  51.248927
975.055187  51.248927
976.013712  51.248927
976.972238  51.248927
977.930764  51.248927
978.889290  51.248927
979.847815  51.248927
980.806341  51.248927
981.764867  51.248927
982.723392  51.248927
983.681918  51.248927
984.640444  51.248927
985.598970  51.248927
986.557495  51.248927
987.516021  51.248927
988.474547  51.248927
989.433073  51.248927
990.391598  51.248927
991.350124  51.248927
992.308650  51.248927
993.267176  51.248927
994.225701  51.248927
995.184227  51.248927
996.142753  51.248927
997.101278  51.248927
998.059804  51.248927
999.018330  51.248927
999.976856  51.248927
1000.935381  51.248927
1001.893907  51.248927
1002.852433  51.248927
1003.810959  51.248927
1004.769484  51.248927
1005.728010  51.248927
1006.686536  51.248927
1007.645061  51.248927
1008.603587  51.248927
1009.562113  51.248927
1010.520639  51.248927
1011.479164  51.248927
1012.437690  51.248927
1013.396216  51.248927
1014.354742  51.248927
1015.313267  51.248927
1016.271793  51.248927
1017.230319  51.248927
1018.188845  51.248927
1019.147370  51.248927
1020.105896  51.248927
1021.064422  51.248927
1022.022947  51.248927
1022.981473  51.248927
1023.939999  51.248927
1024.898525  51.248927
1025.857050  51.248927
1026.815576  51.248927
1027.774102  51.248927
1028.732628  51.248927
1029.691153  51.248927
1030.649679  51.248927
1031.608205  51.248927
1032.566731  51.248927
1033.525256  51.248927
1034.483782  51.248927
1035.442308  51.248927
1036.400833  51.248927
1037.359359  51.248927
1038.317885  51.248927
1039.276411  51.248927
1040.234936  51.248927
1041.193462  51.248927
1042.151988  51.248927
1043.110514  51.248927
1044.069039  51.248927
1045.027565  51.248927
1045.986091  51.248927
1046.944617  51.248927
1047.903142  51.248927
1048.861668  51.248927
1049.820194  51.248927
1050.778719  51.248927
1051.737245  51.248927
1052.695771  51.248927
1053.654297  51.248927
1054.612822  51.248927
1055.571348  51.248927
1056.529874  51.248927
1057.488400  51.248927
1058.446925  51.248927
1059.405451  51.248927
1060.363977  51.248927
1061.322503  51.248927
1062.281028  51.248927
1063.239554  51.248927
1064.198080  51.248927
1065.156605  51.248927
1066.115131  51.248927
1067.073657  51.248927
1068.032183  51.248927
1068.990708  51.248927
1069.949234  51.248927
1070.907760  51.248927
1071.866286  51.248927
1072.824811  51.248927
1073.783337  51.248927
1074.741863  51.248927
1075.700389  51.248927
1076.658914  51.248927
1077.617440  51.248927
1078.575966  51.248927
1079.534491  51.248927
1080.493017  51.248927
1081.451543  51.248927
1082.410069  51.248927
1083.368594  51.248927
1084.327120  51.248927
1085.285646  51.248927
1086.244172  51.248927
1087.202697  51.248927
1088.161223  51.248927
1089.119749  51.248927
1090.078275  51.248927
1091.036800  51.248927
1091.995326  51.248927
1092.953852  51.248927
1093.912377  51.248927
1094.870903  51.248927
1095.829429  51.248927
1096.787955  51.248927
1097.746480  51.248927
1098.705006  51.248927
1099.663532  51.248927
1100.622058  51.248927
1101.580583  51.248927
1102.539109  51.248927
1103.497635  51.248927
1104.456161  51.248927
1105.414686  51.248927
1106.373212  51.248927
1107.331738  51.248927
1108.290263  51.248927
1109.248789  51.248927
1110.207315  51.248927
1111.165841  51.248927
1112.124366  51.248927
1113.082892  51.248927
1114.041418  51.248927
1114.999944  51.248927
1115.958469  51.248927
1116.916995  51.248927
1117.875521  51.248927
1118.834047  51.248927
1119.792572  51.248927
1120.751098  51.248927
1121.709624  51.248927
1122.668149  51.248927
1123.626675  51.248927
1124.585201  51.248927
1125.543727  51.248927
1126.502252  51.248927
1127.460778  51.248927
1128.419304  51.248927
1129.377830  51.248927
1130.336355  51.248927
1131.294881  51.248927
1132.253407  51.248927
1133.211932  51.248927
1134.170458  51.248927
1135.128984  51.248927
1136.087510  51.248927
1137.046035  51.248927
1138.004561  51.248927
1138.963087  51.248927
1139.921613  51.248927
1140.880138  51.248927
1141.838664  51.248927
1142.797190  51.248927
1143.755716  51.248927
1144.714241  51.248927
1145.672767  51.248927
1146.631293  51.248927
1147.589818  51.248927
1148.548344  51.248927
1149.506870  51.248927
1150.465396  51.248927
1151.423921  51.248927
1152.382447  51.248927
1153.340973  51.248927
1154.299499  51.248927
1155.258024  51.248927
1156.216550  51.248927
1157.175076  51.248927
1158.133602  51.248927
1159.092127  51.248927
1160.050653  51.448927
1160.207557  51.548927
1160.379195  51.548927
1160.587167  51.548927
1160.787795  51.548927
1161.009120  51.548927
1161.252145  51.548927
1161.511910  51.548927
1161.786730  51.648927
1162.074795  51.648927
1162.375993  51.648927
1162.689163  51.648927
1163.013715  51.648927
1163.349498  51.648927
1163.696508  51.648927
1164.054753  51.648927
1164.424221  51.748927
1164.802499  51.748927
1165.190439  51.748927
1165.587288  51.748927
1165.982928  51.748927
1166.393775  51.748927
1166.815054  51.748927
1167.238657  51.748927
1167.669382  51.748927
1168.106022  51.748927
1168.542255  51.748927
1168.984193  51.848927
1169.428625  51.848927
1169.875977  51.848927
1170.319794  51.848927
1170.767193  51.848927
1171.217265  51.848927
1171.669750  51.848927
1172.118439  51.848927
1172.570212  51.848927
1173.024232  51.848927
1173.480303  51.848927
1173.932029  51.848927
1174.386464  52.048927
1174.842030  52.048927
1175.298998  52.048927
1175.751450  52.048927
1176.206636  52.048927
1176.663674  52.048927
1177.117370  52.048927
1177.572995  52.048927
1178.029748  52.048927
1178.487236  52.048927
1178.939868  52.048927
1179.393693  52.048927
1179.847940  52.048927
1180.302354  52.048927
1180.752557  52.048927
1181.203695  52.048927
1181.655247  52.048927
1182.107133  52.048927
1182.555369  52.048927
1183.004811  52.048927
1183.454947  52.048927
1183.905706  52.048927
1184.353039  52.148927
1184.798844  52.148927
1185.244887  52.148927
1185.691180  52.148927
1186.137753  52.148927
1186.581216  52.148927
1187.025771  52.148927
1187.470916  52.148927
1187.916589  52.148927
1188.359493  52.148927
1188.803601  52.148927
1189.248417  52.148927
1189.693887  52.148927
1190.136703  52.148927
1190.580818  52.148927
1191.008554  52.148927
1191.414598  52.148927
1191.803356  52.148927
1192.182979  52.348927
1192.554727  52.348927
1192.921442  52.348927
1193.281607  52.348927
1193.638832  52.348927
1193.993260  52.348927
1194.345203  52.348927
1194.692507  52.348927
1195.038179  52.348927
1195.382102  52.348927
1195.724393  52.348927
1196.063025  52.348927
1196.400560  52.348927
1196.736843  52.348927
1197.071926  52.348927
1197.404011  52.348927
1197.735296  52.348927
1198.065674  52.348927
1198.395195  52.348927
1198.722256  52.348927
1199.048848  52.348927
1199.374874  52.348927
1199.700380  52.348927
1200.023794  52.348927
1200.347048  52.348927
1200.672286  52.348927
1200.985047  52.348927
1201.297534  52.348927
1201.609875  52.348927
1201.922101  52.348927
1202.234216  52.348927
1202.546228  52.348927
1202.858152  52.348927
1203.170010  52.348927
1203.481831  52.448927
1203.793521  52.448927
1204.107148  52.448927
1204.420969  52.448927
1204.728388  52.448927
1205.037770  52.448927
1205.347383  52.448927
1205.656997  52.448927
1205.966601  52.448927
1206.276218  52.448927
1206.585873  52.448927
1206.895593  52.448927
1207.205400  52.448927
1207.508635  52.448927
1207.812954  52.448927
1208.117550  52.448927
1208.421241  52.448927
1208.725240  52.448927
1209.029396  52.648927
1209.332463  52.648927
1209.635315  52.648927
1209.938088  52.648927
1210.240050  52.648927
1210.542220  52.648927
1210.844499  52.648927
1211.146056  52.648927
1211.447854  52.648927
1211.749772  52.648927
1212.051001  52.648927
1212.352451  52.648927
1212.654002  52.648927
1212.954881  52.648927
1213.255946  52.648927
1213.556597  52.648927
1213.857380  52.648927
1214.157753  52.648927
1214.458245  52.648927
1214.758336  52.648927
1215.058545  52.648927
1215.358372  52.648927
1215.658332  52.648927
1215.957939  52.648927
1216.257707  52.648927
1216.557154  52.648927
1216.856796  52.648927
1217.156148  52.648927
1217.455727  52.648927
1217.755043  52.648927
1218.054611  52.648927
1218.353937  52.648927
1218.653534  52.648927
1218.952904  52.648927
1219.252561  52.648927
1219.552449  52.748927
1219.851483  52.748927
1220.150340  52.748927
1220.448954  52.748927
1220.747537  52.748927
1221.045817  52.748927
1221.344239  52.748927
1221.642442  52.748927
1221.940880  52.748927
1222.239137  52.748927
1222.537666  52.748927
1222.836026  52.748927
1223.134671  52.748927
1223.433149  52.748927
1223.731914  52.748927
1224.030515  52.948927
1224.328906  52.948927
1224.627646  52.948927
1224.926319  52.948927
1225.225324  52.948927
1225.524222  52.948927
1225.823419  52.948927
1226.122478  52.948927
1226.421801  52.948927
1226.720959  52.948927
1227.020350  52.948927
1227.319555  52.948927
1227.618960  52.948927
1227.918161  52.948927
1228.217534  52.948927
1228.516685  52.948927
1228.815983  52.948927
1229.115048  52.948927
1229.414239  52.948927
1229.713190  52.948927
1230.012255  52.948927
1230.311080  52.948927
1230.610027  52.948927
1230.908732  52.948927
1231.207566  52.948927
1231.506171  52.948927
1231.804921  52.948927
1232.103457  52.948927
1232.402155  52.948927
1232.700655  52.948927
1232.999334  52.948927
1233.297829  52.948927
1233.596517  52.948927
1233.895033  52.948927
1234.193753  52.948927
1234.492310  52.948927
1234.790915  52.948927
1235.089553  52.948927
1235.388225  53.048927
1235.686874  53.048927
1235.985227  53.048927
1236.283322  53.048927
1236.581192  53.048927
1236.878877  53.048927
1237.176416  53.048927
1237.473849  53.048927
1237.771208  53.048927
1238.068520  53.048927
1238.365804  53.048927
1238.663078  53.048927
1238.960352  53.048927
1239.257636  53.048927
1239.554938  53.048927
1239.852261  53.048927
1240.149611  53.048927
1240.446991  53.048927
1240.744404  53.048927
1241.041852  53.048927
1241.339340  53.248927
1241.636697  53.248927
1241.933723  53.248927
1242.230561  53.248927
1242.527287  53.248927
1242.823938  53.248927
1243.120538  53.248927
1243.417098  53.248927
1243.713626  53.248927
1244.010125  53.248927
1244.306597  53.248927
1244.603042  53.248927
1244.899458  53.248927
1245.195845  53.248927
1245.492200  53.248927
1245.788519  53.248927
1246.084802  53.248927
1246.381045  53.248927
1246.677246  53.248927
1246.973405  53.248927
1247.269521  53.248927
1247.565596  53.248927
1247.861630  53.248927
1248.157627  53.248927
1248.453592  53.248927
1248.749529  53.248927
1249.045443  53.248927
1249.341340  53.248927
1249.637227  53.248927
1249.933109  53.248927
1250.228991  53.248927
1250.524880  53.248927
1250.820779  53.248927
1251.116694  53.248927
1251.412627  53.248927
1251.708583  53.248927
1252.004564  53.248927
1252.300573  53.248927
1252.596613  53.248927
1252.892685  53.248927
1253.188792  53.248927
1253.484935  53.248927
1253.781116  53.348927
1254.105472  53.348927
1254.363010  53.348927
1254.651740  53.348927
1254.945258  53.348927
1255.267085  53.348927
1255.522938  53.348927
1255.810736  53.348927
1256.103663  53.348927
1256.397827  53.348927
1256.692491  53.348927
1256.987441  53.348927
1257.282589  53.348927
1257.577890  53.348927
1257.873315  53.348927
1258.168845  53.548927
1258.490679  53.548927
1258.746643  53.548927
1259.035135  53.548927
1259.328811  53.548927
1259.623729  53.548927
1259.919133  53.548927
1260.214798  53.548927
1260.510624  53.548927
1260.806556  53.548927
1261.102559  53.548927
1261.398604  53.548927
1261.694670  53.548927
1261.990741  53.548927
1262.286800  53.548927
1262.582837  53.548927
1262.878842  53.548927
1263.174806  53.548927
1263.470724  53.548927
1263.766589  53.548927
1264.062400  53.548927
1264.358153  53.548927
1264.653849  53.548927
1264.949487  53.548927
1265.245069  53.548927
1265.540598  53.548927
1265.836077  53.548927
1266.131510  53.548927
1266.426901  53.548927
1266.722255  53.548927
1267.017577  53.548927
1267.312870  53.548927
1267.608140  53.548927
1267.903390  53.548927
1268.198625  53.548927
1268.493847  53.548927
1268.789061  53.548927
1269.084268  53.548927
1269.379471  53.548927
1269.674673  53.548927
1269.969876  53.548927
1270.265081  53.548927
1270.560291  53.548927
1270.855507  53.648927
1271.150701  53.648927
1271.445675  53.648927
1271.758863  53.648927
1272.009953  53.648927
1272.296698  53.648927
1272.604970  53.648927
1272.853789  53.848927
1273.139389  53.948927
1273.430728  54.048927
1273.679326  54.048927
1273.964707  54.048927
1274.255821  54.048927
1274.548384  54.048927
1274.841597  54.048927
1275.135227  54.048927
1275.429173  54.048927
1275.723379  54.148927
1276.017809  54.148927
1276.312439  54.148927
1276.607262  54.148927
1276.902244  54.548927
1277.048884  54.648927
1277.207087  54.748927
1277.395773  54.748927
1277.578780  54.748927
1277.789250  54.748927
1278.019227  54.748927
1278.265266  54.748927
1278.513997  54.948927
1278.787901  54.948927
1279.075502  54.948927
1279.369155  54.948927
1279.663579  54.948927
1279.958507  54.948927
1280.253812  55.148927
1280.504202  55.148927
1280.792148  55.148927
1281.085838  55.148927
1281.380847  55.248927
1281.630849  55.248927
1281.918833  55.248927
1282.212670  55.248927
1282.461779  55.248927
1282.749536  55.248927
1283.043341  55.248927
1283.292278  55.248927
1283.580103  55.248927
1283.885016  55.348927
1284.133449  55.348927
1284.421304  55.348927
1284.715432  55.348927
1284.964415  55.348927
1285.252681  55.548927
1285.557598  55.548927
1285.806301  55.548927
1286.094759  55.648927
1286.389480  55.648927
1286.685848  55.648927
1286.994585  55.648927
1287.245081  55.648927
1287.534854  55.648927
1287.830648  55.648927
1288.127961  55.648927
1288.425960  55.748927
1288.736046  55.748927
1288.994575  55.748927
1289.285359  55.748927
1289.592072  55.748927
1289.848095  55.848927
1290.085884  55.848927
1290.315591  55.848927
1290.541099  55.848927
1290.764172  55.848927
1290.985712  55.848927
1291.206232  55.848927
1291.426059  55.848927
1291.645429  56.048927
1291.864511  56.148927
1292.083406  56.148927
1292.302214  56.348927
1292.520968  56.348927
1292.739688  56.348927
1292.958394  56.348927
1293.177116  56.348927
1293.395881  56.348927
1293.614718  56.348927
1293.833648  56.348927
1294.052707  56.348927
1294.271916  56.348927
1294.491290  56.348927
1294.710848  56.348927
1294.930613  56.348927
1295.150607  56.548927
1295.370773  56.548927
1295.591099  56.548927
1295.811595  56.548927
1296.032267  56.548927
1296.253121  56.548927
1296.474161  56.548927
1296.695403  56.548927
1296.916855  56.548927
1297.138521  56.648927
1297.360399  56.648927
1297.582492  56.648927
1297.804786  56.648927
1298.027266  56.648927
1298.249915  56.648927
1298.472734  56.648927
1298.695725  56.648927
1298.918885  56.848927
1299.142204  56.848927
1299.365684  56.848927
1299.589319  56.848927
1299.813109  56.848927
1300.037041  56.848927
1300.261106  56.848927
1300.485299  56.848927
1300.709628  56.848927
1300.934101  56.848927
1301.158726  56.848927
1301.383510  56.848927
1301.608455  56.848927
1301.833573  56.848927
1302.058879  56.848927
1302.284373  56.848927
1302.510054  57.048927
1302.735855  57.048927
1302.961692  57.048927
1303.187597  57.048927
1303.413587  57.048927
1303.639670  57.048927
1303.865852  57.048927
1304.092125  57.048927
1304.318481  57.048927
1304.544914  57.148927
1304.771432  57.148927
1304.998034  57.248927
1305.224721  57.248927
1305.451496  57.248927
1305.678355  57.248927
1305.905307  57.248927
1306.132358  57.248927
1306.359519  57.248927
1306.586788  57.248927
1306.814166  57.638973
1307.041661  57.638973
1307.269280  57.638973
1307.497028  57.638973
1307.724923  57.638973
1307.952976  57.638973
1308.181194  57.638973
1308.409584  57.838973
1308.638145  57.838973
1308.867063  57.838973
1309.096282  57.838973
1309.325746  57.838973
1309.555423  57.838973
1309.785282  57.838973
1310.015296  57.838973
1310.245441  57.838973
1310.475694  57.838973
1310.706039  57.838973
1310.936452  57.838973
1311.166920  57.838973
1311.397434  57.838973
1311.627996  57.838973
1311.858611  58.038973
1312.089279  58.038973
1312.320003  58.038973
1312.550785  58.038973
1312.781633  58.038973
1313.012541  58.038973
1313.243516  58.038973
1313.474563  58.038973
1313.705697  58.038973
1313.936929  58.038973
1314.168267  58.038973
1314.399716  58.138973
1314.631240  58.138973
1314.862666  58.138973
1315.094013  58.138973
1315.325288  58.138973
1315.556504  58.138973
1315.787672  58.138973
1316.018806  58.138973
1316.249920  58.138973
1316.481030  58.138973
1316.712151  58.138973
1316.943291  58.138973
1317.174463  58.138973
1317.405680  58.138973
1317.636963  58.338973
1317.868237  58.338973
1318.099217  58.338973
1318.329982  59.536438
1318.560650  59.536438
1318.791162  61.133057
1319.021605  61.133057
1319.252012  61.133057
1319.482414  61.133057
1319.712828  61.133057
1319.943278  61.133057
1320.173776  61.133057
1320.404324  61.133057
1320.634930  62.130944
1320.865596  62.130944
1321.096318  62.130944
1321.327091  62.130944
1321.557919  62.130944
1321.788806  62.130944
1322.019750  62.130944
1322.250754  62.130944
1322.481813  62.130944
1322.712920  62.130944
1322.944079  62.130944
1323.175284  62.130944
1323.406524  62.130944
1323.637800  62.130944
1323.869117  62.130944
1324.100484  62.130944
1324.331898  63.128832
1324.563364  63.128832
1324.794883  63.128832
1325.026457  63.128832
1325.258091  63.128832
1325.489795  63.524217
1325.721539  63.524217
1325.953262  63.524217
1326.184972  63.524217
1326.416621  63.524217
1326.648198  63.524217
1326.879704  63.524217
1327.111149  63.524217
1327.342546  63.524217
1327.573924  63.524217
1327.805274  63.524217
1328.036603  63.624217
1328.267935  63.624217
1328.499288  63.624217
1328.730671  63.624217
1328.962100  63.624217
1329.193535  63.624217
1329.424951  63.624217
1329.656336  64.622104
1329.887719  64.622104
1330.119097  64.622104
1330.350448  64.622104
1330.581738  64.622104
1330.812997  64.622104
1331.044234  64.622104
1331.275473  64.622104
1331.506726  64.622104
1331.738003  64.622104
1331.969300  64.622104
1332.200620  64.622104
1332.431961  64.622104
1332.663322  64.622104
1332.894701  64.622104
1333.126095  64.622104
1333.357504  64.622104
1333.588927  64.622104
1333.820374  64.622104
1334.051859  64.622104
1334.283398  64.622104
1334.514990  64.822104
1334.746633  64.822104
1334.978325  64.822104
1335.210349  64.822104
1335.442135  64.822104
1335.674039  64.822104
1335.906104  64.822104
1336.138349  64.822104
1336.370767  65.420836
1336.603340  65.420836
1336.836047  65.420836
1337.068907  65.420836
1337.301858  65.420836
1337.534836  65.420836
1337.767826  65.420836
1338.000827  65.420836
1338.233847  65.420836
1338.466892  65.420836
1338.699966  65.420836
1338.933076  65.420836
1339.166614  66.635242
1339.399811  66.635242
1339.632750  68.659252
1339.865618  68.659252
1340.098420  68.659252
1340.331147  68.659252
1340.563782  68.659252
1340.796310  68.659252
1341.028724  68.659252
1341.260997  68.659252
1341.493115  69.671257
1341.725036  70.683261
1341.956749  70.683261
1342.188201  70.683261
1342.419415  70.683261
1342.650393  70.683261
1342.881047  70.683261
1343.111331  70.683261
1343.341266  70.683261
1343.570755  70.683261
1343.799779  70.683261
1344.028416  70.683261
1344.256709  70.683261
1344.484714  70.683261
1344.712087  70.683261
1344.938268  70.683261
1345.163506  71.695266
1345.388007  71.897667
1345.611909  71.897667
1345.835365  71.897667
1346.058352  71.897667
1346.280922  71.897667
1346.503139  71.897667
1346.725058  71.897667
1346.946711  71.897667
1347.168185  71.897667
1347.389306  71.897667
1347.609962  71.897667
1347.830262  71.897667
1348.049965  71.897667
1348.268768  71.897667
1348.486863  71.897667
1348.704393  71.897667
1348.921479  71.897667
1349.138221  71.897667
1349.354692  71.897667
1349.570952  71.897667
1349.787038  71.897667
1350.002993  72.100068
1350.218832  72.100068
1350.434575  72.100068
1350.650231  72.100068
1350.865818  72.100068
1351.081344  72.100068
1351.296815  72.100068
1351.512237  72.100068
1351.727351  72.100068
1351.942027  72.100068
1352.156311  72.100068
1352.370255  72.100068
1352.583919  72.100068
1352.797355  72.100068
1353.010608  72.100068
1353.223716  72.200068
1353.436709  72.200068
1353.649611  72.200068
1353.862007  72.200068
1354.073612  72.200068
1354.284589  72.200068
1354.495071  72.200068
1354.705175  72.200068
1354.914994  72.200068
1355.124601  72.200068
1355.334052  72.200068
1355.543386  72.200068
1355.752641  72.200068
1355.961820  72.200068
1356.170962  72.200068
1356.379963  72.200068
1356.588844  72.200068
1356.797334  72.200068
1357.005320  72.200068
1357.212835  72.200068
1357.419937  72.200068
1357.626707  72.200068
1357.833215  72.200068
1358.039529  72.200068
1358.245699  72.200068
1358.451766  72.200068
1358.657763  72.200068
1358.863715  72.200068
1359.069602  72.200068
1359.275408  72.200068
1359.481161  72.200068
1359.686883  72.400068
1359.892594  72.400068
1360.098311  72.400068
1360.304048  72.400068
1360.509813  72.400068
1360.715615  72.400068
1360.921453  72.400068
1361.127329  72.400068
1361.333246  72.400068
1361.539104  72.400068
1361.744728  72.400068
1361.950021  72.400068
1362.154646  72.400068
1362.358335  72.400068
1362.561159  72.400068
1362.763300  72.400068
1362.964936  72.400068
1363.166213  72.400068
1363.367247  72.400068
1363.568119  72.400068
1363.768893  72.400068
1363.969613  72.400068
1364.170318  72.400068
1364.371036  72.400068
1364.571786  72.400068
1364.772584  72.400068
1364.973441  72.400068
1365.174338  72.400068
1365.375275  72.400068
1365.576079  72.400068
1365.776629  72.400068
1365.976921  72.400068
1366.176994  72.400068
1366.376910  72.400068
1366.576725  72.400068
1366.776489  72.400068
1366.976236  72.400068
1367.176055  72.400068
1367.375750  72.400068
1367.575455  72.400068
1367.775127  72.400068
1367.974742  72.400068
1368.174325  72.400068
1368.373916  72.400068
1368.573747  72.400068
1368.773586  72.400068
1368.973253  72.400068
1369.172709  72.400068
1369.371984  72.400068
1369.571129  72.400068
1369.770202  72.400068
1369.969251  72.400068
1370.168322  72.400068
1370.367158  72.400068
1370.565350  72.400068
1370.762806  72.400068
1370.959682  72.400068
1371.156516  72.400068
1371.353126  72.400068
1371.549343  72.400068
1371.745170  72.400068
1371.940665  72.400068
1372.135919  72.400068
1372.330974  72.400068
1372.525864  72.400068
1372.720665  72.400068
1372.915440  72.400068
1373.110245  72.400068
1373.305646  72.400068
1373.501299  72.400068
1373.696866  72.400068
1373.892209  72.400068
1374.087305  72.400068
1374.282218  72.400068
1374.477019  72.400068
1374.671776  72.400068
1374.866550  72.400068
1375.062069  72.400068
1375.257961  72.400068
1375.453823  72.400068
1375.649487  72.400068
1375.844913  72.400068
1376.040162  72.400068
1376.235311  72.400068
1376.431253  72.400068
1376.627612  72.400068
1376.823941  72.400068
1377.020088  72.400068
1377.216020  72.400068
1377.411753  72.500068
1377.608324  72.500068
1377.805301  72.500068
1378.002157  72.500068
1378.198551  72.500068
1378.395113  72.500068
1378.591093  72.500068
1378.786053  72.500068
1378.980001  72.500068
1379.173124  72.500068
1379.365639  72.500068
1379.557742  72.500068
1379.749590  72.500068
1379.941308  72.500068
1380.132994  72.500068
1380.324722  72.500068
1380.516544  72.500068
1380.708497  72.500068
1380.900620  72.500068
1381.092940  72.500068
1381.285460  72.500068
1381.478151  72.500068
1381.671007  72.500068
1381.864046  72.500068
1382.057274  72.500068
1382.250688  72.500068
1382.444305  72.500068
1382.638139  72.500068
1382.832203  72.500068
1383.026502  72.500068
1383.221026  72.500068
1383.415766  72.500068
1383.610733  72.500068
1383.805944  72.500068
1384.001417  72.500068
1384.197166  72.500068
1384.393198  72.500068
1384.589361  72.500068
1384.785230  72.700068
1384.980549  72.700068
1385.175350  72.700068
1385.369736  72.700068
1385.563828  72.700068
1385.757760  72.700068
1385.951648  72.700068
1386.145582  72.700068
1386.339633  72.700068
1386.533853  72.700068
1386.728283  72.700068
1386.923100  72.700068
1387.117931  72.700068
1387.312977  72.700068
1387.508191  72.700068
1387.703530  72.700068
1387.899025  72.700068
1388.094685  72.700068
1388.290528  72.700068
1388.486581  72.700068
1388.682868  72.700068
1388.879388  72.700068
1389.076128  72.700068
1389.273104  72.700068
1389.470330  72.700068
1389.667829  72.700068
1389.865619  72.700068
1390.063470  72.700068
1390.260899  72.700068
1390.457792  72.700068
1390.654163  72.700068
1390.850134  72.700068
1391.045861  72.700068
1391.241477  72.700068
1391.437097  72.700068
1391.632804  72.700068
1391.828664  72.700068
1392.024715  72.700068
1392.220962  72.700068
1392.417426  72.700068
1392.614129  72.700068
1392.811083  72.700068
1393.008304  72.700068
1393.205782  72.700068
1393.403505  72.700068
1393.601478  72.700068
1393.799712  72.700068
1393.998213  72.700068
1394.196985  72.700068
1394.396046  72.700068
1394.595066  72.700068
1394.793706  72.700068
1394.992131  72.700068
1395.189965  72.700068
1395.387393  72.700068
1395.584532  72.700068
1395.781492  72.700068
1395.978314  72.700068
1396.175086  72.700068
1396.371908  72.700068
1396.568854  72.700068
1396.765994  72.700068
1396.963382  72.700068
1397.161059  72.700068
1397.359045  72.700068
1397.557314  72.700068
1397.755853  72.700068
1397.954658  72.700068
1398.153733  72.700068
1398.353082  72.700068
1398.552724  72.700068
1398.752292  72.700068
1398.951340  72.700068
1399.150140  72.700068
1399.348638  72.700068
1399.546876  72.700068
1399.744892  72.700068
1399.942818  72.700068
1400.140745  72.700068
1400.338707  72.700068
1400.536783  72.700068
1400.735015  72.700068
1400.933463  72.700068
1401.132100  72.700068
1401.330986  72.700068
1401.530158  72.700068
1401.729632  72.700068
1401.929607  72.700068
1402.129176  72.700068
1402.327956  72.700068
1402.526555  72.700068
1402.724841  72.700068
1402.922837  72.700068
1403.120644  72.700068
1403.318302  72.700068
1403.516010  72.700068
1403.713781  72.700068
1403.911675  72.700068
1404.109789  72.700068
1404.308141  72.700068
1404.506769  72.700068
1404.705700  72.700068
1404.904960  72.700068
1405.103986  72.700068
1405.302613  72.700068
1405.501269  72.700068
1405.699799  72.700068
1405.898139  72.700068
1406.096449  72.700068
1406.294747  72.700068
1406.493133  72.700068
1406.691683  72.700068
1406.890438  72.700068
1407.089445  72.700068
1407.288139  72.700068
1407.485814  72.700068
1407.683803  72.700068
1407.881727  72.700068
1408.079097  72.900068
1408.276059  72.900068
1408.472704  72.900068
1408.669103  72.900068
1408.865318  72.900068
1409.061399  72.900068
1409.257395  72.900068
1409.453605  72.900068
1409.649875  72.900068
1409.845566  72.900068
1410.040870  72.900068
1410.235891  72.900068
1410.430709  72.900068
1410.625380  72.900068
1410.819955  72.900068
1411.014726  72.900068
1411.209542  72.900068
1411.403774  72.900068
1411.597647  72.900068
1411.791272  72.900068
1411.984720  72.900068
1412.178303  72.900068
1412.371795  72.900068
1412.564860  72.900068
1412.757638  72.900068
1412.950376  72.900068
1413.143058  72.900068
1413.335096  72.900068
1413.526726  72.900068
1413.718074  72.900068
1413.909226  72.900068
1414.100248  72.900068
1414.291188  72.900068
1414.482083  72.900068
1414.672961  72.900068
1414.863840  72.900068
1415.054736  72.900068
1415.245657  72.900068
1415.436610  72.900068
1415.627601  72.900068
1415.818631  72.900068
1416.009702  72.900068
1416.200818  72.900068
1416.391971  72.900068
1416.583166  72.900068
1416.774398  72.900068
1416.965563  72.900068
1417.156708  72.900068
1417.347829  72.900068
1417.538937  72.900068
1417.730040  72.900068
1417.921159  72.900068
1418.112315  72.900068
1418.303527  72.900068
1418.494805  72.900068
1418.686155  72.900068
1418.877581  72.900068
1419.069081  72.900068
1419.260660  72.900068
1419.452317  72.900068
1419.644053  72.900068
1419.835867  72.900068
1420.027772  72.900068
1420.219641  72.900068
1420.411519  72.900068
1420.603387  73.000068
1420.795261  73.000068
1420.987169  73.000068
1421.179138  73.000068
1421.371185  73.000068
1421.563319  73.000068
1421.755545  73.000068
1421.947865  73.000068
1422.140283  73.000068
1422.332799  73.000068
1422.525414  73.000068
1422.718119  73.000068
1422.910846  73.000068
1423.103603  73.000068
1423.296374  73.000068
1423.489171  73.000068
1423.682020  73.000068
1423.874945  73.000068
1424.067963  73.000068
1424.261085  73.000068
1424.454318  73.000068
1424.647669  73.000068
1424.841137  73.000068
1425.034656  73.000068
1425.228244  73.000068
1425.421889  73.000068
1425.615593  73.000068
1425.809378  73.000068
1426.003265  73.000068
1426.197267  73.000068
1426.391404  73.000068
1426.585646  73.000068
1426.779959  73.000068
1426.974349  73.000068
1427.168833  73.000068
1427.363437  73.000068
1427.558149  73.000068
1427.752975  73.000068
1427.947938  73.000068
1428.143067  73.000068
1428.338330  73.000068
1428.533711  73.000068
1428.729238  73.000068
1428.924952  73.000068
1429.120885  73.000068
1429.317053  73.000068
1429.513462  73.000068
1429.710109  73.000068
1429.906990  73.000068
1430.104097  73.000068
1430.301424  73.000068
1430.498963  73.000068
1430.696708  73.000068
1430.894655  73.000068
1431.092798  73.000068
1431.291135  73.000068
1431.489702  73.000068
1431.688418  73.000068
1431.887031  73.000068
1432.085597  73.000068
1432.284261  73.000068
1432.483146  73.000068
1432.682334  73.000068
1432.881872  73.000068
1433.081778  73.000068
1433.282054  73.000068
1433.482695  73.000068
1433.683690  73.000068
1433.885025  73.000068
1434.086688  73.000068
1434.288668  73.000068
1434.490956  73.000068
1434.693535  73.000068
1434.896392  73.000068
1435.099524  73.000068
1435.302927  73.000068
1435.506599  73.000068
1435.710537  73.000068
1435.914740  73.000068
1436.119205  73.000068
1436.323931  73.000068
1436.528919  73.000068
1436.734170  73.000068
1436.939675  73.000068
1437.145431  73.000068
1437.351438  73.000068
1437.557702  73.000068
1437.764223  73.000068
1437.971013  73.000068
1438.178075  73.000068
1438.385410  73.000068
1438.593020  73.000068
1438.800910  73.000068
1439.009070  73.000068
1439.217497  73.000068
1439.426196  73.000068
1439.635171  73.000068
1439.844427  73.000068
1440.053959  73.000068
1440.263778  73.000068
1440.473887  73.000068
1440.684289  73.000068
1440.895000  73.000068
1441.105994  73.000068
1441.317280  73.000068
1441.528861  73.000068
1441.740744  73.000068
1441.952933  73.000068
1442.165432  73.000068
1442.378245  73.000068
1442.591377  73.000068
1442.804829  73.000068
1443.018621  73.000068
1443.232727  73.000068
1443.447154  73.000068
1443.661907  73.000068
1443.876993  73.000068
1444.092418  73.000068
1444.308186  73.000068
1444.524301  73.000068
1444.740769  73.000068
1444.957607  73.000068
1445.174792  73.000068
1445.392331  73.000068
1445.610231  73.000068
1445.828498  73.000068
1446.047137  73.000068
1446.266155  73.000068
1446.485557  73.000068
1446.705362  73.000068
1446.925547  73.000068
1447.146121  73.000068
1447.367090  73.000068
1447.588466  73.000068
1447.810251  73.000068
1448.032450  73.000068
1448.255223  73.000068
1448.478248  73.000068
1448.701609  73.000068
1448.925335  73.000068
1449.149455  73.000068
1449.373993  73.000068
1449.598965  73.000068
1449.824386  73.000068
1450.050266  73.000068
1450.276615  73.000068
1450.503440  73.000068
1450.730749  73.000068
1450.958552  73.000068
1451.186854  73.000068
1451.415663  73.000068
1451.644985  73.000068
1451.874828  73.000068
1452.105198  73.000068
1452.336104  73.000068
1452.567551  73.000068
1452.799548  73.000068
1453.032102  73.000068
1453.265220  73.000068
1453.498910  73.000068
1453.733179  73.000068
1453.968035  73.000068
1454.203487  73.000068
1454.439542  73.000068
1454.676209  73.000068
1454.913496  73.000068
1455.151411  73.000068
1455.389964  73.000068
1455.629163  73.000068
1455.869018  73.000068
1456.109538  73.000068
1456.350733  73.000068
1456.592612  73.000068
1456.835185  73.000068
1457.078463  73.000068
1457.322455  73.000068
1457.567173  73.000068
1457.812628  73.000068
1458.058830  73.000068
1458.305792  73.000068
1458.553524  73.000068
1458.802038  73.000068
1459.051348  73.000068
1459.301465  73.000068
1459.552402  73.000068
1459.804172  73.000068
1460.056790  73.000068
1460.310268  73.000068
1460.564617  73.000068
1460.819855  73.000068
1461.076000  73.000068
1461.333068  73.000068
1461.591076  73.000068
1461.850045  73.000068
1462.109994  73.000068
1462.370941  73.000068
1462.633127  73.000068
1462.896219  73.000068
1463.160246  73.000068
1463.425253  73.000068
1463.691287  73.000068
1463.958387  73.000068
1464.226585  73.000068
1464.495913  73.000068
1464.766396  73.000068
1465.038062  73.000068
1465.310937  73.000068
1465.585047  73.000068
1465.860420  73.000068
1466.137084  73.000068
1466.415068  73.000068
1466.694393  73.000068
1466.975082  73.000068
1467.257163  73.000068
1467.540663  73.000068
1467.825611  73.000068
1468.112039  73.000068
1468.399979  73.000068
1468.689465  73.000068
1468.980532  73.000068
1469.273219  73.000068
1469.567564  73.000068
1469.863607  73.000068
1470.161388  73.000068
1470.460958  73.000068
1470.762355  73.000068
1471.065619  73.000068
1471.370793  73.000068
1471.677924  73.000068
1471.987062  73.000068
1472.298258  73.000068
1472.611569  73.000068
1472.927054  73.000068
1473.244773  73.000068
1473.564791  73.000068
1473.887176  73.000068
1474.212000  73.000068
1474.539335  73.000068
1474.869259  73.000068
1475.201467  73.000068
1475.536003  73.000068
1475.872951  73.000068
1476.212397  73.000068
1476.554433  73.000068
1476.899154  73.000068
1477.246660  73.000068
1477.597056  73.000068
1477.950452  73.000068
1478.306966  73.000068
1478.666720  73.000068
1479.029847  73.000068
1479.394166  73.000068
1479.758723  73.000068
1480.123520  73.000068
1480.488556  73.000068
1480.853832  73.000068
1481.219348  73.000068
1481.585106  73.000068
1481.951105  73.000068
1482.317346  73.000068
1482.683830  73.000068
1483.050556  73.000068
1483.417525  73.000068
1483.784736  73.000068
1484.152192  73.000068
1484.519891  73.000068
1484.887834  73.000068
1485.256022  73.000068
1485.624454  73.000068
1485.993131  73.000068
1486.362053  73.000068
1486.731220  73.000068
1487.100631  73.000068
1487.470286  73.000068
1487.840186  73.000068
1488.210329  73.000068
1488.580716  73.000068
1488.951347  73.000068
1489.322220  73.000068
1489.693335  73.000068
1490.064692  73.000068
1490.436290  73.000068
1490.808129  73.000068
1491.180207  73.000068
1491.552525  73.000068
1491.911224  73.000068
1492.269778  73.000068
1492.627014  73.000068
1492.982658  73.000068
1493.336917  73.000068
1493.689563  73.000068
1494.040805  73.000068
1494.390414  73.000068
1494.738603  73.000068
1495.085138  73.000068
