   3.5373125e-04
   3.6194583e-04
   3.4640919e-04
   3.7101842e-04
   3.4008354e-04
   3.8095976e-04
   3.3495019e-04
   3.9180634e-04
   3.3130445e-04
   4.0360807e-04
   3.2950330e-04
   4.1642475e-04
   3.2981834e-04
   4.3033182e-04
   3.3206233e-04
   4.4543533e-04
   3.3497104e-04
   3.3619922e-04
   3.3221449e-04
   4.6189170e-04
   4.7991244e-04
   9.4746915e-03
   9.4447627e-03
   9.4084070e-03
   9.3538144e-03
   9.2440892e-03
   4.8196212e-04
   5.0187050e-04
   5.2542816e-04
   5.5758663e-04
   5.8004466e-04
   4.9968739e-04
   9.0589939e-03
   8.8264880e-03
   5.9430650e-04
   6.0188176e-04
   6.0384258e-04
   6.0091873e-04
   5.9357880e-04
   5.6019041e-04
   5.8208086e-04
   5.6649931e-04
   5.4673134e-04
   5.2248141e-04
   4.9321460e-04
   2.6609365e-04
   4.5805528e-04
   4.1557042e-04
   3.6326272e-04
   2.9614387e-04
   2.0104207e-04
   5.7915972e-04
   2.5899120e-04
   1.3286701e-03
   1.2375723e-03
  -1.2195363e-04
  -1.1176899e-04
  -1.0325726e-04
   9.4196470e-04
   9.3236668e-04
   9.1557336e-04
   8.8895360e-04
   8.0414015e-04
   1.0508199e-02
   1.0512992e-02
   1.0517547e-02
   1.0522453e-02
   1.0525983e-02
   6.7834390e-04
   5.3456501e-04
   3.5453217e-04
   1.0526583e-02
   1.0523637e-02
   1.0516280e-02
   1.0503516e-02
   1.0484076e-02
   1.0456125e-02
   1.0416794e-02
   1.0361358e-02
   1.0281673e-02
   1.0162946e-02
   9.9797044e-03
   9.7567667e-03
  -2.1679773e-03
  -2.6231442e-03
  -2.8322711e-03
  -2.6976114e-03
  -2.6504565e-03
  -2.6477255e-03
  -3.1505257e-03
  -3.4809526e-03
  -1.5094697e-03
  -3.4847068e-03
  -2.1982535e-03
  -1.7267095e-03
  -1.7627177e-03
  -2.2735578e-03
  -1.3643448e-03
  -1.0330537e-03
  -2.3583136e-03
  -1.1408958e-03
  -2.0020324e-03
  -1.3211476e-03
  -1.7961567e-03
  -8.8804104e-04
  -5.6390040e-04
  -9.7139748e-04
  -6.4036280e-04
  -1.3850005e-03
  -9.1836404e-04
  -1.3424592e-03
  -4.8452459e-05
  -9.0950413e-04
  -1.1447686e-04
  -3.1482326e-04
  -1.0100111e-03
  -3.8350502e-04
  -8.0286863e-04
  -6.9001412e-04
  -7.5520182e-04
  -1.2429292e-04
  -1.7109539e-04
  -7.3543624e-04
  -5.6692404e-04
  -1.0371337e-04
  -5.4037228e-04
   2.1584563e-04
  -1.5985965e-04
   1.4942371e-04
  -6.7210142e-04
  -2.8705885e-04
  -2.4812970e-04
  -6.2964007e-04
   4.5968595e-04
   1.0762345e-04
   4.0748402e-04
  -1.0210744e-04
   5.1592770e-05
  -5.8953429e-05
  -5.6408319e-04
   7.2911195e-04
   6.6994797e-04
  -5.0024264e-04
   1.4284383e-04
   2.1823370e-04
   1.9508970e-04
   9.3077064e-04
   1.6427089e-04
   8.7683574e-04
  -4.4222457e-04
   2.0491622e-04
   2.3654929e-04
   2.5678796e-04
   3.7502281e-04
   3.5264752e-04
   3.0824919e-04
   2.3812679e-04
   8.9949257e-03
   9.0127528e-03
   9.0318223e-03
   9.0575852e-03
   9.0927182e-03
  -3.8211356e-04
   9.1245285e-03
   9.1527239e-03
   9.1773948e-03
   9.1986868e-03
   9.2167465e-03
   3.7895482e-04
   9.2317088e-03
   9.2436917e-03
   9.2527957e-03
   9.2591033e-03
   9.2626792e-03
   9.2635706e-03
   9.2618059e-03
   9.2573940e-03
   9.2503206e-03
   9.2405443e-03
   3.2866915e-04
   9.2279945e-03
   9.2125049e-03
   9.1938707e-03
   9.1717449e-03
   9.1455388e-03
  -3.9125288e-04
   9.1141910e-03
   9.0756251e-03
   9.0254006e-03
   8.9533458e-03
   8.8369841e-03
  -3.1134894e-04
   4.9119271e-04
   8.6605339e-03
   4.4041000e-04
  -2.8302957e-04
  -1.9652300e-04
   5.7865751e-04
   5.3822278e-04
  -1.8159064e-04
  -8.9752610e-05
   6.7850363e-04
   6.4506251e-04
  -1.4610394e-04
  -3.7369400e-05
   7.8446193e-04
   7.9252339e-04
   8.0282596e-04
   4.5151275e-03
   4.4600736e-03
   4.4111962e-03
   4.3563360e-03
   4.2931636e-03
  -1.7260220e-03
  -1.6786494e-03
  -1.6243084e-03
   4.2320012e-03
   4.1717881e-03
   4.1119343e-03
   4.0520726e-03
   3.9919006e-03
   3.9311260e-03
   3.8694429e-03
   3.8065200e-03
   3.7419901e-03
   3.6754399e-03
   3.6063949e-03
   3.5342936e-03
   3.4584406e-03
   3.3779158e-03
   3.2913864e-03
   3.1966974e-03
   3.0898992e-03
   2.9626521e-03
   2.7945045e-03
   2.5422108e-03
  -3.3818628e-03
  -3.4200983e-03
  -3.3089562e-03
  -3.6238246e-03
  -3.3957009e-03
  -3.2490149e-03
  -2.2949739e-03
  -2.3148595e-03
  -2.7618147e-03
  -2.5206832e-03
  -2.3630070e-03
  -1.1623677e-03
  -1.1982906e-03
  -2.1445849e-03
  -1.8889656e-03
  -1.7396619e-03
  -5.3687140e-04
  -5.7094640e-04
  -1.8033060e-03
  -1.5493707e-03
  -1.4151601e-03
  -3.2251704e-04
  -3.7297727e-04
  -1.3704149e-03
  -1.1725033e-03
  -1.0679264e-03
  -3.9276708e-04
  -4.4707856e-04
  -9.9611428e-04
  -9.5490640e-04
  -7.7603424e-05
  -1.3492812e-04
  -9.0893906e-04
  -8.4858596e-04
   2.0202157e-04
   1.2157521e-04
  -8.0523018e-04
  -7.5052414e-04
   4.2938465e-04
   2.5754533e-04
   1.8136504e-04
  -1.0823583e-04
  -6.2734644e-05
   6.5744100e-04
   6.3877126e-04
   2.3381070e-05
   1.0823366e-04
   1.1784392e-03
   1.1645313e-03
   3.2974323e-04
   5.5468825e-04
   6.9028313e-04
   1.0110397e-03
   1.0439987e-03
   1.0686064e-03
   3.1380317e-04
   2.9391648e-04
   2.7692640e-04
   2.5833485e-04
   2.3893911e-04
   8.5414803e-03
   8.5352480e-03
   8.5318104e-03
   8.5284244e-03
   8.5247360e-03
   2.1473493e-04
   1.7635814e-04
   1.1855464e-04
   8.5187909e-03
   8.5102666e-03
   8.4996805e-03
   8.4874034e-03
   8.4735451e-03
   8.4580212e-03
   8.4406123e-03
   8.4209862e-03
   8.3986792e-03
   8.3730219e-03
   8.3429620e-03
   8.3066509e-03
   8.2604407e-03
   8.1963241e-03
   8.0950855e-03
   7.9088913e-03
   7.5906350e-03
   1.2847999e-03
   1.1045382e-03
   1.1953097e-03
   1.2341314e-03
   1.1927417e-03
   4.5326310e-04
   5.9387933e-04
   7.6535277e-04
   6.5000571e-04
   4.4058422e-04
   4.8936068e-04
   9.5915601e-04
   8.6678539e-04
   5.7738570e-04
   6.3052237e-04
   1.2391920e-03
   1.1900932e-03
  -3.5560929e-04
  -1.0766128e-04
   8.5477161e-05
   1.6709175e-04
   5.1300591e-04
   6.7095813e-04
   3.7373256e-04
   1.7043983e-04
   3.5534664e-04
   1.7205069e-04
   1.2515333e-04
   3.2648568e-04
   1.5645989e-04
   3.0347450e-04
   2.7814024e-04
   8.4970724e-04
   2.9303062e-04
   2.9066832e-04
   9.4698757e-04
   1.7653218e-04
   8.3980487e-04
   3.1004014e-04
   4.3120805e-04
   6.7753947e-04
   4.1281020e-04
   1.8339536e-04
   4.5267929e-04
   4.3987398e-04
   4.1884485e-04
   1.2940729e-03
   8.8892272e-05
   1.2483907e-03
   7.3295676e-04
   1.9650829e-03
   1.9679780e-03
   1.9673634e-03
   1.9633565e-03
   1.9502653e-03
   2.6792898e-04
   2.7013596e-04
   2.7063637e-04
   2.6753156e-04
   2.4918402e-04
   1.9336454e-03
   1.9149762e-03
   1.8947387e-03
   1.8730632e-03
   1.8499165e-03
   2.2030233e-04
   1.8056934e-04
   1.2289455e-04
   1.8251643e-03
   1.7985967e-03
   1.7699387e-03
   1.7388520e-03
   1.7049320e-03
   1.6677003e-03
   1.6265933e-03
   1.5809445e-03
   1.5299579e-03
   1.4726551e-03
   8.2604604e-04
   8.4757758e-04
   8.5384635e-04
   8.5277148e-04
   8.2901343e-05
   1.4076425e-03
   1.3342677e-03
   1.2505309e-03
   1.1537831e-03
   1.0398310e-03
   6.4512549e-05
   9.0127808e-04
   7.2386703e-04
   4.7715024e-04
  -1.5202634e-03
  -1.4796924e-03
  -1.4398750e-03
  -1.3828091e-03
  -1.2865019e-03
   3.7048350e-03
   3.6668884e-03
   3.6295714e-03
   3.5783729e-03
   3.4971847e-03
  -1.1907069e-03
  -1.0994146e-03
  -1.0108150e-03
  -9.2329332e-04
  -8.3593576e-04
   3.4089364e-03
   3.3153356e-03
   3.2170864e-03
   3.1140483e-03
   3.0055939e-03
   2.8908359e-03
   2.7687022e-03
   2.6379179e-03
   2.4969245e-03
   2.3437332e-03
  -7.4806064e-04
  -6.5884227e-04
  -5.6698853e-04
  -4.7019893e-04
  -3.6369588e-04
   2.1756734e-03
   1.9889394e-03
   1.7776885e-03
   1.5319924e-03
   1.2321164e-03
  -2.3427965e-04
   8.2569672e-04
   3.1627825e-05
   4.2444753e-05
   1.4250172e-05
   7.0298611e-06
  -1.7317182e-05
  -2.0400623e-05
