0.022500  1  0.000011	
0.045000  1  0.000022	
0.067500  1  0.000034	
0.090000  1  0.000045	
0.112500  1  0.000056	
0.135000  1  0.000067	
0.157500  1  0.000078	
0.180000  1  0.000089	
0.202500  1  0.000100	
0.225000  1  0.000111	
0.247500  1  0.000121	
0.270000  1  0.000132	
0.292500  1  0.000142	
0.315000  1  0.000151	
0.337500  1  0.000160	
0.360000  1  0.000169	
0.382500  1  0.000177	
0.405000  1  0.000184	
0.427500  1  0.000191	
0.450000  1  0.000197	
0.472500  1  0.000203	
0.495000  1  0.000207	
0.517500  1  0.000211	
0.540000  1  0.000215	
0.562500  1  0.000218	
0.585000  1  0.000220	
0.607500  1  0.000222	
0.630000  1  0.000223	
0.652500  1  0.000224	
0.675000  1  0.000225	
0.697500  1  0.000225	
0.720000  1  0.000226	
0.742500  1  0.000226	
0.765000  1  0.000226	
0.787500  1  0.000226	
0.810000  1  0.000226	
0.832500  1  0.000227	
0.855000  1  0.000227	
0.877500  1  0.000228	
0.900000  1  0.000228	
0.922500  1  0.000229	
0.945000  1  0.000230	
0.967500  1  0.000232	
0.990000  1  0.000233	
1.012500  1  0.000235	
1.035000  1  0.000236	
1.057500  1  0.000238	
1.080000  1  0.000240	
1.102500  1  0.000242	
1.125000  1  0.000243	
1.147500  1  0.000245	
1.170000  1  0.000247	
1.192500  1  0.000248	
1.215000  1  0.000250	
1.237500  1  0.000251	
1.260000  1  0.000253	
1.282500  1  0.000254	
1.305000  1  0.000255	
1.327500  1  0.000257	
1.350000  1  0.000258	
1.372500  1  0.000259	
1.395000  1  0.000260	
1.417500  1  0.000260	
1.440000  1  0.000261	
1.462500  1  0.000262	
1.485000  1  0.000263	
1.507500  1  0.000263	
1.530000  1  0.000264	
1.552500  1  0.000265	
1.575000  1  0.000265	
1.590000  1  0.000266	
1.623750  1  0.000267	
1.699687  1  0.000269	
1.870547  1  0.000277	
2.254980  1  0.000292	
2.425840  1  0.000298	
2.810273  1  0.000312	
3.386924  1  0.000331	
4.251899  1  0.000355	
4.636333  1  0.000367	
5.501309  1  0.000389	
5.885742  1  0.000399	
6.750718  1  0.000418	
7.135151  1  0.000426	
8.000127  1  0.000442	
8.225127  1  0.000446	
8.375127  1  0.000449	
8.600127  1  0.000453	
8.825127  1  0.000458	
9.050127  1  0.000462	
9.275127  1  0.000466	
9.500127  1  0.000470	
9.690760  1  0.000473	
10.069270  1  0.000481	
10.527705  1  0.000489	
11.176502  1  0.000498	
12.016398  1  0.000511	
12.978642  1  0.000524	
13.940886  1  0.000540	
14.919052  1  0.000554	
15.897217  1  0.000568	
16.840959  1  0.000592	
17.717789  1  0.000613	
18.566585  1  0.000630	
19.347349  1  0.000651	
20.127889  1  0.000666	
20.912222  1  0.000679	
21.700533  1  0.000691	
22.487653  1  0.000702	
23.215565  1  0.000718	
23.959280  1  0.000727	
24.143514  1  0.000730	
24.505874  1  0.000734	
24.969739  1  0.000740	
25.586594  1  0.000748	
26.370591  1  0.000756	
27.152240  1  0.000763	
27.877257  1  0.000775	
28.676468  1  0.000787	
29.530961  1  0.000799	
30.385453  1  0.000820	
31.239945  1  0.000839	
32.094437  1  0.000855	
33.086961  1  0.000881	
34.079486  1  0.000899	
35.072010  1  0.000915	
36.064534  1  0.000935	
37.057058  1  0.000952	
38.049582  1  0.000975	
39.042106  1  0.000995	
40.034630  1  0.001017	
41.027154  1  0.001038	
42.019678  1  0.001053	
43.012203  1  0.001070	
44.004727  1  0.001092	
44.997251  1  0.001109	
45.989775  1  0.001123	
46.982299  1  0.001133	
47.974823  1  0.001152	
48.967347  1  0.001168	
49.959871  1  0.001179	
50.952396  1  0.001198	
51.944920  1  0.001217	
52.937444  1  0.001236	
53.929968  1  0.001255	
54.922492  1  0.001273	
55.915016  1  0.001290	
56.907540  1  0.001312	
57.900064  1  0.001335	
58.892588  1  0.001357	
59.885113  1  0.001379	
60.877637  1  0.001401	
61.870161  1  0.001423	
62.862685  1  0.001445	
63.855209  1  0.001467	
64.847733  1  0.001488	
65.840257  1  0.001509	
66.832781  1  0.001530	
67.825306  1  0.001551	
68.817830  1  0.001572	
69.810354  1  0.001592	
70.802878  1  0.001612	
71.795402  1  0.001632	
72.787926  1  0.001652	
73.780450  1  0.001671	
74.772974  1  0.001690	
75.765498  1  0.001709	
76.758023  1  0.001727	
77.750547  1  0.001745	
78.743071  1  0.001763	
79.735595  1  0.001781	
80.728119  1  0.001798	
81.720643  1  0.001815	
82.713167  1  0.001832	
83.705691  1  0.001848	
83.999163  1  0.001853	
84.327476  1  0.001859	
84.720491  1  0.001866	
85.089909  1  0.001873	
85.460946  1  0.001880	
85.860025  1  0.001886	
86.264402  1  0.001893	
86.679760  1  0.001900	
87.103034  1  0.001906	
87.532400  1  0.001913	
87.966691  1  0.001919	
88.402618  1  0.001926	
88.841744  1  0.001932	
89.283086  1  0.001939	
89.725284  1  0.001945	
90.166994  1  0.001952	
90.607159  1  0.001958	
91.045260  1  0.001964	
91.481384  1  0.001971	
91.916061  1  0.001977	
92.349979  1  0.001983	
92.783773  1  0.001989	
93.217949  1  0.001995	
93.652904  1  0.002001	
94.082747  1  0.002007	
94.509964  1  0.002013	
94.936319  1  0.002019	
95.362762  1  0.002025	
95.789714  1  0.002031	
96.217394  1  0.002037	
96.642880  1  0.002042	
97.066731  1  0.002048	
97.489604  1  0.002054	
97.743736  1  0.002056	
98.023221  1  0.002058	
98.363620  1  0.002063	
98.681356  1  0.002067	
99.001437  1  0.002072	
99.327416  1  0.002076	
99.660958  1  0.002080	
100.011797  1  0.002086	
100.368390  1  0.002091	
100.732865  1  0.002097	
101.102432  1  0.002103	
101.474785  1  0.002108	
101.848779  1  0.002113	
102.223899  1  0.002118	
102.600251  1  0.002124	
102.978249  1  0.002128	
103.350978  1  0.002134	
103.732443  1  0.002139	
104.114113  1  0.002143	
104.483581  1  0.002149	
104.867658  1  0.002154	
105.252117  1  0.002158	
105.619963  1  0.002164	
106.003259  1  0.002169	
106.385729  1  0.002174	
106.767660  1  0.002178	
107.149267  1  0.002181	
107.530771  1  0.002185	
107.899606  1  0.002188	
108.258563  1  0.002192	
108.612544  1  0.002196	
108.963317  1  0.002200	
109.312061  1  0.002204	
109.660134  1  0.002207	
110.008343  1  0.002211	
110.357124  1  0.002214	
110.706670  1  0.002218	
111.057027  1  0.002221	
111.408191  1  0.002224	
111.760193  1  0.002227	
112.111973  1  0.002231	
112.463337  1  0.002234	
112.814171  1  0.002237	
113.164244  1  0.002240	
113.513312  1  0.002243	
113.861286  1  0.002246	
114.208290  1  0.002250	
114.554649  1  0.002253	
114.900778  1  0.002256	
115.247067  1  0.002259	
115.592982  1  0.002262	
115.937187  1  0.002265	
116.280323  1  0.002268	
116.622595  1  0.002271	
116.964098  1  0.002274	
117.304969  1  0.002277	
117.645391  1  0.002280	
117.985616  1  0.002283	
118.325911  1  0.002286	
118.666515  1  0.002289	
119.005825  1  0.002292	
119.344132  1  0.002295	
119.681831  1  0.002298	
120.019478  1  0.002301	
120.356859  1  0.002304	
120.693877  1  0.002307	
121.030579  1  0.002310	
121.367108  1  0.002313	
121.703703  1  0.002316	
122.040600  1  0.002319	
122.377981  1  0.002322	
122.715222  1  0.002324	
123.052911  1  0.002327	
123.391039  1  0.002330	
123.729526  1  0.002333	
124.068243  1  0.002336	
124.407011  1  0.002339	
124.745684  1  0.002342	
125.084107  1  0.002345	
125.422173  1  0.002348	
125.759841  1  0.002351	
126.097189  1  0.002354	
126.434921  1  0.002356	
126.773101  1  0.002359	
127.111600  1  0.002362	
127.449007  1  0.002365	
127.785437  1  0.002367	
128.121182  1  0.002370	
128.456551  1  0.002373	
128.791672  1  0.002375	
129.125845  1  0.002378	
129.459499  1  0.002380	
129.792817  1  0.002382	
130.125847  1  0.002385	
130.458614  1  0.002387	
130.791061  1  0.002389	
131.123166  1  0.002391	
131.454941  1  0.002394	
131.786448  1  0.002396	
132.117804  1  0.002398	
132.449166  1  0.002400	
132.780458  1  0.002402	
133.111699  1  0.002404	
133.442784  1  0.002406	
133.773845  1  0.002408	
134.104842  1  0.002410	
134.436452  1  0.002412	
134.768633  1  0.002414	
135.101359  1  0.002416	
135.434580  1  0.002418	
135.768222  1  0.002419	
136.102189  1  0.002421	
136.436421  1  0.002423	
136.770884  1  0.002425	
137.105597  1  0.002427	
137.440646  1  0.002428	
137.776112  1  0.002430	
138.111445  1  0.002432	
138.446781  1  0.002433	
138.782274  1  0.002435	
139.118094  1  0.002436	
139.453633  1  0.002438	
139.789416  1  0.002439	
140.125708  1  0.002441	
140.462653  1  0.002442	
140.800318  1  0.002444	
141.138722  1  0.002445	
141.477873  1  0.002447	
141.817790  1  0.002448	
142.158538  1  0.002449	
142.500228  1  0.002451	
142.842828  1  0.002452	
143.186503  1  0.002454	
143.531040  1  0.002455	
143.876453  1  0.002456	
144.222712  1  0.002458	
144.569836  1  0.002459	
144.917810  1  0.002460	
145.266766  1  0.002462	
145.616666  1  0.002463	
145.967937  1  0.002464	
146.320600  1  0.002466	
146.674657  1  0.002467	
147.030066  1  0.002468	
147.386744  1  0.002470	
147.744614  1  0.002471	
148.103585  1  0.002472	
148.463660  1  0.002474	
148.824920  1  0.002475	
149.187642  1  0.002476	
149.551257  1  0.002477	
149.915714  1  0.002479	
150.281365  1  0.002480	
150.647646  1  0.002481	
151.014934  1  0.002482	
151.383342  1  0.002484	
151.753006  1  0.002485	
152.123917  1  0.002486	
152.496032  1  0.002488	
152.869326  1  0.002489	
153.243830  1  0.002490	
153.619475  1  0.002491	
153.996490  1  0.002493	
154.374661  1  0.002494	
154.753592  1  0.002495	
155.134021  1  0.002496	
155.515923  1  0.002498	
155.899321  1  0.002499	
156.284191  1  0.002500	
156.670516  1  0.002501	
157.058120  1  0.002503	
157.446916  1  0.002504	
157.836888  1  0.002505	
158.228605  1  0.002506	
158.621141  1  0.002507	
159.014547  1  0.002508	
159.409312  1  0.002509	
159.804604  1  0.002511	
160.200868  1  0.002512	
160.598335  1  0.002513	
160.997127  1  0.002514	
161.397285  1  0.002515	
161.798790  1  0.002516	
162.201620  1  0.002517	
162.605794  1  0.002519	
163.011156  1  0.002520	
163.418125  1  0.002521	
163.826391  1  0.002522	
164.235141  1  0.002523	
164.644220  1  0.002525	
165.053648  1  0.002526	
165.463366  1  0.002527	
165.873403  1  0.002528	
166.283725  1  0.002530	
166.694268  1  0.002531	
167.104965  1  0.002532	
167.515777  1  0.002533	
167.926598  1  0.002534	
168.337499  1  0.002535	
168.748397  1  0.002537	
169.159073  1  0.002538	
169.569627  1  0.002539	
169.980108  1  0.002540	
170.390644  1  0.002541	
170.801380  1  0.002542	
171.212329  1  0.002543	
171.623506  1  0.002544	
172.034915  1  0.002545	
172.446557  1  0.002546	
172.858631  1  0.002547	
173.271109  1  0.002548	
173.683946  1  0.002549	
174.097149  1  0.002550	
174.510808  1  0.002551	
174.924969  1  0.002552	
175.339625  1  0.002553	
175.754754  1  0.002554	
176.170315  1  0.002555	
176.586245  1  0.002557	
177.002486  1  0.002558	
177.419007  1  0.002559	
177.835725  1  0.002560	
178.252542  1  0.002561	
178.669474  1  0.002562	
179.086414  1  0.002563	
179.503404  1  0.002564	
179.920550  1  0.002565	
180.337866  1  0.002566	
180.755541  1  0.002567	
181.173591  1  0.002568	
181.592001  1  0.002569	
182.010744  1  0.002570	
182.429834  1  0.002571	
182.849412  1  0.002572	
183.269434  1  0.002573	
183.689743  1  0.002574	
184.110541  1  0.002575	
184.531814  1  0.002576	
184.953529  1  0.002577	
185.375659  1  0.002578	
185.798167  1  0.002579	
186.221071  1  0.002580	
186.644232  1  0.002581	
187.067600  1  0.002582	
187.491319  1  0.002583	
187.915223  1  0.002584	
188.339407  1  0.002585	
188.763985  1  0.002585	
189.188171  1  0.002586	
189.612077  1  0.002587	
190.035941  1  0.002588	
190.459952  1  0.002589	
190.884234  1  0.002589	
191.308858  1  0.002590	
191.733883  1  0.002591	
192.159365  1  0.002592	
192.585321  1  0.002593	
193.011750  1  0.002594	
193.438647  1  0.002595	
193.866017  1  0.002596	
194.293833  1  0.002596	
194.486250  1  0.002597	
194.911619  1  0.002598	
195.341157  1  0.002599	
195.771967  1  0.002600	
196.203703  1  0.002600	
196.637136  1  0.002601	
197.067618  1  0.002602	
197.497495  1  0.002603	
197.928044  1  0.002604	
198.358303  1  0.002606	
198.789869  1  0.002607	
199.224008  1  0.002608	
199.659601  1  0.002610	
200.096832  1  0.002611	
200.533117  1  0.002613	
200.972032  1  0.002615	
201.413343  1  0.002616	
201.855774  1  0.002618	
202.300185  1  0.002619	
202.744989  1  0.002621	
203.191245  1  0.002623	
203.639861  1  0.002625	
204.090434  1  0.002627	
204.542940  1  0.002628	
204.995678  1  0.002630	
205.450046  1  0.002632	
205.906745  1  0.002634	
206.365476  1  0.002636	
206.826101  1  0.002638	
207.288119  1  0.002640	
207.751528  1  0.002642	
208.215877  1  0.002643	
208.679062  1  0.002646	
209.142828  1  0.002648	
209.608738  1  0.002650	
210.076546  1  0.002652	
210.546245  1  0.002654	
211.017433  1  0.002656	
211.489148  1  0.002658	
211.962060  1  0.002660	
212.434130  1  0.002662	
212.905909  1  0.002665	
213.380280  1  0.002667	
213.857142  1  0.002669	
214.335717  1  0.002672	
214.815757  1  0.002674	
215.296631  1  0.002676	
215.778099  1  0.002678	
216.260311  1  0.002680	
216.740925  1  0.002682	
217.220580  1  0.002685	
217.702404  1  0.002687	
218.186499  1  0.002690	
218.672079  1  0.002692	
219.159073  1  0.002694	
219.646969  1  0.002696	
220.135250  1  0.002699	
220.624019  1  0.002701	
221.112856  1  0.002703	
221.598947  1  0.002705	
222.084656  1  0.002707	
222.572312  1  0.002710	
223.061520  1  0.002712	
223.552657  1  0.002715	
224.045053  1  0.002717	
224.538702  1  0.002719	
225.033400  1  0.002721	
225.528342  1  0.002723	
226.023697  1  0.002725	
226.518921  1  0.002727	
227.011295  1  0.002729	
227.500910  1  0.002732	
227.993937  1  0.002735	
228.490448  1  0.002737	
228.989716  1  0.002739	
229.490803  1  0.002742	
229.992658  1  0.002744	
230.495348  1  0.002746	
230.998117  1  0.002748	
231.500880  1  0.002750	
232.004032  1  0.002752	
232.507389  1  0.002754	
233.010657  1  0.002756	
233.510153  1  0.002759	
234.005591  1  0.002762	
234.504808  1  0.002764	
235.007922  1  0.002767	
235.513944  1  0.002769	
236.021406  1  0.002771	
236.530527  1  0.002774	
237.040395  1  0.002776	
237.550295  1  0.002778	
238.059940  1  0.002780	
238.570185  1  0.002782	
239.080716  1  0.002784	
239.587205  1  0.002787	
240.091096  1  0.002789	
240.597862  1  0.002792	
241.107844  1  0.002795	
241.620012  1  0.002797	
242.133409  1  0.002799	
242.648022  1  0.002802	
243.164380  1  0.002804	
243.682299  1  0.002806	
244.200515  1  0.002808	
244.711725  1  0.002811	
245.223855  1  0.002814	
245.738165  1  0.002816	
246.255989  1  0.002819	
246.776324  1  0.002821	
247.298893  1  0.002824	
247.822814  1  0.002826	
248.346838  1  0.002828	
248.871761  1  0.002831	
249.396958  1  0.002833	
249.922087  1  0.002835	
250.446737  1  0.002837	
250.966987  1  0.002840	
251.486334  1  0.002843	
252.008346  1  0.002845	
252.532317  1  0.002848	
253.059007  1  0.002851	
253.587657  1  0.002853	
254.118438  1  0.002856	
254.649820  1  0.002858	
255.181339  1  0.002861	
255.710139  1  0.002863	
256.237053  1  0.002867	
256.767709  1  0.002869	
257.300884  1  0.002872	
257.837266  1  0.002875	
258.374671  1  0.002878	
258.913188  1  0.002881	
259.452124  1  0.002884	
259.991127  1  0.002886	
260.527765  1  0.002889	
261.063050  1  0.002892	
261.601698  1  0.002896	
262.142369  1  0.002899	
262.685465  1  0.002902	
263.229407  1  0.002905	
263.773810  1  0.002907	
264.315434  1  0.002911	
264.855377  1  0.002914	
265.399540  1  0.002917	
265.946119  1  0.002921	
266.495758  1  0.002924	
267.046889  1  0.002927	
267.598748  1  0.002930	
268.146936  1  0.002934	
268.694007  1  0.002937	
269.244696  1  0.002941	
269.797218  1  0.002944	
270.353454  1  0.002948	
270.910626  1  0.002951	
271.469896  1  0.002954	
272.024088  1  0.002958	
272.577607  1  0.002962	
273.134961  1  0.002966	
273.694755  1  0.002969	
274.257528  1  0.002973	
274.816914  1  0.002977	
275.375928  1  0.002981	
275.940272  1  0.002985	
276.506839  1  0.002989	
277.077494  1  0.002993	
277.644340  1  0.002998	
278.212176  1  0.003002	
278.784028  1  0.003006	
279.354278  1  0.003011	
279.923423  1  0.003016	
280.499923  1  0.003021	
281.073639  1  0.003026	
281.654065  1  0.003031	
282.234491  1  0.003036	
282.817767  1  0.003041	
283.406559  1  0.003046	
283.995020  1  0.003051	
284.581943  1  0.003057	
285.169283  1  0.003063	
285.759144  1  0.003069	
286.359274  1  0.003075	
286.966362  1  0.003080	
287.576672  1  0.003085	
288.187397  1  0.003089	
288.796552  1  0.003094	
289.402796  1  0.003098	
290.005281  1  0.003102	
290.603518  1  0.003106	
291.197298  1  0.003110	
291.786579  1  0.003113	
292.371308  1  0.003116	
292.950764  1  0.003120	
293.525437  1  0.003123	
294.095769  1  0.003126	
294.662163  1  0.003128	
295.224926  1  0.003131	
295.784375  1  0.003134	
296.340796  1  0.003136	
296.894519  1  0.003139	
297.445789  1  0.003141	
297.994866  1  0.003144	
298.218110  1  0.003145	
298.657905  1  0.003146	
299.203671  1  0.003149	
299.748182  1  0.003151	
300.291387  1  0.003153	
300.833500  1  0.003155	
301.374329  1  0.003157	
301.914195  1  0.003159	
302.450071  1  0.003160	
302.983570  1  0.003162	
303.515680  1  0.003164	
304.046353  1  0.003166	
304.576432  1  0.003167	
305.106463  1  0.003169	
305.636156  1  0.003170	
306.166082  1  0.003172	
306.696581  1  0.003173	
307.226771  1  0.003175	
307.757222  1  0.003176	
308.288313  1  0.003178	
308.820253  1  0.003179	
309.351865  1  0.003181	
309.883162  1  0.003182	
310.413961  1  0.003183	
310.944265  1  0.003185	
311.474104  1  0.003186	
312.003505  1  0.003187	
312.532496  1  0.003188	
313.061234  1  0.003189	
313.589537  1  0.003190	
314.117431  1  0.003192	
314.644980  1  0.003193	
315.172190  1  0.003194	
315.699107  1  0.003195	
316.225774  1  0.003196	
316.752242  1  0.003197	
317.278581  1  0.003198	
317.804814  1  0.003199	
318.331110  1  0.003200	
318.857346  1  0.003201	
319.383493  1  0.003202	
319.909588  1  0.003203	
320.435670  1  0.003204	
320.961783  1  0.003205	
321.487981  1  0.003206	
322.014341  1  0.003207	
322.540894  1  0.003208	
323.067705  1  0.003209	
323.594835  1  0.003209	
324.122342  1  0.003210	
324.650400  1  0.003211	
325.178867  1  0.003212	
325.707655  1  0.003213	
326.236770  1  0.003214	
326.766225  1  0.003215	
327.296048  1  0.003215	
327.826278  1  0.003216	
328.356964  1  0.003217	
328.888160  1  0.003218	
329.419940  1  0.003218	
329.952323  1  0.003219	
330.485361  1  0.003220	
331.019104  1  0.003221	
331.553598  1  0.003222	
332.089022  1  0.003222	
332.625212  1  0.003223	
333.162026  1  0.003224	
333.699453  1  0.003224	
334.237498  1  0.003225	
334.776193  1  0.003225	
335.315586  1  0.003226	
335.855737  1  0.003227	
336.396709  1  0.003227	
336.938566  1  0.003228	
337.481372  1  0.003228	
338.025205  1  0.003229	
338.570081  1  0.003230	
339.115947  1  0.003230	
339.662337  1  0.003231	
340.209093  1  0.003231	
340.756090  1  0.003232	
341.303330  1  0.003232	
341.850850  1  0.003232	
342.398715  1  0.003233	
342.947004  1  0.003233	
343.495803  1  0.003234	
344.045187  1  0.003234	
344.595201  1  0.003234	
345.145916  1  0.003235	
345.697402  1  0.003235	
346.249722  1  0.003235	
346.802943  1  0.003236	
347.357149  1  0.003236	
347.912152  1  0.003236	
348.467816  1  0.003236	
349.024131  1  0.003236	
349.581156  1  0.003237	
350.138987  1  0.003237	
350.697695  1  0.003237	
351.257387  1  0.003237	
351.818173  1  0.003237	
352.380135  1  0.003237	
352.943365  1  0.003237	
353.507942  1  0.003237	
354.073989  1  0.003237	
354.641290  1  0.003237	
355.209708  1  0.003237	
355.779254  1  0.003237	
356.349972  1  0.003237	
356.921981  1  0.003237	
357.495418  1  0.003237	
358.070424  1  0.003237	
358.647110  1  0.003237	
359.225591  1  0.003237	
359.805457  1  0.003237	
360.386409  1  0.003236	
360.968364  1  0.003236	
361.551375  1  0.003236	
362.135542  1  0.003236	
362.721030  1  0.003235	
363.307988  1  0.003235	
363.896574  1  0.003235	
364.486925  1  0.003235	
365.079162  1  0.003234	
365.673309  1  0.003234	
366.269125  1  0.003234	
366.866475  1  0.003233	
367.465461  1  0.003233	
368.066272  1  0.003232	
368.669113  1  0.003232	
369.274173  1  0.003231	
369.881522  1  0.003231	
370.490947  1  0.003230	
371.102360  1  0.003230	
371.715907  1  0.003229	
372.331815  1  0.003229	
372.950329  1  0.003228	
373.571544  1  0.003228	
374.195041  1  0.003227	
374.820473  1  0.003227	
375.448048  1  0.003226	
376.078049  1  0.003225	
376.710494  1  0.003225	
377.345237  1  0.003224	
377.982342  1  0.003224	
378.622036  1  0.003223	
379.264356  1  0.003222	
379.909212  1  0.003222	
380.556745  1  0.003221	
381.207236  1  0.003220	
381.860734  1  0.003220	
382.517036  1  0.003219	
383.176311  1  0.003218	
383.838857  1  0.003218	
384.504783  1  0.003217	
385.173663  1  0.003217	
385.845535  1  0.003216	
386.520256  1  0.003215	
387.197564  1  0.003215	
387.877661  1  0.003214	
388.560385  1  0.003213	
389.245631  1  0.003213	
389.933646  1  0.003212	
390.624967  1  0.003212	
391.320241  1  0.003211	
392.019987  1  0.003211	
392.724590  1  0.003210	
393.434332  1  0.003210	
394.149424  1  0.003209	
394.870051  1  0.003209	
395.596384  1  0.003209	
396.328579  1  0.003208	
397.066769  1  0.003208	
397.811084  1  0.003208	
398.561661  1  0.003207	
399.318648  1  0.003207	
400.082059  1  0.003207	
400.851727  1  0.003207	
401.627786  1  0.003207	
402.410383  1  0.003207	
403.199669  1  0.003207	
403.995778  1  0.003207	
404.798839  1  0.003207	
405.608997  1  0.003207	
406.426408  1  0.003208	
407.251215  1  0.003208	
408.083549  1  0.003208	
408.923558  1  0.003209	
409.771401  1  0.003209	
410.627231  1  0.003210	
411.491182  1  0.003210	
412.363408  1  0.003211	
413.244076  1  0.003211	
414.133342  1  0.003212	
415.031306  1  0.003213	
415.937821  1  0.003213	
416.853062  1  0.003214	
417.777184  1  0.003215	
418.710346  1  0.003216	
419.652728  1  0.003217	
420.604517  1  0.003218	
421.565870  1  0.003219	
422.536976  1  0.003221	
423.518040  1  0.003222	
424.509264  1  0.003223	
425.500489  1  0.003225	
426.491713  1  0.003226	
427.482937  1  0.003227	
428.474161  1  0.003229	
428.686633  1  0.003229	
428.920802  1  0.003230	
429.203732  1  0.003231	
429.480762  1  0.003232	
429.766145  1  0.003232	
430.063321  1  0.003233	
430.373817  1  0.003234	
430.695025  1  0.003235	
431.027224  1  0.003235	
431.372762  1  0.003236	
431.727624  1  0.003237	
432.085580  1  0.003238	
432.428273  1  0.003239	
432.778106  1  0.003240	
433.125949  1  0.003242	
433.479164  1  0.003243	
433.837494  1  0.003244	
434.200301  1  0.003245	
434.566701  1  0.003246	
434.935560  1  0.003247	
435.305793  1  0.003249	
435.676501  1  0.003250	
436.047143  1  0.003251	
436.417564  1  0.003252	
436.787900  1  0.003253	
437.158428  1  0.003254	
437.529441  1  0.003256	
437.901190  1  0.003257	
438.273875  1  0.003258	
438.647662  1  0.003259	
439.017331  1  0.003260	
439.385904  1  0.003262	
439.754379  1  0.003263	
440.123205  1  0.003264	
440.492617  1  0.003265	
440.862758  1  0.003266	
441.233735  1  0.003267	
441.605648  1  0.003269	
441.976260  1  0.003270	
442.346406  1  0.003271	
442.716431  1  0.003272	
443.086591  1  0.003273	
443.457113  1  0.003274	
443.828181  1  0.003276	
444.199936  1  0.003277	
444.572488  1  0.003278	
444.945932  1  0.003279	
445.320353  1  0.003280	
445.694438  1  0.003282	
446.069470  1  0.003283	
446.445569  1  0.003284	
446.822687  1  0.003285	
447.200731  1  0.003286	
447.579577  1  0.003287	
447.959084  1  0.003289	
448.339153  1  0.003290	
448.712971  1  0.003291	
449.061612  1  0.003292	
449.399754  1  0.003294	
449.732913  1  0.003295	
450.063545  1  0.003296	
450.392948  1  0.003297	
450.721917  1  0.003299	
451.050973  1  0.003300	
451.380041  1  0.003301	
451.708208  1  0.003302	
452.035743  1  0.003303	
452.363063  1  0.003305	
452.690525  1  0.003306	
453.018367  1  0.003307	
453.346265  1  0.003308	
453.673385  1  0.003309	
454.000365  1  0.003311	
454.327392  1  0.003312	
454.654457  1  0.003313	
454.981464  1  0.003314	
455.308272  1  0.003315	
455.634742  1  0.003316	
455.960777  1  0.003317	
456.286368  1  0.003319	
456.611608  1  0.003320	
456.936673  1  0.003321	
457.261770  1  0.003322	
457.587101  1  0.003323	
457.911106  1  0.003324	
458.233749  1  0.003325	
458.555540  1  0.003326	
458.877054  1  0.003327	
459.198109  1  0.003328	
459.518552  1  0.003329	
459.838487  1  0.003330	
460.158084  1  0.003331	
460.477569  1  0.003332	
460.797158  1  0.003333	
461.117022  1  0.003334	
461.436527  1  0.003335	
461.756375  1  0.003336	
462.076566  1  0.003337	
462.397047  1  0.003338	
462.717746  1  0.003339	
463.039781  1  0.003340	
463.361648  1  0.003341	
463.683264  1  0.003342	
464.004526  1  0.003343	
464.325362  1  0.003344	
464.645759  1  0.003346	
464.965769  1  0.003347	
465.285495  1  0.003348	
465.605065  1  0.003349	
465.924618  1  0.003350	
466.243316  1  0.003351	
466.561304  1  0.003352	
466.878769  1  0.003353	
467.195928  1  0.003354	
467.512979  1  0.003355	
467.829852  1  0.003356	
468.145583  1  0.003357	
468.460881  1  0.003358	
468.776021  1  0.003359	
469.091106  1  0.003360	
469.406156  1  0.003361	
469.721156  1  0.003362	
470.036082  1  0.003363	
470.350929  1  0.003364	
470.665732  1  0.003365	
470.980578  1  0.003366	
471.295592  1  0.003367	
471.610437  1  0.003368	
471.925079  1  0.003369	
472.239484  1  0.003370	
472.553870  1  0.003371	
472.868294  1  0.003372	
473.182592  1  0.003373	
473.496797  1  0.003374	
473.811046  1  0.003375	
474.125544  1  0.003376	
474.440093  1  0.003377	
474.755401  1  0.003378	
475.071338  1  0.003379	
475.387843  1  0.003380	
475.704840  1  0.003381	
476.022238  1  0.003382	
476.339938  1  0.003383	
476.657857  1  0.003384	
476.975959  1  0.003385	
477.294284  1  0.003386	
477.612941  1  0.003387	
477.932269  1  0.003388	
478.251500  1  0.003389	
478.570767  1  0.003390	
478.890222  1  0.003391	
479.210577  1  0.003392	
479.530366  1  0.003393	
479.850356  1  0.003394	
480.170841  1  0.003395	
480.491929  1  0.003396	
480.813638  1  0.003397	
481.135940  1  0.003398	
481.458812  1  0.003399	
481.782266  1  0.003400	
482.106380  1  0.003401	
482.430772  1  0.003402	
482.755803  1  0.003403	
483.081229  1  0.003404	
483.407156  1  0.003405	
483.733805  1  0.003406	
484.060927  1  0.003407	
484.388508  1  0.003408	
484.716679  1  0.003409	
485.044977  1  0.003410	
485.374632  1  0.003411	
485.705498  1  0.003412	
486.037532  1  0.003412	
486.370654  1  0.003413	
486.704743  1  0.003414	
487.039661  1  0.003415	
487.375317  1  0.003416	
487.711713  1  0.003417	
488.049581  1  0.003418	
488.387739  1  0.003419	
488.726396  1  0.003420	
489.065666  1  0.003421	
489.406854  1  0.003422	
489.747895  1  0.003423	
490.089597  1  0.003424	
490.432213  1  0.003425	
490.775815  1  0.003426	
491.120379  1  0.003426	
491.465862  1  0.003427	
491.812257  1  0.003428	
492.159643  1  0.003429	
492.507560  1  0.003430	
492.856598  1  0.003431	
493.206420  1  0.003432	
493.557166  1  0.003433	
493.908689  1  0.003434	
494.260974  1  0.003435	
494.614128  1  0.003436	
494.967760  1  0.003437	
495.322983  1  0.003437	
495.679736  1  0.003438	
496.038010  1  0.003439	
496.397714  1  0.003440	
496.758690  1  0.003441	
497.120782  1  0.003442	
497.483935  1  0.003443	
497.848911  1  0.003444	
498.214561  1  0.003445	
498.581022  1  0.003446	
498.949387  1  0.003446	
499.317983  1  0.003447	
499.687539  1  0.003448	
500.058309  1  0.003449	
500.429941  1  0.003450	
500.802109  1  0.003451	
501.174781  1  0.003452	
501.547946  1  0.003453	
501.921606  1  0.003454	
502.295854  1  0.003455	
502.670580  1  0.003455	
503.045553  1  0.003456	
503.421182  1  0.003457	
503.797590  1  0.003458	
504.174836  1  0.003459	
504.552920  1  0.003460	
504.931773  1  0.003461	
505.311303  1  0.003462	
505.691467  1  0.003462	
506.072565  1  0.003463	
506.454268  1  0.003464	
506.836484  1  0.003465	
507.219628  1  0.003466	
507.603091  1  0.003467	
507.987081  1  0.003468	
508.371783  1  0.003468	
508.757275  1  0.003469	
509.143559  1  0.003470	
509.530615  1  0.003471	
509.918234  1  0.003472	
510.306791  1  0.003473	
510.696140  1  0.003474	
511.085698  1  0.003475	
511.476338  1  0.003475	
511.868125  1  0.003476	
512.261099  1  0.003477	
512.655242  1  0.003478	
513.050459  1  0.003479	
513.446634  1  0.003480	
513.844237  1  0.003481	
514.242581  1  0.003481	
514.641640  1  0.003482	
515.042202  1  0.003483	
515.443076  1  0.003484	
515.844559  1  0.003485	
516.246888  1  0.003485	
516.650185  1  0.003486	
517.054489  1  0.003487	
517.459798  1  0.003488	
517.865707  1  0.003489	
518.272880  1  0.003490	
518.681126  1  0.003491	
519.089454  1  0.003491	
519.499320  1  0.003492	
519.910691  1  0.003493	
520.323561  1  0.003494	
520.737875  1  0.003495	
521.153494  1  0.003496	
521.570282  1  0.003497	
521.988947  1  0.003497	
522.408559  1  0.003498	
522.829096  1  0.003499	
523.250650  1  0.003500	
523.673255  1  0.003501	
524.096865  1  0.003502	
524.522014  1  0.003502	
524.947910  1  0.003503	
525.374846  1  0.003504	
525.803019  1  0.003505	
526.232505  1  0.003506	
526.663290  1  0.003507	
527.095329  1  0.003507	
527.528405  1  0.003508	
527.962934  1  0.003509	
528.398042  1  0.003510	
528.834698  1  0.003511	
529.272836  1  0.003512	
529.712511  1  0.003513	
530.153727  1  0.003513	
530.596397  1  0.003514	
531.040403  1  0.003515	
531.485706  1  0.003516	
531.931994  1  0.003517	
532.379543  1  0.003518	
532.827752  1  0.003518	
533.276626  1  0.003519	
533.726323  1  0.003520	
534.176966  1  0.003521	
534.628616  1  0.003522	
535.081278  1  0.003523	
535.534799  1  0.003523	
535.989530  1  0.003524	
536.444823  1  0.003525	
536.901458  1  0.003526	
537.359493  1  0.003527	
537.818925  1  0.003528	
538.279716  1  0.003529	
538.741767  1  0.003529	
539.205502  1  0.003530	
539.670284  1  0.003531	
540.136004  1  0.003532	
540.603371  1  0.003533	
541.071342  1  0.003533	
541.540039  1  0.003534	
542.009674  1  0.003535	
542.480389  1  0.003536	
542.952239  1  0.003537	
543.424838  1  0.003538	
543.898826  1  0.003539	
544.374181  1  0.003539	
544.850826  1  0.003540	
545.328648  1  0.003541	
545.807143  1  0.003542	
546.286940  1  0.003543	
546.768133  1  0.003544	
547.250781  1  0.003544	
547.734875  1  0.003545	
548.220414  1  0.003546	
548.707335  1  0.003547	
549.195622  1  0.003548	
549.685211  1  0.003549	
549.872746  1  0.003549	
550.246357  1  0.003550	
550.696261  1  0.003550	
551.191870  1  0.003551	
551.690382  1  0.003552	
552.190756  1  0.003553	
552.693400  1  0.003554	
553.197888  1  0.003555	
553.702510  1  0.003556	
554.207353  1  0.003556	
554.714818  1  0.003557	
555.222305  1  0.003558	
555.730962  1  0.003559	
556.239695  1  0.003559	
556.751289  1  0.003560	
557.265042  1  0.003561	
557.779075  1  0.003561	
558.293093  1  0.003562	
558.807713  1  0.003563	
559.323562  1  0.003564	
559.841299  1  0.003564	
560.360925  1  0.003565	
560.882770  1  0.003566	
561.408029  1  0.003567	
561.934839  1  0.003568	
562.462368  1  0.003569	
562.991394  1  0.003569	
563.522708  1  0.003570	
564.056945  1  0.003571	
564.594192  1  0.003572	
565.134766  1  0.003573	
565.679331  1  0.003574	
566.225623  1  0.003575	
566.772858  1  0.003576	
567.322274  1  0.003577	
567.874708  1  0.003578	
568.430369  1  0.003579	
568.989558  1  0.003580	
569.551882  1  0.003581	
570.117666  1  0.003582	
570.687240  1  0.003583	
571.260522  1  0.003584	
571.835424  1  0.003585	
572.411629  1  0.003586	
572.990275  1  0.003587	
573.572190  1  0.003588	
574.158072  1  0.003589	
574.748189  1  0.003590	
575.342640  1  0.003591	
575.941741  1  0.003592	
576.545627  1  0.003593	
577.153010  1  0.003595	
577.760800  1  0.003596	
578.369486  1  0.003597	
578.981699  1  0.003598	
579.598231  1  0.003599	
580.219626  1  0.003600	
580.846187  1  0.003601	
581.477769  1  0.003602	
582.108452  1  0.003604	
582.738770  1  0.003605	
583.368218  1  0.003606	
583.996350  1  0.003607	
584.623281  1  0.003608	
585.249140  1  0.003609	
585.874032  1  0.003610	
586.497942  1  0.003611	
587.120952  1  0.003612	
587.743645  1  0.003614	
588.365558  1  0.003615	
588.986348  1  0.003616	
589.606068  1  0.003617	
590.224731  1  0.003618	
590.842451  1  0.003619	
591.459819  1  0.003620	
592.076928  1  0.003621	
592.692720  1  0.003622	
593.307294  1  0.003623	
593.920894  1  0.003624	
594.533691  1  0.003625	
595.145780  1  0.003626	
595.757978  1  0.003627	
596.369341  1  0.003628	
596.979754  1  0.003629	
597.589218  1  0.003630	
598.198316  1  0.003631	
598.807005  1  0.003632	
599.414634  1  0.003633	
600.021310  1  0.003634	
600.612948  1  0.003653	
601.181629  1  0.003670	
601.726863  1  0.003685	
602.250989  1  0.003699	
602.756584  1  0.003711	
603.245827  1  0.003723	
603.720652  1  0.003733	
604.182272  1  0.003742	
604.632361  1  0.003751	
605.072174  1  0.003759	
605.502493  1  0.003766	
605.924326  1  0.003773	
606.338807  1  0.003780	
606.746577  1  0.003785	
607.148135  1  0.003791	
607.544260  1  0.003796	
607.935521  1  0.003801	
608.322340  1  0.003805	
608.704828  1  0.003809	
609.083409  1  0.003813	
609.458527  1  0.003817	
609.830548  1  0.003820	
610.199762  1  0.003824	
610.566408  1  0.003827	
610.930691  1  0.003830	
611.292793  1  0.003833	
611.652879  1  0.003835	
612.011104  1  0.003838	
612.367608  1  0.003840	
612.722524  1  0.003843	
613.075975  1  0.003845	
613.428075  1  0.003847	
613.778931  1  0.003849	
614.128641  1  0.003851	
614.477297  1  0.003853	
614.824985  1  0.003854	
615.171783  1  0.003856	
615.517766  1  0.003858	
615.863000  1  0.003859	
616.207549  1  0.003861	
616.551470  1  0.003862	
616.894818  1  0.003864	
617.237641  1  0.003865	
617.579986  1  0.003866	
617.921894  1  0.003868	
618.263405  1  0.003869	
618.604554  1  0.003870	
618.945374  1  0.003871	
619.285896  1  0.003872	
619.626147  1  0.003874	
619.966152  1  0.003875	
620.305936  1  0.003876	
620.645519  1  0.003877	
620.984920  1  0.003878	
621.324158  1  0.003879	
621.663248  1  0.003880	
622.002206  1  0.003881	
622.341044  1  0.003882	
622.679775  1  0.003883	
623.018409  1  0.003884	
623.356957  1  0.003885	
623.695427  1  0.003886	
624.033828  1  0.003887	
624.372166  1  0.003888	
624.710449  1  0.003889	
625.048681  1  0.003890	
625.386870  1  0.003891	
625.725019  1  0.003892	
626.063132  1  0.003893	
626.401213  1  0.003893	
626.739267  1  0.003894	
627.077296  1  0.003895	
627.415303  1  0.003896	
627.753290  1  0.003897	
628.091262  1  0.003898	
628.429219  1  0.003899	
628.767164  1  0.003900	
629.105099  1  0.003901	
629.443027  1  0.003902	
629.780949  1  0.003902	
630.118868  1  0.003903	
630.456786  1  0.003904	
630.794705  1  0.003905	
631.132626  1  0.003906	
631.470553  1  0.003907	
631.808487  1  0.003908	
632.146432  1  0.003908	
632.484389  1  0.003909	
632.822362  1  0.003910	
633.160353  1  0.003911	
633.498364  1  0.003912	
633.836400  1  0.003913	
634.174464  1  0.003913	
634.512558  1  0.003914	
634.850687  1  0.003915	
635.188855  1  0.003916	
635.527064  1  0.003917	
635.865320  1  0.003918	
636.203627  1  0.003918	
636.541990  1  0.003919	
636.880412  1  0.003920	
637.218899  1  0.003921	
637.557456  1  0.003921	
637.896088  1  0.003922	
638.234800  1  0.003923	
638.573598  1  0.003924	
638.912489  1  0.003925	
639.251477  1  0.003925	
639.590569  1  0.003926	
639.929771  1  0.003927	
640.269090  1  0.003927	
640.608532  1  0.003928	
640.948105  1  0.003929	
641.287816  1  0.003930	
641.627672  1  0.003930	
641.967679  1  0.003931	
642.307847  1  0.003932	
642.648182  1  0.003932	
642.988692  1  0.003933	
643.329386  1  0.003934	
643.670272  1  0.003934	
644.011357  1  0.003935	
644.352651  1  0.003936	
644.694163  1  0.003936	
645.035900  1  0.003937	
645.377872  1  0.003938	
645.720088  1  0.003938	
646.062558  1  0.003939	
646.405290  1  0.003940	
646.748294  1  0.003940	
647.091580  1  0.003941	
647.435157  1  0.003942	
647.779036  1  0.003942	
648.123225  1  0.003943	
648.467736  1  0.003943	
648.812579  1  0.003944	
649.157764  1  0.003945	
649.503300  1  0.003945	
649.849200  1  0.003946	
650.195474  1  0.003946	
650.542131  1  0.003947	
650.889184  1  0.003947	
651.236644  1  0.003948	
651.584520  1  0.003949	
651.932825  1  0.003949	
652.281570  1  0.003950	
652.630766  1  0.003950	
652.980425  1  0.003951	
653.330557  1  0.003951	
653.681127  1  0.003952	
654.032129  1  0.003952	
654.383575  1  0.003953	
654.735475  1  0.003954	
655.087842  1  0.003954	
655.440687  1  0.003955	
655.794021  1  0.003955	
656.147856  1  0.003956	
656.502204  1  0.003956	
656.857077  1  0.003957	
657.212486  1  0.003957	
657.568444  1  0.003958	
657.924963  1  0.003958	
658.282056  1  0.003959	
658.639733  1  0.003959	
658.998009  1  0.003960	
659.356895  1  0.003961	
659.716404  1  0.003961	
660.076549  1  0.003962	
660.437343  1  0.003962	
660.798798  1  0.003963	
661.160928  1  0.003963	
661.523746  1  0.003964	
661.887265  1  0.003964	
662.251499  1  0.003965	
662.616461  1  0.003966	
662.982164  1  0.003966	
663.348623  1  0.003967	
663.715851  1  0.003967	
664.083862  1  0.003968	
664.452671  1  0.003968	
664.822292  1  0.003969	
665.192738  1  0.003970	
665.564025  1  0.003970	
665.936167  1  0.003971	
666.309180  1  0.003972	
666.683077  1  0.003972	
667.057875  1  0.003973	
667.433588  1  0.003973	
667.810232  1  0.003974	
668.187822  1  0.003975	
668.566375  1  0.003975	
668.945906  1  0.003976	
669.326432  1  0.003977	
669.707968  1  0.003977	
670.090531  1  0.003978	
670.474092  1  0.003979	
670.858632  1  0.003980	
671.244167  1  0.003980	
671.630715  1  0.003981	
672.018275  1  0.003982	
672.406874  1  0.003983	
672.796532  1  0.003983	
673.187269  1  0.003984	
673.579103  1  0.003985	
673.972052  1  0.003986	
674.366135  1  0.003986	
674.761371  1  0.003987	
675.157778  1  0.003988	
675.555377  1  0.003989	
675.954185  1  0.003990	
676.354224  1  0.003991	
676.755512  1  0.003992	
677.158071  1  0.003993	
677.561920  1  0.003994	
677.967081  1  0.003994	
678.373575  1  0.003995	
678.781423  1  0.003996	
679.190648  1  0.003997	
679.601271  1  0.003998	
680.013316  1  0.003999	
680.426805  1  0.004001	
680.841761  1  0.004002	
681.258209  1  0.004003	
681.676172  1  0.004004	
682.095659  1  0.004005	
682.516700  1  0.004006	
682.939326  1  0.004007	
683.363563  1  0.004008	
683.789440  1  0.004010	
684.216983  1  0.004011	
684.646221  1  0.004012	
685.077169  1  0.004013	
685.509778  1  0.004015	
685.944078  1  0.004016	
686.380096  1  0.004017	
686.817863  1  0.004019	
687.257408  1  0.004020	
687.698763  1  0.004021	
688.141958  1  0.004023	
688.587026  1  0.004024	
689.034000  1  0.004026	
689.482913  1  0.004027	
689.933798  1  0.004029	
690.386672  1  0.004030	
690.841581  1  0.004032	
691.298565  1  0.004034	
691.757661  1  0.004035	
692.218908  1  0.004037	
692.682345  1  0.004039	
693.148014  1  0.004041	
693.615955  1  0.004042	
694.086211  1  0.004044	
694.558825  1  0.004046	
695.033843  1  0.004048	
695.511310  1  0.004050	
695.991274  1  0.004052	
696.473782  1  0.004054	
696.958886  1  0.004056	
697.446636  1  0.004058	
697.937085  1  0.004060	
698.430287  1  0.004062	
698.926300  1  0.004064	
699.425181  1  0.004066	
699.926989  1  0.004069	
700.431788  1  0.004071	
700.939564  1  0.004073	
701.450362  1  0.004076	
701.964248  1  0.004078	
702.481294  1  0.004081	
703.001570  1  0.004083	
703.525152  1  0.004086	
704.052118  1  0.004088	
704.582550  1  0.004091	
705.116530  1  0.004094	
705.654146  1  0.004096	
706.195491  1  0.004099	
706.740659  1  0.004102	
707.289750  1  0.004105	
707.842867  1  0.004108	
708.400119  1  0.004111	
708.961622  1  0.004114	
709.527493  1  0.004117	
710.097320  1  0.004120	
710.660902  1  0.004124	
711.218307  1  0.004127	
711.769607  1  0.004130	
712.314878  1  0.004133	
712.854197  1  0.004136	
713.387641  1  0.004139	
713.915289  1  0.004143	
714.437222  1  0.004146	
714.953522  1  0.004149	
715.464270  1  0.004152	
715.969548  1  0.004155	
716.469435  1  0.004158	
716.964008  1  0.004161	
717.453345  1  0.004164	
717.937526  1  0.004167	
718.416632  1  0.004170	
718.890746  1  0.004173	
719.359949  1  0.004176	
719.824322  1  0.004180	
720.283946  1  0.004183	
720.738903  1  0.004186	
721.189270  1  0.004188	
721.635129  1  0.004191	
722.076555  1  0.004194	
722.513627  1  0.004197	
722.946420  1  0.004200	
723.375009  1  0.004203	
723.799468  1  0.004206	
724.219869  1  0.004209	
724.636271  1  0.004212	
725.048770  1  0.004215	
725.457411  1  0.004218	
725.862285  1  0.004220	
726.263436  1  0.004223	
726.660948  1  0.004226	
727.054871  1  0.004229	
727.445282  1  0.004232	
727.832229  1  0.004234	
728.215785  1  0.004237	
728.595999  1  0.004240	
728.972941  1  0.004243	
729.346656  1  0.004245	
729.717212  1  0.004248	
730.084655  1  0.004251	
730.449048  1  0.004253	
730.810435  1  0.004256	
731.168877  1  0.004259	
731.524419  1  0.004261	
731.877116  1  0.004264	
732.227013  1  0.004266	
732.574162  1  0.004269	
732.918608  1  0.004272	
733.260399  1  0.004274	
733.599580  1  0.004277	
733.936197  1  0.004279	
734.270293  1  0.004282	
734.601911  1  0.004284	
734.931094  1  0.004287	
735.257884  1  0.004289	
735.582322  1  0.004292	
735.904446  1  0.004294	
736.224298  1  0.004297	
736.541914  1  0.004299	
736.857336  1  0.004302	
737.170596  1  0.004304	
737.481736  1  0.004307	
737.790780  1  0.004309	
738.097767  1  0.004311	
738.402735  1  0.004314	
738.705718  1  0.004316	
739.006751  1  0.004318	
739.305867  1  0.004321	
739.603099  1  0.004323	
739.898479  1  0.004326	
740.192039  1  0.004328	
740.483808  1  0.004330	
740.773817  1  0.004332	
741.062096  1  0.004335	
741.348674  1  0.004337	
741.633580  1  0.004339	
741.916843  1  0.004342	
742.198490  1  0.004344	
742.478549  1  0.004346	
742.757047  1  0.004348	
743.034010  1  0.004351	
743.309466  1  0.004353	
743.583439  1  0.004355	
743.855765  1  0.004357	
744.126397  1  0.004359	
744.395367  1  0.004362	
744.662704  1  0.004364	
744.928437  1  0.004366	
745.192596  1  0.004368	
745.455207  1  0.004370	
745.716300  1  0.004372	
745.975900  1  0.004375	
746.234036  1  0.004377	
746.490734  1  0.004379	
746.746019  1  0.004381	
746.999917  1  0.004383	
747.252455  1  0.004385	
747.503655  1  0.004387	
747.753544  1  0.004389	
748.002145  1  0.004391	
748.249483  1  0.004393	
748.495580  1  0.004395	
748.740460  1  0.004397	
748.984147  1  0.004400	
749.226662  1  0.004402	
749.468028  1  0.004404	
749.708267  1  0.004406	
749.947401  1  0.004408	
750.185453  1  0.004410	
750.422442  1  0.004412	
750.658390  1  0.004414	
750.893319  1  0.004416	
751.127248  1  0.004418	
751.360199  1  0.004420	
751.592192  1  0.004422	
751.823247  1  0.004424	
752.053383  1  0.004425	
752.282621  1  0.004427	
752.510980  1  0.004429	
752.738480  1  0.004431	
752.965139  1  0.004433	
753.190978  1  0.004435	
753.416015  1  0.004437	
753.640269  1  0.004439	
753.863759  1  0.004441	
754.086504  1  0.004443	
754.308522  1  0.004445	
754.529831  1  0.004447	
754.750451  1  0.004449	
754.970400  1  0.004451	
755.189695  1  0.004453	
755.408356  1  0.004454	
755.626400  1  0.004456	
755.843845  1  0.004458	
756.060710  1  0.004460	
756.277013  1  0.004462	
756.492771  1  0.004464	
756.708003  1  0.004466	
756.922728  1  0.004468	
757.136962  1  0.004470	
757.350724  1  0.004472	
757.564033  1  0.004474	
757.776906  1  0.004475	
757.989362  1  0.004477	
758.201419  1  0.004479	
758.413095  1  0.004481	
758.624408  1  0.004483	
758.835378  1  0.004485	
759.046022  1  0.004487	
759.256360  1  0.004489	
759.466410  1  0.004491	
759.676191  1  0.004493	
759.885722  1  0.004495	
760.095023  1  0.004497	
760.304111  1  0.004499	
760.513008  1  0.004501	
760.721733  1  0.004503	
760.930306  1  0.004504	
761.138746  1  0.004506	
761.347074  1  0.004508	
761.555311  1  0.004510	
761.763477  1  0.004512	
761.971593  1  0.004514	
762.179681  1  0.004516	
762.387763  1  0.004518	
762.595860  1  0.004520	
762.804038  1  0.004523	
763.012286  1  0.004525	
763.220619  1  0.004527	
763.429058  1  0.004529	
763.637626  1  0.004531	
763.846345  1  0.004533	
764.055242  1  0.004535	
764.264341  1  0.004537	
764.473666  1  0.004539	
764.683246  1  0.004541	
764.893105  1  0.004544	
765.103272  1  0.004546	
765.313774  1  0.004548	
765.524639  1  0.004550	
765.735897  1  0.004552	
765.947421  1  0.004555	
766.159232  1  0.004557	
766.371360  1  0.004559	
766.583836  1  0.004562	
766.796694  1  0.004564	
767.009965  1  0.004566	
767.223684  1  0.004569	
767.437885  1  0.004571	
767.652604  1  0.004573	
767.867876  1  0.004576	
768.083741  1  0.004578	
768.300235  1  0.004581	
768.517398  1  0.004583	
768.735270  1  0.004586	
768.953894  1  0.004589	
769.173312  1  0.004591	
769.393568  1  0.004594	
769.614708  1  0.004597	
769.836779  1  0.004599	
770.059829  1  0.004602	
770.283908  1  0.004605	
770.509069  1  0.004608	
770.735365  1  0.004611	
770.962851  1  0.004613	
771.191585  1  0.004616	
771.421626  1  0.004619	
771.653037  1  0.004622	
771.885881  1  0.004626	
772.120226  1  0.004629	
772.356139  1  0.004632	
772.593695  1  0.004635	
772.832967  1  0.004638	
773.074033  1  0.004642	
773.316976  1  0.004645	
773.561881  1  0.004649	
773.808835  1  0.004652	
774.057932  1  0.004656	
774.309269  1  0.004660	
774.562948  1  0.004663	
774.819074  1  0.004667	
775.077761  1  0.004671	
775.339124  1  0.004675	
775.603285  1  0.004679	
775.870375  1  0.004683	
776.140527  1  0.004687	
776.413886  1  0.004692	
776.690601  1  0.004696	
776.970798  1  0.004701	
777.254532  1  0.004705	
777.541974  1  0.004710	
777.833307  1  0.004715	
778.128721  1  0.004720	
778.428421  1  0.004725	
778.732621  1  0.004730	
779.041549  1  0.004735	
779.355448  1  0.004740	
779.674576  1  0.004746	
779.999205  1  0.004751	
780.329626  1  0.004757	
780.666152  1  0.004763	
781.009113  1  0.004769	
781.358864  1  0.004775	
781.715784  1  0.004782	
782.080280  1  0.004788	
782.452788  1  0.004795	
782.833775  1  0.004802	
783.223819  1  0.004809	
783.623339  1  0.004816	
784.032963  1  0.004823	
784.453173  1  0.004831	
784.884639  1  0.004839	
785.328091  1  0.004847	
785.784324  1  0.004855	
786.254201  1  0.004863	
786.738662  1  0.004872	
787.238733  1  0.004881	
787.755537  1  0.004890	
788.290301  1  0.004899	
788.844374  1  0.004909	
789.419237  1  0.004919	
790.016521  1  0.004929	
790.638022  1  0.004940	
791.285725  1  0.004950	
791.961819  1  0.004962	
792.668727  1  0.004973	
793.409125  1  0.004985	
794.185968  1  0.004997	
795.002516  1  0.005009	
795.862352  1  0.005022	
796.769400  1  0.005035	
797.727926  1  0.005049	
798.686452  1  0.005063	
799.644977  1  0.005076	
800.603503  1  0.005089	
801.562029  1  0.005101	
802.520555  1  0.005113	
803.479080  1  0.005125	
804.437606  1  0.005137	
805.396132  1  0.005149	
806.354658  1  0.005160	
807.313183  1  0.005171	
808.271709  1  0.005182	
809.230235  1  0.005193	
810.188761  1  0.005204	
811.147286  1  0.005215	
812.105812  1  0.005225	
813.064338  1  0.005236	
814.022863  1  0.005246	
814.981389  1  0.005256	
815.939915  1  0.005266	
816.898441  1  0.005276	
817.856966  1  0.005286	
818.815492  1  0.005296	
819.774018  1  0.005306	
820.732544  1  0.005316	
821.691069  1  0.005326	
822.649595  1  0.005336	
823.608121  1  0.005346	
824.566647  1  0.005356	
825.525172  1  0.005365	
826.483698  1  0.005375	
827.442224  1  0.005385	
828.400749  1  0.005395	
829.359275  1  0.005405	
830.317801  1  0.005414	
831.276327  1  0.005424	
832.234852  1  0.005434	
833.193378  1  0.005444	
834.151904  1  0.005453	
835.110430  1  0.005463	
836.068955  1  0.005473	
837.027481  1  0.005483	
837.986007  1  0.005493	
838.944533  1  0.005502	
839.903058  1  0.005512	
840.861584  1  0.005522	
841.820110  1  0.005532	
842.778635  1  0.005542	
843.737161  1  0.005551	
844.695687  1  0.005561	
845.654213  1  0.005571	
846.612738  1  0.005581	
847.571264  1  0.005591	
848.529790  1  0.005601	
849.488316  1  0.005611	
850.446841  1  0.005620	
851.405367  1  0.005630	
852.363893  1  0.005640	
853.322419  1  0.005650	
854.280944  1  0.005660	
855.239470  1  0.005670	
856.197996  1  0.005680	
857.156521  1  0.005690	
858.115047  1  0.005700	
859.073573  1  0.005710	
860.032099  1  0.005720	
860.990624  1  0.005730	
861.949150  1  0.005740	
862.907676  1  0.005750	
863.866202  1  0.005760	
864.824727  1  0.005770	
865.783253  1  0.005780	
866.741779  1  0.005790	
867.700305  1  0.005800	
868.658830  1  0.005810	
869.617356  1  0.005820	
870.575882  1  0.005830	
871.534407  1  0.005840	
872.492933  1  0.005850	
873.451459  1  0.005860	
874.409985  1  0.005870	
875.368510  1  0.005880	
876.327036  1  0.005890	
877.285562  1  0.005900	
878.244088  1  0.005910	
879.202613  1  0.005920	
880.161139  1  0.005930	
881.119665  1  0.005940	
882.078191  1  0.005950	
883.036716  1  0.005960	
883.995242  1  0.005970	
884.953768  1  0.005980	
885.912293  1  0.005990	
886.870819  1  0.006000	
887.829345  1  0.006010	
888.787871  1  0.006020	
889.746396  1  0.006031	
890.704922  1  0.006041	
891.663448  1  0.006051	
892.621974  1  0.006061	
893.580499  1  0.006071	
894.539025  1  0.006081	
895.497551  1  0.006091	
896.456076  1  0.006101	
897.414602  1  0.006111	
898.373128  1  0.006121	
899.331654  1  0.006131	
900.290179  1  0.006141	
901.248705  1  0.006152	
902.207231  1  0.006162	
903.165757  1  0.006172	
904.124282  1  0.006182	
905.082808  1  0.006192	
906.041334  1  0.006202	
906.999860  1  0.006212	
907.958385  1  0.006222	
908.916911  1  0.006232	
909.875437  1  0.006242	
910.833962  1  0.006253	
911.792488  1  0.006263	
912.751014  1  0.006273	
913.709540  1  0.006283	
914.668065  1  0.006293	
915.626591  1  0.006303	
916.585117  1  0.006313	
917.543643  1  0.006323	
918.502168  1  0.006333	
919.460694  1  0.006344	
920.419220  1  0.006354	
921.377746  1  0.006364	
922.336271  1  0.006374	
923.294797  1  0.006384	
924.253323  1  0.006394	
925.211848  1  0.006404	
926.170374  1  0.006414	
927.128900  1  0.006425	
928.087426  1  0.006435	
929.045951  1  0.006445	
930.004477  1  0.006455	
930.963003  1  0.006465	
931.921529  1  0.006475	
932.880054  1  0.006485	
933.838580  1  0.006495	
934.797106  1  0.006505	
935.755632  1  0.006515	
936.714157  1  0.006526	
937.672683  1  0.006536	
938.631209  1  0.006546	
939.589734  1  0.006556	
940.548260  1  0.006566	
941.506786  1  0.006576	
942.465312  1  0.006586	
943.423837  1  0.006596	
944.382363  1  0.006606	
945.340889  1  0.006617	
946.299415  1  0.006627	
947.257940  1  0.006637	
948.216466  1  0.006647	
949.174992  1  0.006657	
950.133518  1  0.006667	
951.092043  1  0.006677	
952.050569  1  0.006687	
953.009095  1  0.006697	
953.967620  1  0.006707	
954.926146  1  0.006718	
955.884672  1  0.006728	
956.843198  1  0.006738	
957.801723  1  0.006748	
958.760249  1  0.006758	
959.718775  1  0.006768	
960.677301  1  0.006778	
961.635826  1  0.006788	
962.594352  1  0.006798	
963.552878  1  0.006808	
964.511404  1  0.006818	
965.469929  1  0.006829	
966.428455  1  0.006839	
967.386981  1  0.006849	
968.345506  1  0.006859	
969.304032  1  0.006869	
970.262558  1  0.006879	
971.221084  1  0.006889	
972.179609  1  0.006899	
973.138135  1  0.006909	
974.096661  1  0.006919	
975.055187  1  0.006929	
976.013712  1  0.006939	
976.972238  1  0.006949	
977.930764  1  0.006959	
978.889290  1  0.006969	
979.847815  1  0.006980	
980.806341  1  0.006990	
981.764867  1  0.007000	
982.723392  1  0.007010	
983.681918  1  0.007020	
984.640444  1  0.007030	
985.598970  1  0.007040	
986.557495  1  0.007050	
987.516021  1  0.007060	
988.474547  1  0.007070	
989.433073  1  0.007080	
990.391598  1  0.007090	
991.350124  1  0.007100	
992.308650  1  0.007110	
993.267176  1  0.007120	
994.225701  1  0.007130	
995.184227  1  0.007140	
996.142753  1  0.007150	
997.101278  1  0.007160	
998.059804  1  0.007170	
999.018330  1  0.007180	
999.976856  1  0.007190	
1000.935381  1  0.007200	
1001.893907  1  0.007210	
1002.852433  1  0.007220	
1003.810959  1  0.007230	
1004.769484  1  0.007240	
1005.728010  1  0.007250	
1006.686536  1  0.007260	
1007.645061  1  0.007270	
1008.603587  1  0.007280	
1009.562113  1  0.007290	
1010.520639  1  0.007300	
1011.479164  1  0.007310	
1012.437690  1  0.007320	
1013.396216  1  0.007330	
1014.354742  1  0.007340	
1015.313267  1  0.007350	
1016.271793  1  0.007360	
1017.230319  1  0.007370	
1018.188845  1  0.007380	
1019.147370  1  0.007390	
1020.105896  1  0.007400	
1021.064422  1  0.007410	
1022.022947  1  0.007420	
1022.981473  1  0.007430	
1023.939999  1  0.007440	
1024.898525  1  0.007449	
1025.857050  1  0.007459	
1026.815576  1  0.007469	
1027.774102  1  0.007479	
1028.732628  1  0.007489	
1029.691153  1  0.007499	
1030.649679  1  0.007509	
1031.608205  1  0.007519	
1032.566731  1  0.007529	
1033.525256  1  0.007539	
1034.483782  1  0.007549	
1035.442308  1  0.007559	
1036.400833  1  0.007568	
1037.359359  1  0.007578	
1038.317885  1  0.007588	
1039.276411  1  0.007598	
1040.234936  1  0.007608	
1041.193462  1  0.007618	
1042.151988  1  0.007628	
1043.110514  1  0.007638	
1044.069039  1  0.007647	
1045.027565  1  0.007657	
1045.986091  1  0.007667	
1046.944617  1  0.007677	
1047.903142  1  0.007687	
1048.861668  1  0.007697	
1049.820194  1  0.007707	
1050.778719  1  0.007716	
1051.737245  1  0.007726	
1052.695771  1  0.007736	
1053.654297  1  0.007746	
1054.612822  1  0.007756	
1055.571348  1  0.007766	
1056.529874  1  0.007775	
1057.488400  1  0.007785	
1058.446925  1  0.007795	
1059.405451  1  0.007805	
1060.363977  1  0.007815	
1061.322503  1  0.007825	
1062.281028  1  0.007834	
1063.239554  1  0.007844	
1064.198080  1  0.007854	
1065.156605  1  0.007864	
1066.115131  1  0.007873	
1067.073657  1  0.007883	
1068.032183  1  0.007893	
1068.990708  1  0.007903	
1069.949234  1  0.007913	
1070.907760  1  0.007922	
1071.866286  1  0.007932	
1072.824811  1  0.007942	
1073.783337  1  0.007952	
1074.741863  1  0.007961	
1075.700389  1  0.007971	
1076.658914  1  0.007981	
1077.617440  1  0.007991	
1078.575966  1  0.008000	
1079.534491  1  0.008010	
1080.493017  1  0.008020	
1081.451543  1  0.008029	
1082.410069  1  0.008039	
1083.368594  1  0.008049	
1084.327120  1  0.008059	
1085.285646  1  0.008068	
1086.244172  1  0.008078	
1087.202697  1  0.008088	
1088.161223  1  0.008097	
1089.119749  1  0.008107	
1090.078275  1  0.008117	
1091.036800  1  0.008126	
1091.995326  1  0.008136	
1092.953852  1  0.008146	
1093.912377  1  0.008155	
1094.870903  1  0.008165	
1095.829429  1  0.008175	
1096.787955  1  0.008184	
1097.746480  1  0.008194	
1098.705006  1  0.008203	
1099.663532  1  0.008213	
1100.622058  1  0.008223	
1101.580583  1  0.008232	
1102.539109  1  0.008242	
1103.497635  1  0.008252	
1104.456161  1  0.008261	
1105.414686  1  0.008271	
1106.373212  1  0.008280	
1107.331738  1  0.008290	
1108.290263  1  0.008299	
1109.248789  1  0.008309	
1110.207315  1  0.008319	
1111.165841  1  0.008328	
1112.124366  1  0.008338	
1113.082892  1  0.008347	
1114.041418  1  0.008357	
1114.999944  1  0.008366	
1115.958469  1  0.008376	
1116.916995  1  0.008385	
1117.875521  1  0.008395	
1118.834047  1  0.008404	
1119.792572  1  0.008414	
1120.751098  1  0.008424	
1121.709624  1  0.008433	
1122.668149  1  0.008443	
1123.626675  1  0.008452	
1124.585201  1  0.008462	
1125.543727  1  0.008471	
1126.502252  1  0.008480	
1127.460778  1  0.008490	
1128.419304  1  0.008499	
1129.377830  1  0.008509	
1130.336355  1  0.008518	
1131.294881  1  0.008528	
1132.253407  1  0.008537	
1133.211932  1  0.008547	
1134.170458  1  0.008556	
1135.128984  1  0.008565	
1136.087510  1  0.008575	
1137.046035  1  0.008584	
1138.004561  1  0.008594	
1138.963087  1  0.008603	
1139.921613  1  0.008613	
1140.880138  1  0.008622	
1141.838664  1  0.008631	
1142.797190  1  0.008641	
1143.755716  1  0.008650	
1144.714241  1  0.008659	
1145.672767  1  0.008669	
1146.631293  1  0.008678	
1147.589818  1  0.008687	
1148.548344  1  0.008697	
1149.506870  1  0.008706	
1150.465396  1  0.008715	
1151.423921  1  0.008725	
1152.382447  1  0.008734	
1153.340973  1  0.008743	
1154.299499  1  0.008753	
1155.258024  1  0.008762	
1156.216550  1  0.008771	
1157.175076  1  0.008781	
1158.133602  1  0.008790	
1159.092127  1  0.008799	
1160.050653  1  0.008808	
1160.207557  1  0.008810	
1160.379195  1  0.008811	
1160.587167  1  0.008813	
1160.787795  1  0.008814	
1161.009120  1  0.008816	
1161.252145  1  0.008818	
1161.511910  1  0.008820	
1161.786730  1  0.008823	
1162.074795  1  0.008825	
1162.375993  1  0.008828	
1162.689163  1  0.008831	
1163.013715  1  0.008834	
1163.349498  1  0.008838	
1163.696508  1  0.008841	
1164.054753  1  0.008845	
1164.424221  1  0.008848	
1164.802499  1  0.008852	
1165.190439  1  0.008856	
1165.587288  1  0.008859	
1165.982928  1  0.008863	
1166.393775  1  0.008867	
1166.815054  1  0.008871	
1167.238657  1  0.008875	
1167.669382  1  0.008879	
1168.106022  1  0.008883	
1168.542255  1  0.008886	
1168.984193  1  0.008890	
1169.428625  1  0.008895	
1169.875977  1  0.008899	
1170.319794  1  0.008902	
1170.767193  1  0.008906	
1171.217265  1  0.008911	
1171.669750  1  0.008915	
1172.118439  1  0.008919	
1172.570212  1  0.008922	
1173.024232  1  0.008927	
1173.480303  1  0.008931	
1173.932029  1  0.008934	
1174.386464  1  0.008938	
1174.842030  1  0.008942	
1175.298998  1  0.008946	
1175.751450  1  0.008950	
1176.206636  1  0.008954	
1176.663674  1  0.008958	
1177.117370  1  0.008962	
1177.572995  1  0.008966	
1178.029748  1  0.008970	
1178.487236  1  0.008974	
1178.939868  1  0.008978	
1179.393693  1  0.008982	
1179.847940  1  0.008986	
1180.302354  1  0.008990	
1180.752557  1  0.008994	
1181.203695  1  0.008998	
1181.655247  1  0.009001	
1182.107133  1  0.009005	
1182.555369  1  0.009009	
1183.004811  1  0.009013	
1183.454947  1  0.009017	
1183.905706  1  0.009021	
1184.353039  1  0.009025	
1184.798844  1  0.009029	
1185.244887  1  0.009033	
1185.691180  1  0.009037	
1186.137753  1  0.009041	
1186.581216  1  0.009044	
1187.025771  1  0.009048	
1187.470916  1  0.009052	
1187.916589  1  0.009056	
1188.359493  1  0.009060	
1188.803601  1  0.009064	
1189.248417  1  0.009068	
1189.693887  1  0.009072	
1190.136703  1  0.009075	
1190.580818  1  0.009079	
1191.008554  1  0.009083	
1191.414598  1  0.009087	
1191.803356  1  0.009090	
1192.182979  1  0.009093	
1192.554727  1  0.009096	
1192.921442  1  0.009099	
1193.281607  1  0.009102	
1193.638832  1  0.009105	
1193.993260  1  0.009107	
1194.345203  1  0.009110	
1194.692507  1  0.009113	
1195.038179  1  0.009116	
1195.382102  1  0.009118	
1195.724393  1  0.009121	
1196.063025  1  0.009124	
1196.400560  1  0.009126	
1196.736843  1  0.009129	
1197.071926  1  0.009132	
1197.404011  1  0.009135	
1197.735296  1  0.009137	
1198.065674  1  0.009140	
1198.395195  1  0.009143	
1198.722256  1  0.009145	
1199.048848  1  0.009148	
1199.374874  1  0.009150	
1199.700380  1  0.009153	
1200.023794  1  0.009156	
1200.347048  1  0.009158	
1200.672286  1  0.009160	
1200.985047  1  0.009162	
1201.297534  1  0.009164	
1201.609875  1  0.009166	
1201.922101  1  0.009169	
1202.234216  1  0.009171	
1202.546228  1  0.009174	
1202.858152  1  0.009176	
1203.170010  1  0.009179	
1203.481831  1  0.009181	
1203.793521  1  0.009184	
1204.107148  1  0.009187	
1204.420969  1  0.009189	
1204.728388  1  0.009192	
1205.037770  1  0.009194	
1205.347383  1  0.009197	
1205.656997  1  0.009200	
1205.966601  1  0.009202	
1206.276218  1  0.009205	
1206.585873  1  0.009207	
1206.895593  1  0.009210	
1207.205400  1  0.009213	
1207.508635  1  0.009214	
1207.812954  1  0.009216	
1208.117550  1  0.009219	
1208.421241  1  0.009221	
1208.725240  1  0.009223	
1209.029396  1  0.009226	
1209.332463  1  0.009228	
1209.635315  1  0.009231	
1209.938088  1  0.009233	
1210.240050  1  0.009235	
1210.542220  1  0.009238	
1210.844499  1  0.009240	
1211.146056  1  0.009243	
1211.447854  1  0.009245	
1211.749772  1  0.009248	
1212.051001  1  0.009250	
1212.352451  1  0.009252	
1212.654002  1  0.009255	
1212.954881  1  0.009257	
1213.255946  1  0.009260	
1213.556597  1  0.009262	
1213.857380  1  0.009265	
1214.157753  1  0.009267	
1214.458245  1  0.009269	
1214.758336  1  0.009272	
1215.058545  1  0.009274	
1215.358372  1  0.009277	
1215.658332  1  0.009279	
1215.957939  1  0.009282	
1216.257707  1  0.009284	
1216.557154  1  0.009287	
1216.856796  1  0.009289	
1217.156148  1  0.009291	
1217.455727  1  0.009294	
1217.755043  1  0.009296	
1218.054611  1  0.009299	
1218.353937  1  0.009301	
1218.653534  1  0.009304	
1218.952904  1  0.009306	
1219.252561  1  0.009308	
1219.552449  1  0.009311	
1219.851483  1  0.009313	
1220.150340  1  0.009316	
1220.448954  1  0.009318	
1220.747537  1  0.009321	
1221.045817  1  0.009323	
1221.344239  1  0.009326	
1221.642442  1  0.009328	
1221.940880  1  0.009331	
1222.239137  1  0.009333	
1222.537666  1  0.009335	
1222.836026  1  0.009338	
1223.134671  1  0.009340	
1223.433149  1  0.009343	
1223.731914  1  0.009345	
1224.030515  1  0.009348	
1224.328906  1  0.009350	
1224.627646  1  0.009352	
1224.926319  1  0.009355	
1225.225324  1  0.009357	
1225.524222  1  0.009360	
1225.823419  1  0.009362	
1226.122478  1  0.009365	
1226.421801  1  0.009367	
1226.720959  1  0.009370	
1227.020350  1  0.009372	
1227.319555  1  0.009374	
1227.618960  1  0.009377	
1227.918161  1  0.009379	
1228.217534  1  0.009382	
1228.516685  1  0.009384	
1228.815983  1  0.009387	
1229.115048  1  0.009389	
1229.414239  1  0.009392	
1229.713190  1  0.009394	
1230.012255  1  0.009397	
1230.311080  1  0.009399	
1230.610027  1  0.009401	
1230.908732  1  0.009404	
1231.207566  1  0.009406	
1231.506171  1  0.009409	
1231.804921  1  0.009411	
1232.103457  1  0.009414	
1232.402155  1  0.009416	
1232.700655  1  0.009419	
1232.999334  1  0.009421	
1233.297829  1  0.009423	
1233.596517  1  0.009426	
1233.895033  1  0.009428	
1234.193753  1  0.009431	
1234.492310  1  0.009433	
1234.790915  1  0.009436	
1235.089553  1  0.009438	
1235.388225  1  0.009440	
1235.686874  1  0.009443	
1235.985227  1  0.009445	
1236.283322  1  0.009448	
1236.581192  1  0.009450	
1236.878877  1  0.009453	
1237.176416  1  0.009455	
1237.473849  1  0.009458	
1237.771208  1  0.009460	
1238.068520  1  0.009462	
1238.365804  1  0.009465	
1238.663078  1  0.009467	
1238.960352  1  0.009470	
1239.257636  1  0.009472	
1239.554938  1  0.009475	
1239.852261  1  0.009477	
1240.149611  1  0.009479	
1240.446991  1  0.009482	
1240.744404  1  0.009484	
1241.041852  1  0.009487	
1241.339340  1  0.009489	
1241.636697  1  0.009491	
1241.933723  1  0.009494	
1242.230561  1  0.009496	
1242.527287  1  0.009499	
1242.823938  1  0.009501	
1243.120538  1  0.009503	
1243.417098  1  0.009506	
1243.713626  1  0.009508	
1244.010125  1  0.009511	
1244.306597  1  0.009513	
1244.603042  1  0.009516	
1244.899458  1  0.009518	
1245.195845  1  0.009520	
1245.492200  1  0.009523	
1245.788519  1  0.009525	
1246.084802  1  0.009528	
1246.381045  1  0.009530	
1246.677246  1  0.009532	
1246.973405  1  0.009535	
1247.269521  1  0.009537	
1247.565596  1  0.009540	
1247.861630  1  0.009542	
1248.157627  1  0.009545	
1248.453592  1  0.009547	
1248.749529  1  0.009549	
1249.045443  1  0.009552	
1249.341340  1  0.009554	
1249.637227  1  0.009557	
1249.933109  1  0.009559	
1250.228991  1  0.009562	
1250.524880  1  0.009564	
1250.820779  1  0.009566	
1251.116694  1  0.009569	
1251.412627  1  0.009571	
1251.708583  1  0.009574	
1252.004564  1  0.009576	
1252.300573  1  0.009578	
1252.596613  1  0.009581	
1252.892685  1  0.009583	
1253.188792  1  0.009586	
1253.484935  1  0.009588	
1253.781116  1  0.009591	
1254.105472  1  0.009593	
1254.363010  1  0.009595	
1254.651740  1  0.009597	
1254.945258  1  0.009600	
1255.267085  1  0.009603	
1255.522938  1  0.009605	
1255.810736  1  0.009607	
1256.103663  1  0.009609	
1256.397827  1  0.009612	
1256.692491  1  0.009614	
1256.987441  1  0.009616	
1257.282589  1  0.009619	
1257.577890  1  0.009621	
1257.873315  1  0.009624	
1258.168845  1  0.009626	
1258.490679  1  0.009629	
1258.746643  1  0.009631	
1259.035135  1  0.009633	
1259.328811  1  0.009635	
1259.623729  1  0.009638	
1259.919133  1  0.009640	
1260.214798  1  0.009643	
1260.510624  1  0.009645	
1260.806556  1  0.009648	
1261.102559  1  0.009650	
1261.398604  1  0.009652	
1261.694670  1  0.009655	
1261.990741  1  0.009657	
1262.286800  1  0.009660	
1262.582837  1  0.009662	
1262.878842  1  0.009665	
1263.174806  1  0.009667	
1263.470724  1  0.009669	
1263.766589  1  0.009672	
1264.062400  1  0.009674	
1264.358153  1  0.009677	
1264.653849  1  0.009679	
1264.949487  1  0.009682	
1265.245069  1  0.009684	
1265.540598  1  0.009686	
1265.836077  1  0.009689	
1266.131510  1  0.009691	
1266.426901  1  0.009694	
1266.722255  1  0.009696	
1267.017577  1  0.009698	
1267.312870  1  0.009701	
1267.608140  1  0.009703	
1267.903390  1  0.009706	
1268.198625  1  0.009708	
1268.493847  1  0.009711	
1268.789061  1  0.009713	
1269.084268  1  0.009715	
1269.379471  1  0.009718	
1269.674673  1  0.009720	
1269.969876  1  0.009723	
1270.265081  1  0.009725	
1270.560291  1  0.009727	
1270.855507  1  0.009730	
1271.150701  1  0.009732	
1271.445675  1  0.009734	
1271.758863  1  0.009737	
1272.009953  1  0.009739	
1272.296698  1  0.009741	
1272.604970  1  0.009744	
1272.853789  1  0.009745	
1273.139389  1  0.009748	
1273.430728  1  0.009750	
1273.679326  1  0.009751	
1273.964707  1  0.009753	
1274.255821  1  0.009756	
1274.548384  1  0.009758	
1274.841597  1  0.009760	
1275.135227  1  0.009762	
1275.429173  1  0.009765	
1275.723379  1  0.009767	
1276.017809  1  0.009769	
1276.312439  1  0.009772	
1276.607262  1  0.009774	
1276.902244  1  0.009776	
1277.048884  1  0.009777	
1277.207087  1  0.009778	
1277.395773  1  0.009780	
1277.578780  1  0.009781	
1277.789250  1  0.009782	
1278.019227  1  0.009784	
1278.265266  1  0.009786	
1278.513997  1  0.009788	
1278.787901  1  0.009790	
1279.075502  1  0.009793	
1279.369155  1  0.009796	
1279.663579  1  0.009798	
1279.958507  1  0.009801	
1280.253812  1  0.009803	
1280.504202  1  0.009805	
1280.792148  1  0.009808	
1281.085838  1  0.009810	
1281.380847  1  0.009813	
1281.630849  1  0.009814	
1281.918833  1  0.009817	
1282.212670  1  0.009819	
1282.461779  1  0.009821	
1282.749536  1  0.009823	
1283.043341  1  0.009826	
1283.292278  1  0.009828	
1283.580103  1  0.009830	
1283.885016  1  0.009832	
1284.133449  1  0.009834	
1284.421304  1  0.009837	
1284.715432  1  0.009839	
1284.964415  1  0.009841	
1285.252681  1  0.009843	
1285.557598  1  0.009845	
1285.806301  1  0.009847	
1286.094759  1  0.009850	
1286.389480  1  0.009852	
1286.685848  1  0.009854	
1286.994585  1  0.009857	
1287.245081  1  0.009859	
1287.534854  1  0.009861	
1287.830648  1  0.009863	
1288.127961  1  0.009866	
1288.425960  1  0.009868	
1288.736046  1  0.009871	
1288.994575  1  0.009873	
1289.285359  1  0.009875	
1289.592072  1  0.009877	
1289.848095  1  0.009879	
1290.085884  1  0.009881	
1290.315591  1  0.009883	
1290.541099  1  0.009884	
1290.764172  1  0.009885	
1290.985712  1  0.009886	
1291.206232  1  0.009888	
1291.426059  1  0.009889	
1291.645429  1  0.009890	
1291.864511  1  0.009891	
1292.083406  1  0.009893	
1292.302214  1  0.009894	
1292.520968  1  0.009896	
1292.739688  1  0.009897	
1292.958394  1  0.009898	
1293.177116  1  0.009899	
1293.395881  1  0.009901	
1293.614718  1  0.009902	
1293.833648  1  0.009903	
1294.052707  1  0.009905	
1294.271916  1  0.009906	
1294.491290  1  0.009907	
1294.710848  1  0.009909	
1294.930613  1  0.009910	
1295.150607  1  0.009911	
1295.370773  1  0.009913	
1295.591099  1  0.009914	
1295.811595  1  0.009916	
1296.032267  1  0.009917	
1296.253121  1  0.009918	
1296.474161  1  0.009919	
1296.695403  1  0.009921	
1296.916855  1  0.009922	
1297.138521  1  0.009923	
1297.360399  1  0.009925	
1297.582492  1  0.009926	
1297.804786  1  0.009928	
1298.027266  1  0.009929	
1298.249915  1  0.009930	
1298.472734  1  0.009932	
1298.695725  1  0.009933	
1298.918885  1  0.009934	
1299.142204  1  0.009936	
1299.365684  1  0.009937	
1299.589319  1  0.009939	
1299.813109  1  0.009940	
1300.037041  1  0.009941	
1300.261106  1  0.009943	
1300.485299  1  0.009944	
1300.709628  1  0.009945	
1300.934101  1  0.009947	
1301.158726  1  0.009948	
1301.383510  1  0.009950	
1301.608455  1  0.009951	
1301.833573  1  0.009952	
1302.058879  1  0.009954	
1302.284373  1  0.009955	
1302.510054  1  0.009957	
1302.735855  1  0.009958	
1302.961692  1  0.009959	
1303.187597  1  0.009961	
1303.413587  1  0.009962	
1303.639670  1  0.009964	
1303.865852  1  0.009965	
1304.092125  1  0.009967	
1304.318481  1  0.009968	
1304.544914  1  0.009969	
1304.771432  1  0.009971	
1304.998034  1  0.009972	
1305.224721  1  0.009974	
1305.451496  1  0.009975	
1305.678355  1  0.009976	
1305.905307  1  0.009978	
1306.132358  1  0.009979	
1306.359519  1  0.009981	
1306.586788  1  0.009982	
1306.814166  1  0.009984	
1307.041661  1  0.009985	
1307.269280  1  0.009987	
1307.497028  1  0.009988	
1307.724923  1  0.009989	
1307.952976  1  0.009991	
1308.181194  1  0.009992	
1308.409584  1  0.009994	
1308.638145  1  0.009995	
1308.867063  1  0.009997	
1309.096282  1  0.009998	
1309.325746  1  0.009999	
1309.555423  1  0.010001	
1309.785282  1  0.010002	
1310.015296  1  0.010004	
1310.245441  1  0.010005	
1310.475694  1  0.010007	
1310.706039  1  0.010008	
1310.936452  1  0.010010	
1311.166920  1  0.010011	
1311.397434  1  0.010013	
1311.627996  1  0.010014	
1311.858611  1  0.010016	
1312.089279  1  0.010017	
1312.320003  1  0.010019	
1312.550785  1  0.010020	
1312.781633  1  0.010022	
1313.012541  1  0.010023	
1313.243516  1  0.010025	
1313.474563  1  0.010026	
1313.705697  1  0.010028	
1313.936929  1  0.010029	
1314.168267  1  0.010030	
1314.399716  1  0.010032	
1314.631240  1  0.010034	
1314.862666  1  0.010035	
1315.094013  1  0.010036	
1315.325288  1  0.010038	
1315.556504  1  0.010039	
1315.787672  1  0.010041	
1316.018806  1  0.010042	
1316.249920  1  0.010044	
1316.481030  1  0.010045	
1316.712151  1  0.010047	
1316.943291  1  0.010048	
1317.174463  1  0.010049	
1317.405680  1  0.010051	
1317.636963  1  0.010052	
1317.868237  1  0.010054	
1318.099217  1  0.010055	
1318.329982  1  0.010057	
1318.560650  1  0.010058	
1318.791162  1  0.010060	
1319.021605  1  0.010061	
1319.252012  1  0.010062	
1319.482414  1  0.010064	
1319.712828  1  0.010065	
1319.943278  1  0.010067	
1320.173776  1  0.010068	
1320.404324  1  0.010070	
1320.634930  1  0.010071	
1320.865596  1  0.010073	
1321.096318  1  0.010074	
1321.327091  1  0.010075	
1321.557919  1  0.010077	
1321.788806  1  0.010078	
1322.019750  1  0.010080	
1322.250754  1  0.010081	
1322.481813  1  0.010083	
1322.712920  1  0.010084	
1322.944079  1  0.010086	
1323.175284  1  0.010087	
1323.406524  1  0.010088	
1323.637800  1  0.010090	
1323.869117  1  0.010091	
1324.100484  1  0.010093	
1324.331898  1  0.010094	
1324.563364  1  0.010096	
1324.794883  1  0.010097	
1325.026457  1  0.010099	
1325.258091  1  0.010100	
1325.489795  1  0.010102	
1325.721539  1  0.010103	
1325.953262  1  0.010105	
1326.184972  1  0.010106	
1326.416621  1  0.010108	
1326.648198  1  0.010109	
1326.879704  1  0.010111	
1327.111149  1  0.010112	
1327.342546  1  0.010114	
1327.573924  1  0.010115	
1327.805274  1  0.010117	
1328.036603  1  0.010118	
1328.267935  1  0.010120	
1328.499288  1  0.010121	
1328.730671  1  0.010123	
1328.962100  1  0.010124	
1329.193535  1  0.010126	
1329.424951  1  0.010127	
1329.656336  1  0.010129	
1329.887719  1  0.010130	
1330.119097  1  0.010132	
1330.350448  1  0.010133	
1330.581738  1  0.010135	
1330.812997  1  0.010137	
1331.044234  1  0.010138	
1331.275473  1  0.010140	
1331.506726  1  0.010141	
1331.738003  1  0.010143	
1331.969300  1  0.010144	
1332.200620  1  0.010146	
1332.431961  1  0.010147	
1332.663322  1  0.010149	
1332.894701  1  0.010150	
1333.126095  1  0.010152	
1333.357504  1  0.010153	
1333.588927  1  0.010155	
1333.820374  1  0.010156	
1334.051859  1  0.010158	
1334.283398  1  0.010159	
1334.514990  1  0.010161	
1334.746633  1  0.010162	
1334.978325  1  0.010164	
1335.210349  1  0.010164	
1335.442135  1  0.010166	
1335.674039  1  0.010168	
1335.906104  1  0.010170	
1336.138349  1  0.010171	
1336.370767  1  0.010173	
1336.603340  1  0.010174	
1336.836047  1  0.010176	
1337.068907  1  0.010177	
1337.301858  1  0.010179	
1337.534836  1  0.010180	
1337.767826  1  0.010182	
1338.000827  1  0.010184	
1338.233847  1  0.010185	
1338.466892  1  0.010187	
1338.699966  1  0.010188	
1338.933076  1  0.010190	
1339.166614  1  0.010191	
1339.399811  1  0.010192	
1339.632750  1  0.010194	
1339.865618  1  0.010195	
1340.098420  1  0.010197	
1340.331147  1  0.010198	
1340.563782  1  0.010200	
1340.796310  1  0.010201	
1341.028724  1  0.010202	
1341.260997  1  0.010204	
1341.493115  1  0.010205	
1341.725036  1  0.010207	
1341.956749  1  0.010208	
1342.188201  1  0.010210	
1342.419415  1  0.010211	
1342.650393  1  0.010213	
1342.881047  1  0.010214	
1343.111331  1  0.010215	
1343.341266  1  0.010217	
1343.570755  1  0.010218	
1343.799779  1  0.010220	
1344.028416  1  0.010221	
1344.256709  1  0.010223	
1344.484714  1  0.010224	
1344.712087  1  0.010225	
1344.938268  1  0.010227	
1345.163506  1  0.010228	
1345.388007  1  0.010229	
1345.611909  1  0.010231	
1345.835365  1  0.010231	
1346.058352  1  0.010233	
1346.280922  1  0.010235	
1346.503139  1  0.010236	
1346.725058  1  0.010237	
1346.946711  1  0.010238	
1347.168185  1  0.010239	
1347.389306  1  0.010241	
1347.609962  1  0.010242	
1347.830262  1  0.010244	
1348.049965  1  0.010245	
1348.268768  1  0.010246	
1348.486863  1  0.010247	
1348.704393  1  0.010249	
1348.921479  1  0.010250	
1349.138221  1  0.010251	
1349.354692  1  0.010252	
1349.570952  1  0.010254	
1349.787038  1  0.010255	
1350.002993  1  0.010256	
1350.218832  1  0.010257	
1350.434575  1  0.010258	
1350.650231  1  0.010260	
1350.865818  1  0.010261	
1351.081344  1  0.010262	
1351.296815  1  0.010263	
1351.512237  1  0.010264	
1351.727351  1  0.010266	
1351.942027  1  0.010267	
1352.156311  1  0.010268	
1352.370255  1  0.010269	
1352.583919  1  0.010270	
1352.797355  1  0.010271	
1353.010608  1  0.010272	
1353.223716  1  0.010273	
1353.436709  1  0.010274	
1353.649611  1  0.010275	
1353.862007  1  0.010277	
1354.073612  1  0.010278	
1354.284589  1  0.010279	
1354.495071  1  0.010280	
1354.705175  1  0.010281	
1354.914994  1  0.010282	
1355.124601  1  0.010283	
1355.334052  1  0.010284	
1355.543386  1  0.010285	
1355.752641  1  0.010286	
1355.961820  1  0.010288	
1356.170962  1  0.010288	
1356.379963  1  0.010289	
1356.588844  1  0.010290	
1356.797334  1  0.010291	
1357.005320  1  0.010292	
1357.212835  1  0.010293	
1357.419937  1  0.010294	
1357.626707  1  0.010295	
1357.833215  1  0.010296	
1358.039529  1  0.010297	
1358.245699  1  0.010298	
1358.451766  1  0.010299	
1358.657763  1  0.010300	
1358.863715  1  0.010301	
1359.069602  1  0.010302	
1359.275408  1  0.010304	
1359.481161  1  0.010305	
1359.686883  1  0.010306	
1359.892594  1  0.010307	
1360.098311  1  0.010308	
1360.304048  1  0.010309	
1360.509813  1  0.010310	
1360.715615  1  0.010311	
1360.921453  1  0.010312	
1361.127329  1  0.010313	
1361.333246  1  0.010314	
1361.539104  1  0.010314	
1361.744728  1  0.010315	
1361.950021  1  0.010316	
1362.154646  1  0.010317	
1362.358335  1  0.010318	
1362.561159  1  0.010319	
1362.763300  1  0.010320	
1362.964936  1  0.010321	
1363.166213  1  0.010322	
1363.367247  1  0.010323	
1363.568119  1  0.010324	
1363.768893  1  0.010325	
1363.969613  1  0.010325	
1364.170318  1  0.010326	
1364.371036  1  0.010327	
1364.571786  1  0.010328	
1364.772584  1  0.010329	
1364.973441  1  0.010330	
1365.174338  1  0.010331	
1365.375275  1  0.010332	
1365.576079  1  0.010332	
1365.776629  1  0.010333	
1365.976921  1  0.010334	
1366.176994  1  0.010335	
1366.376910  1  0.010336	
1366.576725  1  0.010336	
1366.776489  1  0.010337	
1366.976236  1  0.010338	
1367.176055  1  0.010338	
1367.375750  1  0.010339	
1367.575455  1  0.010340	
1367.775127  1  0.010341	
1367.974742  1  0.010342	
1368.174325  1  0.010343	
1368.373916  1  0.010344	
1368.573747  1  0.010345	
1368.773586  1  0.010345	
1368.973253  1  0.010346	
1369.172709  1  0.010347	
1369.371984  1  0.010348	
1369.571129  1  0.010348	
1369.770202  1  0.010349	
1369.969251  1  0.010350	
1370.168322  1  0.010351	
1370.367158  1  0.010352	
1370.565350  1  0.010353	
1370.762806  1  0.010354	
1370.959682  1  0.010355	
1371.156516  1  0.010355	
1371.353126  1  0.010356	
1371.549343  1  0.010356	
1371.745170  1  0.010357	
1371.940665  1  0.010358	
1372.135919  1  0.010358	
1372.330974  1  0.010359	
1372.525864  1  0.010360	
1372.720665  1  0.010361	
1372.915440  1  0.010361	
1373.110245  1  0.010362	
1373.305646  1  0.010363	
1373.501299  1  0.010363	
1373.696866  1  0.010364	
1373.892209  1  0.010364	
1374.087305  1  0.010365	
1374.282218  1  0.010366	
1374.477019  1  0.010367	
1374.671776  1  0.010367	
1374.866550  1  0.010368	
1375.062069  1  0.010368	
1375.257961  1  0.010369	
1375.453823  1  0.010370	
1375.649487  1  0.010370	
1375.844913  1  0.010371	
1376.040162  1  0.010372	
1376.235311  1  0.010372	
1376.431253  1  0.010373	
1376.627612  1  0.010373	
1376.823941  1  0.010374	
1377.020088  1  0.010374	
1377.216020  1  0.010375	
1377.411753  1  0.010376	
1377.608324  1  0.010375	
1377.805301  1  0.010376	
1378.002157  1  0.010376	
1378.198551  1  0.010377	
1378.395113  1  0.010377	
1378.591093  1  0.010377	
1378.786053  1  0.010378	
1378.980001  1  0.010379	
1379.173124  1  0.010379	
1379.365639  1  0.010380	
1379.557742  1  0.010381	
1379.749590  1  0.010381	
1379.941308  1  0.010382	
1380.132994  1  0.010383	
1380.324722  1  0.010383	
1380.516544  1  0.010384	
1380.708497  1  0.010385	
1380.900620  1  0.010385	
1381.092940  1  0.010386	
1381.285460  1  0.010387	
1381.478151  1  0.010387	
1381.671007  1  0.010388	
1381.864046  1  0.010389	
1382.057274  1  0.010390	
1382.250688  1  0.010390	
1382.444305  1  0.010391	
1382.638139  1  0.010392	
1382.832203  1  0.010392	
1383.026502  1  0.010393	
1383.221026  1  0.010394	
1383.415766  1  0.010395	
1383.610733  1  0.010395	
1383.805944  1  0.010396	
1384.001417  1  0.010397	
1384.197166  1  0.010397	
1384.393198  1  0.010398	
1384.589361  1  0.010399	
1384.785230  1  0.010400	
1384.980549  1  0.010400	
1385.175350  1  0.010401	
1385.369736  1  0.010402	
1385.563828  1  0.010402	
1385.757760  1  0.010403	
1385.951648  1  0.010404	
1386.145582  1  0.010404	
1386.339633  1  0.010405	
1386.533853  1  0.010406	
1386.728283  1  0.010406	
1386.923100  1  0.010406	
1387.117931  1  0.010407	
1387.312977  1  0.010408	
1387.508191  1  0.010408	
1387.703530  1  0.010409	
1387.899025  1  0.010410	
1388.094685  1  0.010410	
1388.290528  1  0.010411	
1388.486581  1  0.010412	
1388.682868  1  0.010413	
1388.879388  1  0.010413	
1389.076128  1  0.010414	
1389.273104  1  0.010415	
1389.470330  1  0.010415	
1389.667829  1  0.010416	
1389.865619  1  0.010417	
1390.063470  1  0.010418	
1390.260899  1  0.010418	
1390.457792  1  0.010419	
1390.654163  1  0.010420	
1390.850134  1  0.010421	
1391.045861  1  0.010421	
1391.241477  1  0.010422	
1391.437097  1  0.010422	
1391.632804  1  0.010423	
1391.828664  1  0.010424	
1392.024715  1  0.010424	
1392.220962  1  0.010425	
1392.417426  1  0.010426	
1392.614129  1  0.010426	
1392.811083  1  0.010427	
1393.008304  1  0.010427	
1393.205782  1  0.010428	
1393.403505  1  0.010429	
1393.601478  1  0.010429	
1393.799712  1  0.010430	
1393.998213  1  0.010431	
1394.196985  1  0.010431	
1394.396046  1  0.010432	
1394.595066  1  0.010433	
1394.793706  1  0.010433	
1394.992131  1  0.010433	
1395.189965  1  0.010434	
1395.387393  1  0.010435	
1395.584532  1  0.010435	
1395.781492  1  0.010435	
1395.978314  1  0.010436	
1396.175086  1  0.010437	
1396.371908  1  0.010437	
1396.568854  1  0.010438	
1396.765994  1  0.010439	
1396.963382  1  0.010439	
1397.161059  1  0.010440	
1397.359045  1  0.010441	
1397.557314  1  0.010441	
1397.755853  1  0.010442	
1397.954658  1  0.010442	
1398.153733  1  0.010443	
1398.353082  1  0.010444	
1398.552724  1  0.010444	
1398.752292  1  0.010445	
1398.951340  1  0.010446	
1399.150140  1  0.010446	
1399.348638  1  0.010447	
1399.546876  1  0.010447	
1399.744892  1  0.010448	
1399.942818  1  0.010449	
1400.140745  1  0.010449	
1400.338707  1  0.010450	
1400.536783  1  0.010450	
1400.735015  1  0.010451	
1400.933463  1  0.010451	
1401.132100  1  0.010452	
1401.330986  1  0.010453	
1401.530158  1  0.010453	
1401.729632  1  0.010454	
1401.929607  1  0.010454	
1402.129176  1  0.010454	
1402.327956  1  0.010455	
1402.526555  1  0.010455	
1402.724841  1  0.010456	
1402.922837  1  0.010456	
1403.120644  1  0.010457	
1403.318302  1  0.010457	
1403.516010  1  0.010458	
1403.713781  1  0.010458	
1403.911675  1  0.010459	
1404.109789  1  0.010459	
1404.308141  1  0.010460	
1404.506769  1  0.010461	
1404.705700  1  0.010461	
1404.904960  1  0.010462	
1405.103986  1  0.010462	
1405.302613  1  0.010463	
1405.501269  1  0.010463	
1405.699799  1  0.010464	
1405.898139  1  0.010464	
1406.096449  1  0.010465	
1406.294747  1  0.010465	
1406.493133  1  0.010466	
1406.691683  1  0.010466	
1406.890438  1  0.010467	
1407.089445  1  0.010467	
1407.288139  1  0.010468	
1407.485814  1  0.010469	
1407.683803  1  0.010469	
1407.881727  1  0.010469	
1408.079097  1  0.010469	
1408.276059  1  0.010469	
1408.472704  1  0.010470	
1408.669103  1  0.010470	
1408.865318  1  0.010470	
1409.061399  1  0.010471	
1409.257395  1  0.010471	
1409.453605  1  0.010472	
1409.649875  1  0.010472	
1409.845566  1  0.010473	
1410.040870  1  0.010473	
1410.235891  1  0.010474	
1410.430709  1  0.010474	
1410.625380  1  0.010475	
1410.819955  1  0.010475	
1411.014726  1  0.010476	
1411.209542  1  0.010476	
1411.403774  1  0.010476	
1411.597647  1  0.010477	
1411.791272  1  0.010477	
1411.984720  1  0.010478	
1412.178303  1  0.010478	
1412.371795  1  0.010479	
1412.564860  1  0.010479	
1412.757638  1  0.010479	
1412.950376  1  0.010479	
1413.143058  1  0.010479	
1413.335096  1  0.010479	
1413.526726  1  0.010480	
1413.718074  1  0.010480	
1413.909226  1  0.010480	
1414.100248  1  0.010481	
1414.291188  1  0.010481	
1414.482083  1  0.010482	
1414.672961  1  0.010482	
1414.863840  1  0.010483	
1415.054736  1  0.010483	
1415.245657  1  0.010483	
1415.436610  1  0.010484	
1415.627601  1  0.010484	
1415.818631  1  0.010485	
1416.009702  1  0.010485	
1416.200818  1  0.010485	
1416.391971  1  0.010486	
1416.583166  1  0.010486	
1416.774398  1  0.010486	
1416.965563  1  0.010486	
1417.156708  1  0.010486	
1417.347829  1  0.010486	
1417.538937  1  0.010487	
1417.730040  1  0.010487	
1417.921159  1  0.010487	
1418.112315  1  0.010488	
1418.303527  1  0.010488	
1418.494805  1  0.010489	
1418.686155  1  0.010489	
1418.877581  1  0.010489	
1419.069081  1  0.010490	
1419.260660  1  0.010490	
1419.452317  1  0.010491	
1419.644053  1  0.010491	
1419.835867  1  0.010491	
1420.027772  1  0.010491	
1420.219641  1  0.010491	
1420.411519  1  0.010491	
1420.603387  1  0.010491	
1420.795261  1  0.010492	
1420.987169  1  0.010492	
1421.179138  1  0.010492	
1421.371185  1  0.010493	
1421.563319  1  0.010493	
1421.755545  1  0.010494	
1421.947865  1  0.010494	
1422.140283  1  0.010494	
1422.332799  1  0.010495	
1422.525414  1  0.010495	
1422.718119  1  0.010495	
1422.910846  1  0.010495	
1423.103603  1  0.010495	
1423.296374  1  0.010495	
1423.489171  1  0.010495	
1423.682020  1  0.010496	
1423.874945  1  0.010496	
1424.067963  1  0.010496	
1424.261085  1  0.010497	
1424.454318  1  0.010497	
1424.647669  1  0.010497	
1424.841137  1  0.010497	
1425.034656  1  0.010497	
1425.228244  1  0.010497	
1425.421889  1  0.010497	
1425.615593  1  0.010498	
1425.809378  1  0.010498	
1426.003265  1  0.010498	
1426.197267  1  0.010498	
1426.391404  1  0.010498	
1426.585646  1  0.010498	
1426.779959  1  0.010498	
1426.974349  1  0.010498	
1427.168833  1  0.010498	
1427.363437  1  0.010498	
1427.558149  1  0.010498	
1427.752975  1  0.010498	
1427.947938  1  0.010499	
1428.143067  1  0.010498	
1428.338330  1  0.010498	
1428.533711  1  0.010497	
1428.729238  1  0.010498	
1428.924952  1  0.010498	
1429.120885  1  0.010498	
1429.317053  1  0.010499	
1429.513462  1  0.010499	
1429.710109  1  0.010499	
1429.906990  1  0.010500	
1430.104097  1  0.010500	
1430.301424  1  0.010500	
1430.498963  1  0.010500	
1430.696708  1  0.010501	
1430.894655  1  0.010501	
1431.092798  1  0.010501	
1431.291135  1  0.010501	
1431.489702  1  0.010500	
1431.688418  1  0.010497	
1431.887031  1  0.010496	
1432.085597  1  0.010496	
1432.284261  1  0.010496	
1432.483146  1  0.010496	
1432.682334  1  0.010497	
1432.881872  1  0.010497	
1433.081778  1  0.010497	
1433.282054  1  0.010497	
1433.482695  1  0.010497	
1433.683690  1  0.010497	
1433.885025  1  0.010497	
1434.086688  1  0.010497	
1434.288668  1  0.010497	
1434.490956  1  0.010498	
1434.693535  1  0.010498	
1434.896392  1  0.010498	
1435.099524  1  0.010498	
1435.302927  1  0.010498	
1435.506599  1  0.010498	
1435.710537  1  0.010499	
1435.914740  1  0.010499	
1436.119205  1  0.010499	
1436.323931  1  0.010499	
1436.528919  1  0.010500	
1436.734170  1  0.010500	
1436.939675  1  0.010500	
1437.145431  1  0.010500	
1437.351438  1  0.010500	
1437.557702  1  0.010501	
1437.764223  1  0.010501	
1437.971013  1  0.010501	
1438.178075  1  0.010501	
1438.385410  1  0.010502	
1438.593020  1  0.010502	
1438.800910  1  0.010502	
1439.009070  1  0.010502	
1439.217497  1  0.010503	
1439.426196  1  0.010503	
1439.635171  1  0.010503	
1439.844427  1  0.010503	
1440.053959  1  0.010504	
1440.263778  1  0.010504	
1440.473887  1  0.010504	
1440.684289  1  0.010505	
1440.895000  1  0.010505	
1441.105994  1  0.010505	
1441.317280  1  0.010505	
1441.528861  1  0.010506	
1441.740744  1  0.010506	
1441.952933  1  0.010506	
1442.165432  1  0.010506	
1442.378245  1  0.010507	
1442.591377  1  0.010507	
1442.804829  1  0.010507	
1443.018621  1  0.010508	
1443.232727  1  0.010508	
1443.447154  1  0.010508	
1443.661907  1  0.010508	
1443.876993  1  0.010509	
1444.092418  1  0.010509	
1444.308186  1  0.010509	
1444.524301  1  0.010510	
1444.740769  1  0.010510	
1444.957607  1  0.010510	
1445.174792  1  0.010510	
1445.392331  1  0.010511	
1445.610231  1  0.010511	
1445.828498  1  0.010511	
1446.047137  1  0.010512	
1446.266155  1  0.010512	
1446.485557  1  0.010512	
1446.705362  1  0.010512	
1446.925547  1  0.010513	
1447.146121  1  0.010513	
1447.367090  1  0.010513	
1447.588466  1  0.010514	
1447.810251  1  0.010514	
1448.032450  1  0.010514	
1448.255223  1  0.010514	
1448.478248  1  0.010514	
1448.701609  1  0.010515	
1448.925335  1  0.010515	
1449.149455  1  0.010516	
1449.373993  1  0.010516	
1449.598965  1  0.010516	
1449.824386  1  0.010516	
1450.050266  1  0.010517	
1450.276615  1  0.010517	
1450.503440  1  0.010517	
1450.730749  1  0.010517	
1450.958552  1  0.010518	
1451.186854  1  0.010518	
1451.415663  1  0.010518	
1451.644985  1  0.010519	
1451.874828  1  0.010519	
1452.105198  1  0.010519	
1452.336104  1  0.010519	
1452.567551  1  0.010520	
1452.799548  1  0.010520	
1453.032102  1  0.010520	
1453.265220  1  0.010520	
1453.498910  1  0.010521	
1453.733179  1  0.010521	
1453.968035  1  0.010521	
1454.203487  1  0.010521	
1454.439542  1  0.010522	
1454.676209  1  0.010522	
1454.913496  1  0.010522	
1455.151411  1  0.010523	
1455.389964  1  0.010523	
1455.629163  1  0.010523	
1455.869018  1  0.010523	
1456.109538  1  0.010524	
1456.350733  1  0.010524	
1456.592612  1  0.010524	
1456.835185  1  0.010524	
1457.078463  1  0.010524	
1457.322455  1  0.010525	
1457.567173  1  0.010525	
1457.812628  1  0.010525	
1458.058830  1  0.010525	
1458.305792  1  0.010526	
1458.553524  1  0.010526	
1458.802038  1  0.010526	
1459.051348  1  0.010526	
1459.301465  1  0.010527	
1459.552402  1  0.010527	
1459.804172  1  0.010527	
1460.056790  1  0.010527	
1460.310268  1  0.010528	
1460.564617  1  0.010528	
1460.819855  1  0.010528	
1461.076000  1  0.010528	
1461.333068  1  0.010528	
1461.591076  1  0.010529	
1461.850045  1  0.010529	
1462.109994  1  0.010529	
1462.370941  1  0.010529	
1462.633127  1  0.010529	
1462.896219  1  0.010530	
1463.160246  1  0.010530	
1463.425253  1  0.010530	
1463.691287  1  0.010530	
1463.958387  1  0.010531	
1464.226585  1  0.010531	
1464.495913  1  0.010531	
1464.766396  1  0.010531	
1465.038062  1  0.010531	
1465.310937  1  0.010532	
1465.585047  1  0.010532	
1465.860420  1  0.010532	
1466.137084  1  0.010532	
1466.415068  1  0.010532	
1466.694393  1  0.010533	
1466.975082  1  0.010533	
1467.257163  1  0.010533	
1467.540663  1  0.010533	
1467.825611  1  0.010533	
1468.112039  1  0.010534	
1468.399979  1  0.010534	
1468.689465  1  0.010534	
1468.980532  1  0.010534	
1469.273219  1  0.010534	
1469.567564  1  0.010535	
1469.863607  1  0.010535	
1470.161388  1  0.010535	
1470.460958  1  0.010535	
1470.762355  1  0.010535	
1471.065619  1  0.010536	
1471.370793  1  0.010536	
1471.677924  1  0.010536	
1471.987062  1  0.010536	
1472.298258  1  0.010536	
1472.611569  1  0.010537	
1472.927054  1  0.010537	
1473.244773  1  0.010537	
1473.564791  1  0.010537	
1473.887176  1  0.010537	
1474.212000  1  0.010538	
1474.539335  1  0.010538	
1474.869259  1  0.010538	
1475.201467  1  0.010538	
1475.536003  1  0.010539	
1475.872951  1  0.010539	
1476.212397  1  0.010539	
1476.554433  1  0.010539	
1476.899154  1  0.010540	
1477.246660  1  0.010540	
1477.597056  1  0.010540	
1477.950452  1  0.010540	
1478.306966  1  0.010541	
1478.666720  1  0.010541	
1479.029847  1  0.010541	
1479.394166  1  0.010542	
1479.758723  1  0.010542	
1480.123520  1  0.010542	
1480.488556  1  0.010543	
1480.853832  1  0.010543	
1481.219348  1  0.010544	
1481.585106  1  0.010544	
1481.951105  1  0.010544	
1482.317346  1  0.010545	
1482.683830  1  0.010545	
1483.050556  1  0.010546	
1483.417525  1  0.010546	
1483.784736  1  0.010547	
1484.152192  1  0.010547	
1484.519891  1  0.010548	
1484.887834  1  0.010548	
1485.256022  1  0.010549	
1485.624454  1  0.010549	
1485.993131  1  0.010550	
1486.362053  1  0.010551	
1486.731220  1  0.010551	
1487.100631  1  0.010552	
1487.470286  1  0.010553	
1487.840186  1  0.010553	
1488.210329  1  0.010554	
1488.580716  1  0.010555	
1488.951347  1  0.010556	
1489.322220  1  0.010556	
1489.693335  1  0.010557	
1490.064692  1  0.010558	
1490.436290  1  0.010559	
1490.808129  1  0.010560	
1491.180207  1  0.010561	
1491.552525  1  0.010562	
1491.911224  1  0.010563	
1492.269778  1  0.010564	
1492.627014  1  0.010565	
1492.982658  1  0.010566	
1493.336917  1  0.010567	
1493.689563  1  0.010568	
1494.040805  1  0.010569	
1494.390414  1  0.010570	
1494.738603  1  0.010571	
1495.085138  1  0.010572	
