0.022500  1  67.718110	
0.045000  1  67.882619	
0.067500  1  68.047160	
0.090000  1  68.211743	
0.112500  1  68.376367	
0.135000  1  68.541012	
0.157500  1  68.705631	
0.180000  1  69.574807	
0.202500  1  69.764306	
0.225000  1  69.949866	
0.247500  1  70.130254	
0.270000  1  70.304079	
0.292500  1  70.469830	
0.315000  1  70.625929	
0.337500  1  70.770795	
0.360000  1  70.902921	
0.382500  1  71.020955	
0.405000  1  71.123779	
0.427500  1  71.210475	
0.450000  1  71.280266	
0.472500  1  71.332876	
0.495000  1  71.368368	
0.517500  1  71.387134	
0.540000  1  71.389866	
0.562500  1  71.377514	
0.585000  1  71.351245	
0.607500  1  71.312403	
0.630000  1  71.262467	
0.652500  1  71.203013	
0.675000  1  71.135692	
0.697500  1  71.062194	
0.720000  1  70.985828	
0.742500  1  70.907053	
0.765000  1  70.827558	
0.787500  1  70.748936	
0.810000  1  70.672643	
0.832500  1  70.599953	
0.855000  1  70.531921	
0.877500  1  70.469351	
0.900000  1  70.412782	
0.922500  1  70.362481	
0.945000  1  70.318466	
0.967500  1  70.280528	
0.990000  1  70.248274	
1.012500  1  70.221173	
1.035000  1  70.198628	
1.057500  1  70.180015	
1.080000  1  70.164657	
1.102500  1  70.151905	
1.125000  1  70.141153	
1.147500  1  70.131858	
1.170000  1  70.123543	
1.192500  1  70.115800	
1.215000  1  70.108287	
1.237500  1  70.100722	
1.260000  1  70.092881	
1.282500  1  70.084585	
1.305000  1  70.075700	
1.327500  1  70.066124	
1.350000  1  70.055792	
1.372500  1  70.044663	
1.395000  1  70.032723	
1.417500  1  70.019977	
1.440000  1  70.006455	
1.462500  1  69.992205	
1.485000  1  69.977295	
1.507500  1  69.961810	
1.530000  1  69.945854	
1.552500  1  69.929547	
1.575000  1  69.913023	
1.590000  1  69.901943	
1.623750  1  69.872105	
1.699687  1  69.825571	
1.870547  1  69.756842	
2.254980  1  69.649469	
2.425840  1  69.603927	
2.810273  1  69.524151	
3.386924  1  69.432734	
4.251899  1  69.326554	
4.636333  1  69.289227	
5.501309  1  69.227745	
5.885742  1  69.201757	
6.750718  1  69.155488	
7.135151  1  69.134896	
8.000127  1  69.095364	
8.225127  1  69.085487	
8.375127  1  69.078711	
8.600127  1  69.069619	
8.825127  1  69.061650	
9.050127  1  69.053443	
9.275127  1  69.046679	
9.500127  1  69.040122	
9.690760  1  69.036919	
10.069270  1  69.031997	
10.527705  1  69.027098	
11.176502  1  69.014398	
12.016398  1  68.991318	
12.978642  1  68.966933	
13.940886  1  68.937657	
14.919052  1  68.913297	
15.897217  1  68.884836	
16.840959  1  68.892793	
17.717789  1  68.906004	
18.566585  1  68.916306	
19.347349  1  68.928530	
20.127889  1  68.938250	
20.912222  1  68.941204	
21.700533  1  68.942944	
22.487653  1  68.943876	
23.215565  1  68.952117	
23.959280  1  68.954173	
24.143514  1  68.954477	
24.505874  1  68.955102	
24.969739  1  68.957299	
25.586594  1  68.958841	
26.370591  1  68.958056	
27.152240  1  68.952754	
27.877257  1  68.958159	
28.676468  1  68.959073	
29.530961  1  68.958111	
30.385453  1  68.963732	
31.239945  1  68.981619	
32.094437  1  68.994881	
33.086961  1  69.024321	
34.079486  1  69.037204	
35.072010  1  69.044377	
36.064534  1  69.061662	
37.057058  1  69.070077	
38.049582  1  69.098957	
39.042106  1  69.115856	
40.034630  1  69.136165	
41.027154  1  69.161889	
42.019678  1  69.166411	
43.012203  1  69.174127	
44.004727  1  69.192332	
44.997251  1  69.211802	
45.989775  1  69.212735	
46.982299  1  69.212004	
47.974823  1  69.226376	
48.967347  1  69.229349	
49.959871  1  69.231960	
50.952396  1  69.265064	
51.944920  1  69.300947	
52.937444  1  69.337158	
53.929968  1  69.373224	
54.922492  1  69.409034	
55.915016  1  69.444586	
56.907540  1  69.463871	
57.900064  1  69.484118	
58.892588  1  69.504357	
59.885113  1  69.524382	
60.877637  1  69.544200	
61.870161  1  69.563852	
62.862685  1  69.583315	
63.855209  1  69.602550	
64.847733  1  69.621569	
65.840257  1  69.640393	
66.832781  1  69.658977	
67.825306  1  69.677255	
68.817830  1  69.695207	
69.810354  1  69.712867	
70.802878  1  69.730237	
71.795402  1  69.747300	
72.787926  1  69.764061	
73.780450  1  69.780517	
74.772974  1  69.796633	
75.765498  1  69.812381	
76.758023  1  69.827774	
77.750547  1  69.842833	
78.743071  1  69.857564	
79.735595  1  69.871958	
80.728119  1  69.886004	
81.720643  1  69.899674	
82.713167  1  69.912967	
83.705691  1  69.925913	
83.999163  1  69.926696	
84.327476  1  69.929024	
84.720491  1  69.932208	
85.089909  1  69.935909	
85.460946  1  69.940940	
85.860025  1  69.946092	
86.264402  1  69.947926	
86.679760  1  69.952064	
87.103034  1  69.955942	
87.532400  1  69.959621	
87.966691  1  69.963162	
88.402618  1  69.966352	
88.841744  1  69.969739	
89.283086  1  69.973131	
89.725284  1  69.976568	
90.166994  1  69.980060	
90.607159  1  69.983591	
91.045260  1  69.987128	
91.481384  1  69.990629	
91.916061  1  69.994071	
92.349979  1  69.997447	
92.783773  1  70.000763	
93.217949  1  70.004033	
93.652904  1  70.007264	
94.082747  1  70.010804	
94.509964  1  70.014236	
94.936319  1  70.017491	
95.362762  1  70.020644	
95.789714  1  70.023739	
96.217394  1  70.026796	
96.642880  1  70.030003	
97.066731  1  70.033237	
97.489604  1  70.036367	
97.743736  1  70.035205	
98.023221  1  70.033605	
98.363620  1  70.032903	
98.681356  1  70.033868	
99.001437  1  70.036194	
99.327416  1  70.037734	
99.660958  1  70.035711	
100.011797  1  70.038767	
100.368390  1  70.040867	
100.732865  1  70.043690	
101.102432  1  70.046401	
101.474785  1  70.049027	
101.848779  1  70.050164	
102.223899  1  70.052591	
102.600251  1  70.055474	
102.978249  1  70.056436	
103.350978  1  70.058820	
103.732443  1  70.061666	
104.114113  1  70.062117	
104.483581  1  70.064393	
104.867658  1  70.067219	
105.252117  1  70.067651	
105.619963  1  70.069981	
106.003259  1  70.072854	
106.385729  1  70.075332	
106.767660  1  70.075440	
107.149267  1  70.074558	
107.530771  1  70.073808	
107.899606  1  70.073375	
108.258563  1  70.073169	
108.612544  1  70.073105	
108.963317  1  70.072995	
109.312061  1  70.073305	
109.660134  1  70.073423	
110.008343  1  70.073231	
110.357124  1  70.072802	
110.706670  1  70.072237	
111.057027  1  70.071608	
111.408191  1  70.070891	
111.760193  1  70.070259	
112.111973  1  70.069611	
112.463337  1  70.068951	
112.814171  1  70.068286	
113.164244  1  70.067630	
113.513312  1  70.067059	
113.861286  1  70.066652	
114.208290  1  70.066274	
114.554649  1  70.065897	
114.900778  1  70.065496	
115.247067  1  70.065051	
115.592982  1  70.064628	
115.937187  1  70.064196	
116.280323  1  70.063723	
116.622595  1  70.063234	
116.964098  1  70.062738	
117.304969  1  70.062265	
117.645391  1  70.061948	
117.985616  1  70.061607	
118.325911  1  70.061192	
118.666515  1  70.060695	
119.005825  1  70.060197	
119.344132  1  70.059945	
119.681831  1  70.059640	
120.019478  1  70.059276	
120.356859  1  70.058942	
120.693877  1  70.058695	
121.030579  1  70.058466	
121.367108  1  70.058230	
121.703703  1  70.057971	
122.040600  1  70.057680	
122.377981  1  70.057353	
122.715222  1  70.056950	
123.052911  1  70.056648	
123.391039  1  70.056317	
123.729526  1  70.055968	
124.068243  1  70.055612	
124.407011  1  70.055316	
124.745684  1  70.055128	
125.084107  1  70.054978	
125.422173  1  70.054854	
125.759841  1  70.054735	
126.097189  1  70.054597	
126.434921  1  70.054454	
126.773101  1  70.054252	
127.111600  1  70.054073	
127.449007  1  70.053845	
127.785437  1  70.053550	
128.121182  1  70.053155	
128.456551  1  70.052657	
128.791672  1  70.052071	
129.125845  1  70.051549	
129.459499  1  70.051008	
129.792817  1  70.050390	
130.125847  1  70.049668	
130.458614  1  70.048694	
130.791061  1  70.047810	
131.123166  1  70.046894	
131.454941  1  70.045944	
131.786448  1  70.044953	
132.117804  1  70.043910	
132.449166  1  70.042807	
132.780458  1  70.041702	
133.111699  1  70.040708	
133.442784  1  70.039699	
133.773845  1  70.038626	
134.104842  1  70.037402	
134.436452  1  70.036265	
134.768633  1  70.035057	
135.101359  1  70.033788	
135.434580  1  70.032468	
135.768222  1  70.031108	
136.102189  1  70.029789	
136.436421  1  70.028540	
136.770884  1  70.027298	
137.105597  1  70.026010	
137.440646  1  70.024634	
137.776112  1  70.023285	
138.111445  1  70.021909	
138.446781  1  70.020494	
138.782274  1  70.019013	
139.118094  1  70.017519	
139.453633  1  70.015879	
139.789416  1  70.014202	
140.125708  1  70.012514	
140.462653  1  70.010834	
140.800318  1  70.009174	
141.138722  1  70.007536	
141.477873  1  70.005909	
141.817790  1  70.004271	
142.158538  1  70.002593	
142.500228  1  70.000850	
142.842828  1  69.998966	
143.186503  1  69.997339	
143.531040  1  69.995763	
143.876453  1  69.994177	
144.222712  1  69.992596	
144.569836  1  69.990809	
144.917810  1  69.989103	
145.266766  1  69.987334	
145.616666  1  69.985475	
145.967937  1  69.983668	
146.320600  1  69.981846	
146.674657  1  69.980031	
147.030066  1  69.978244	
147.386744  1  69.976494	
147.744614  1  69.974777	
148.103585  1  69.973072	
148.463660  1  69.971345	
148.824920  1  69.969565	
149.187642  1  69.967773	
149.551257  1  69.965976	
149.915714  1  69.964231	
150.281365  1  69.962544	
150.647646  1  69.960827	
151.014934  1  69.959082	
151.383342  1  69.957369	
151.753006  1  69.955659	
152.123917  1  69.953936	
152.496032  1  69.952214	
152.869326  1  69.950489	
153.243830  1  69.948749	
153.619475  1  69.946988	
153.996490  1  69.945324	
154.374661  1  69.943689	
154.753592  1  69.942005	
155.134021  1  69.940381	
155.515923  1  69.938706	
155.899321  1  69.936983	
156.284191  1  69.935223	
156.670516  1  69.933347	
157.058120  1  69.931586	
157.446916  1  69.929871	
157.836888  1  69.928154	
158.228605  1  69.926243	
158.621141  1  69.924430	
159.014547  1  69.922639	
159.409312  1  69.920854	
159.804604  1  69.919016	
160.200868  1  69.917167	
160.598335  1  69.915321	
160.997127  1  69.913496	
161.397285  1  69.911705	
161.798790  1  69.909948	
162.201620  1  69.908209	
162.605794  1  69.906458	
163.011156  1  69.904662	
163.418125  1  69.902922	
163.826391  1  69.901255	
164.235141  1  69.899589	
164.644220  1  69.898029	
165.053648  1  69.896451	
165.463366  1  69.894930	
165.873403  1  69.893384	
166.283725  1  69.891815	
166.694268  1  69.890236	
167.104965  1  69.888649	
167.515777  1  69.887044	
167.926598  1  69.885440	
168.337499  1  69.883831	
168.748397  1  69.882253	
169.159073  1  69.880694	
169.569627  1  69.879074	
169.980108  1  69.877431	
170.390644  1  69.875765	
170.801380  1  69.873974	
171.212329  1  69.872282	
171.623506  1  69.870647	
172.034915  1  69.869046	
172.446557  1  69.867443	
172.858631  1  69.865613	
173.271109  1  69.863962	
173.683946  1  69.862348	
174.097149  1  69.860707	
174.510808  1  69.859158	
174.924969  1  69.857602	
175.339625  1  69.856047	
175.754754  1  69.854504	
176.170315  1  69.852983	
176.586245  1  69.851482	
177.002486  1  69.849986	
177.419007  1  69.848491	
177.835725  1  69.846951	
178.252542  1  69.845487	
178.669474  1  69.844047	
179.086414  1  69.842581	
179.503404  1  69.841121	
179.920550  1  69.839652	
180.337866  1  69.838251	
180.755541  1  69.836841	
181.173591  1  69.835421	
181.592001  1  69.833996	
182.010744  1  69.832562	
182.429834  1  69.831089	
182.849412  1  69.829676	
183.269434  1  69.828288	
183.689743  1  69.826877	
184.110541  1  69.825551	
184.531814  1  69.824207	
184.953529  1  69.822841	
185.375659  1  69.821455	
185.798167  1  69.820053	
186.221071  1  69.818534	
186.644232  1  69.817075	
187.067600  1  69.815636	
187.491319  1  69.814214	
187.915223  1  69.812771	
188.339407  1  69.811186	
188.763985  1  69.809752	
189.188171  1  69.808174	
189.612077  1  69.806611	
190.035941  1  69.805062	
190.459952  1  69.803536	
190.884234  1  69.802043	
191.308858  1  69.800586	
191.733883  1  69.799149	
192.159365  1  69.797736	
192.585321  1  69.796355	
193.011750  1  69.794991	
193.438647  1  69.793632	
193.866017  1  69.792279	
194.293833  1  69.790928	
194.486250  1  69.790381	
194.911619  1  69.789031	
195.341157  1  69.787584	
195.771967  1  69.786199	
196.203703  1  69.784834	
196.637136  1  69.783726	
197.067618  1  69.782150	
197.497495  1  69.780977	
197.928044  1  69.779946	
198.358303  1  69.778788	
198.789869  1  69.778094	
199.224008  1  69.777654	
199.659601  1  69.777031	
200.096832  1  69.776420	
200.533117  1  69.775477	
200.972032  1  69.775317	
201.413343  1  69.774973	
201.855774  1  69.774387	
202.300185  1  69.773915	
202.744989  1  69.773180	
203.191245  1  69.772634	
203.639861  1  69.772281	
204.090434  1  69.771803	
204.542940  1  69.771284	
204.995678  1  69.770593	
205.450046  1  69.770121	
205.906745  1  69.769845	
206.365476  1  69.769469	
206.826101  1  69.769031	
207.288119  1  69.768466	
207.751528  1  69.767845	
208.215877  1  69.767104	
208.679062  1  69.766268	
209.142828  1  69.765933	
209.608738  1  69.765774	
210.076546  1  69.765480	
210.546245  1  69.765117	
211.017433  1  69.764621	
211.489148  1  69.764022	
211.962060  1  69.763501	
212.434130  1  69.762929	
212.905909  1  69.762682	
213.380280  1  69.762784	
213.857142  1  69.762673	
214.335717  1  69.762398	
214.815757  1  69.762140	
215.296631  1  69.761728	
215.778099  1  69.761284	
216.260311  1  69.760808	
216.740925  1  69.760259	
217.220580  1  69.760069	
217.702404  1  69.760174	
218.186499  1  69.760070	
218.672079  1  69.759808	
219.159073  1  69.759484	
219.646969  1  69.759052	
220.135250  1  69.758559	
220.624019  1  69.758037	
221.112856  1  69.757434	
221.598947  1  69.756846	
222.084656  1  69.756598	
222.572312  1  69.756511	
223.061520  1  69.756274	
223.552657  1  69.756011	
224.045053  1  69.755637	
224.538702  1  69.755219	
225.033400  1  69.754553	
225.528342  1  69.753910	
226.023697  1  69.753252	
226.518921  1  69.752536	
227.011295  1  69.751903	
227.500910  1  69.751675	
227.993937  1  69.751889	
228.490448  1  69.751801	
228.989716  1  69.751529	
229.490803  1  69.751135	
229.992658  1  69.750678	
230.495348  1  69.750198	
230.998117  1  69.749640	
231.500880  1  69.749084	
232.004032  1  69.748492	
232.507389  1  69.747819	
233.010657  1  69.747146	
233.510153  1  69.746494	
234.005591  1  69.746257	
234.504808  1  69.746490	
235.007922  1  69.746423	
235.513944  1  69.746179	
236.021406  1  69.745908	
236.530527  1  69.745566	
237.040395  1  69.745089	
237.550295  1  69.744568	
238.059940  1  69.744047	
238.570185  1  69.743519	
239.080716  1  69.742900	
239.587205  1  69.742327	
240.091096  1  69.742142	
240.597862  1  69.742177	
241.107844  1  69.742045	
241.620012  1  69.741810	
242.133409  1  69.741508	
242.648022  1  69.741209	
243.164380  1  69.740857	
243.682299  1  69.740287	
244.200515  1  69.739640	
244.711725  1  69.739109	
245.223855  1  69.739105	
245.738165  1  69.739072	
246.255989  1  69.739003	
246.776324  1  69.738658	
247.298893  1  69.738329	
247.822814  1  69.737897	
248.346838  1  69.737427	
248.871761  1  69.736969	
249.396958  1  69.736446	
249.922087  1  69.735891	
250.446737  1  69.735294	
250.966987  1  69.734786	
251.486334  1  69.734673	
252.008346  1  69.734624	
252.532317  1  69.734519	
253.059007  1  69.734412	
253.587657  1  69.734256	
254.118438  1  69.734049	
254.649820  1  69.733770	
255.181339  1  69.733519	
255.710139  1  69.733263	
256.237053  1  69.733301	
256.767709  1  69.733523	
257.300884  1  69.733635	
257.837266  1  69.733723	
258.374671  1  69.733791	
258.913188  1  69.733840	
259.452124  1  69.733804	
259.991127  1  69.733709	
260.527765  1  69.733610	
261.063050  1  69.733810	
261.601698  1  69.734117	
262.142369  1  69.734325	
262.685465  1  69.734513	
263.229407  1  69.734623	
263.773810  1  69.734724	
264.315434  1  69.734807	
264.855377  1  69.735172	
265.399540  1  69.735721	
265.946119  1  69.736133	
266.495758  1  69.736509	
267.046889  1  69.736697	
267.598748  1  69.736890	
268.146936  1  69.737042	
268.694007  1  69.737514	
269.244696  1  69.738113	
269.797218  1  69.738638	
270.353454  1  69.739034	
270.910626  1  69.739387	
271.469896  1  69.739770	
272.024088  1  69.740096	
272.577607  1  69.740763	
273.134961  1  69.741555	
273.694755  1  69.742278	
274.257528  1  69.742989	
274.816914  1  69.743660	
275.375928  1  69.744622	
275.940272  1  69.745766	
276.506839  1  69.746743	
277.077494  1  69.747771	
277.644340  1  69.748634	
278.212176  1  69.749843	
278.784028  1  69.751083	
279.354278  1  69.752211	
279.923423  1  69.753608	
280.499923  1  69.755309	
281.073639  1  69.756658	
281.654065  1  69.758535	
282.234491  1  69.760111	
282.817767  1  69.761963	
283.406559  1  69.764087	
283.995020  1  69.765881	
284.581943  1  69.767779	
285.169283  1  69.769921	
285.759144  1  69.772269	
286.359274  1  69.775004	
286.966362  1  69.777289	
287.576672  1  69.779263	
288.187397  1  69.780970	
288.796552  1  69.782438	
289.402796  1  69.783690	
290.005281  1  69.784745	
290.603518  1  69.785619	
291.197298  1  69.786315	
291.786579  1  69.786846	
292.371308  1  69.787235	
292.950764  1  69.787503	
293.525437  1  69.787665	
294.095769  1  69.787730	
294.662163  1  69.787703	
295.224926  1  69.787584	
295.784375  1  69.787372	
296.340796  1  69.787077	
296.894519  1  69.786710	
297.445789  1  69.786283	
297.994866  1  69.785800	
298.218110  1  69.785643	
298.657905  1  69.785242	
299.203671  1  69.784650	
299.748182  1  69.783976	
300.291387  1  69.783221	
300.833500  1  69.782412	
301.374329  1  69.781531	
301.914195  1  69.780622	
302.450071  1  69.779437	
302.983570  1  69.778317	
303.515680  1  69.777207	
304.046353  1  69.776031	
304.576432  1  69.774880	
305.106463  1  69.773735	
305.636156  1  69.772526	
306.166082  1  69.771352	
306.696581  1  69.770190	
307.226771  1  69.768910	
307.757222  1  69.767717	
308.288313  1  69.766567	
308.820253  1  69.765450	
309.351865  1  69.764355	
309.883162  1  69.763147	
310.413961  1  69.762032	
310.944265  1  69.760951	
311.474104  1  69.759885	
312.003505  1  69.758812	
312.532496  1  69.757717	
313.061234  1  69.756499	
313.589537  1  69.755362	
314.117431  1  69.754244	
314.644980  1  69.753113	
315.172190  1  69.751970	
315.699107  1  69.750796	
316.225774  1  69.749582	
316.752242  1  69.748324	
317.278581  1  69.747017	
317.804814  1  69.745683	
318.331110  1  69.744281	
318.857346  1  69.742954	
319.383493  1  69.741659	
319.909588  1  69.740350	
320.435670  1  69.739004	
320.961783  1  69.737613	
321.487981  1  69.736174	
322.014341  1  69.734692	
322.540894  1  69.733182	
323.067705  1  69.731639	
323.594835  1  69.730065	
324.122342  1  69.728463	
324.650400  1  69.726856	
325.178867  1  69.725358	
325.707655  1  69.723905	
326.236770  1  69.722432	
326.766225  1  69.720916	
327.296048  1  69.719351	
327.826278  1  69.717738	
328.356964  1  69.716082	
328.888160  1  69.714389	
329.419940  1  69.712671	
329.952323  1  69.710936	
330.485361  1  69.709176	
331.019104  1  69.707390	
331.553598  1  69.705581	
332.089022  1  69.703828	
332.625212  1  69.702212	
333.162026  1  69.700632	
333.699453  1  69.699012	
334.237498  1  69.697331	
334.776193  1  69.695588	
335.315586  1  69.693792	
335.855737  1  69.691951	
336.396709  1  69.690070	
336.938566  1  69.688156	
337.481372  1  69.686212	
338.025205  1  69.684256	
338.570081  1  69.682288	
339.115947  1  69.680306	
339.662337  1  69.678442	
340.209093  1  69.676728	
340.756090  1  69.675020	
341.303330  1  69.673242	
341.850850  1  69.671385	
342.398715  1  69.669457	
342.947004  1  69.667471	
343.495803  1  69.665447	
344.045187  1  69.663406	
344.595201  1  69.661340	
345.145916  1  69.659240	
345.697402  1  69.657109	
346.249722  1  69.654951	
346.802943  1  69.652781	
347.357149  1  69.650781	
347.912152  1  69.648939	
348.467816  1  69.647089	
349.024131  1  69.645148	
349.581156  1  69.643109	
350.138987  1  69.641013	
350.697695  1  69.638857	
351.257387  1  69.636644	
351.818173  1  69.634394	
352.380135  1  69.632109	
352.943365  1  69.629792	
353.507942  1  69.627448	
354.073989  1  69.625312	
354.641290  1  69.623339	
355.209708  1  69.621342	
355.779254  1  69.619266	
356.349972  1  69.617083	
356.921981  1  69.614802	
357.495418  1  69.612445	
358.070424  1  69.610043	
358.647110  1  69.607599	
359.225591  1  69.605120	
359.805457  1  69.602879	
360.386409  1  69.600794	
360.968364  1  69.598672	
361.551375  1  69.596469	
362.135542  1  69.594152	
362.721030  1  69.591746	
363.307988  1  69.589265	
363.896574  1  69.586726	
364.486925  1  69.584145	
365.079162  1  69.581534	
365.673309  1  69.579190	
366.269125  1  69.577134	
366.866475  1  69.574984	
367.465461  1  69.572658	
368.066272  1  69.570195	
368.669113  1  69.567646	
369.274173  1  69.565031	
369.881522  1  69.562668	
370.490947  1  69.560582	
371.102360  1  69.558393	
371.715907  1  69.556013	
372.331815  1  69.553488	
372.950329  1  69.550864	
373.571544  1  69.548488	
374.195041  1  69.546392	
374.820473  1  69.544185	
375.448048  1  69.541778	
376.078049  1  69.539236	
376.710494  1  69.536931	
377.345237  1  69.534856	
377.982342  1  69.532651	
378.622036  1  69.530256	
379.264356  1  69.528049	
379.909212  1  69.526032	
380.556745  1  69.523862	
381.207236  1  69.521492	
381.860734  1  69.519308	
382.517036  1  69.517441	
383.176311  1  69.515400	
383.838857  1  69.513089	
384.504783  1  69.510908	
385.173663  1  69.509326	
385.845535  1  69.507695	
386.520256  1  69.506132	
387.197564  1  69.504652	
387.877661  1  69.502885	
388.560385  1  69.501479	
389.245631  1  69.500348	
389.933646  1  69.498863	
390.624967  1  69.496929	
391.320241  1  69.494730	
392.019987  1  69.492381	
392.724590  1  69.489951	
393.434332  1  69.487483	
394.149424  1  69.485000	
394.870051  1  69.482518	
395.596384  1  69.480045	
396.328579  1  69.477589	
397.066769  1  69.475154	
397.811084  1  69.472742	
398.561661  1  69.470355	
399.318648  1  69.467995	
400.082059  1  69.465663	
400.851727  1  69.463363	
401.627786  1  69.461093	
402.410383  1  69.458855	
403.199669  1  69.456650	
403.995778  1  69.454478	
404.798839  1  69.452340	
405.608997  1  69.450236	
406.426408  1  69.448166	
407.251215  1  69.446131	
408.083549  1  69.444132	
408.923558  1  69.442168	
409.771401  1  69.440239	
410.627231  1  69.438345	
411.491182  1  69.436487	
412.363408  1  69.434665	
413.244076  1  69.432878	
414.133342  1  69.431126	
415.031306  1  69.429409	
415.937821  1  69.427727	
416.853062  1  69.426080	
417.777184  1  69.424468	
418.710346  1  69.422889	
419.652728  1  69.421343	
420.604517  1  69.419829	
421.565870  1  69.418347	
422.536976  1  69.416895	
423.518040  1  69.415473	
424.509264  1  69.414079	
425.500489  1  69.412727	
426.491713  1  69.411413	
427.482937  1  69.410137	
428.474161  1  69.408896	
428.686633  1  69.408453	
428.920802  1  69.408108	
429.203732  1  69.407748	
429.480762  1  69.407534	
429.766145  1  69.407285	
430.063321  1  69.406982	
430.373817  1  69.406636	
430.695025  1  69.406253	
431.027224  1  69.405867	
431.372762  1  69.405467	
431.727624  1  69.405065	
432.085580  1  69.404280	
432.428273  1  69.404199	
432.778106  1  69.403999	
433.125949  1  69.403655	
433.479164  1  69.403463	
433.837494  1  69.403269	
434.200301  1  69.403088	
434.566701  1  69.402925	
434.935560  1  69.402781	
435.305793  1  69.402654	
435.676501  1  69.402540	
436.047143  1  69.402436	
436.417564  1  69.402340	
436.787900  1  69.402249	
437.158428  1  69.402162	
437.529441  1  69.402079	
437.901190  1  69.401999	
438.273875  1  69.401921	
438.647662  1  69.401845	
439.017331  1  69.401776	
439.385904  1  69.401700	
439.754379  1  69.401619	
440.123205  1  69.401538	
440.492617  1  69.401456	
440.862758  1  69.401373	
441.233735  1  69.401290	
441.605648  1  69.401206	
441.976260  1  69.401121	
442.346406  1  69.401035	
442.716431  1  69.400945	
443.086591  1  69.400852	
443.457113  1  69.400756	
443.828181  1  69.400659	
444.199936  1  69.400561	
444.572488  1  69.400462	
444.945932  1  69.400362	
445.320353  1  69.400260	
445.694438  1  69.400149	
446.069470  1  69.400048	
446.445569  1  69.399944	
446.822687  1  69.399838	
447.200731  1  69.399730	
447.579577  1  69.399622	
447.959084  1  69.399512	
448.339153  1  69.399368	
448.712971  1  69.399214	
449.061612  1  69.399112	
449.399754  1  69.399064	
449.732913  1  69.399060	
450.063545  1  69.399086	
450.392948  1  69.399132	
450.721917  1  69.399190	
451.050973  1  69.399253	
451.380041  1  69.399315	
451.708208  1  69.399384	
452.035743  1  69.399447	
452.363063  1  69.399504	
452.690525  1  69.399556	
453.018367  1  69.399605	
453.346265  1  69.399640	
453.673385  1  69.399682	
454.000365  1  69.399722	
454.327392  1  69.399761	
454.654457  1  69.399796	
454.981464  1  69.399828	
455.308272  1  69.399854	
455.634742  1  69.399874	
455.960777  1  69.399888	
456.286368  1  69.399896	
456.611608  1  69.399897	
456.936673  1  69.399892	
457.261770  1  69.399883	
457.587101  1  69.399870	
457.911106  1  69.399858	
458.233749  1  69.399841	
458.555540  1  69.399812	
458.877054  1  69.399778	
459.198109  1  69.399740	
459.518552  1  69.399705	
459.838487  1  69.399667	
460.158084  1  69.399627	
460.477569  1  69.399585	
460.797158  1  69.399542	
461.117022  1  69.399499	
461.436527  1  69.399445	
461.756375  1  69.399406	
462.076566  1  69.399363	
462.397047  1  69.399318	
462.717746  1  69.399273	
463.039781  1  69.399231	
463.361648  1  69.399180	
463.683264  1  69.399130	
464.004526  1  69.399081	
464.325362  1  69.399035	
464.645759  1  69.398991	
464.965769  1  69.398949	
465.285495  1  69.398911	
465.605065  1  69.398876	
465.924618  1  69.398846	
466.243316  1  69.398821	
466.561304  1  69.398802	
466.878769  1  69.398786	
467.195928  1  69.398772	
467.512979  1  69.398762	
467.829852  1  69.398755	
468.145583  1  69.398750	
468.460881  1  69.398755	
468.776021  1  69.398766	
469.091106  1  69.398781	
469.406156  1  69.398800	
469.721156  1  69.398820	
470.036082  1  69.398841	
470.350929  1  69.398863	
470.665732  1  69.398885	
470.980578  1  69.398907	
471.295592  1  69.398930	
471.610437  1  69.398952	
471.925079  1  69.398982	
472.239484  1  69.399007	
472.553870  1  69.399028	
472.868294  1  69.399048	
473.182592  1  69.399073	
473.496797  1  69.399098	
473.811046  1  69.399122	
474.125544  1  69.399147	
474.440093  1  69.399158	
474.755401  1  69.399192	
475.071338  1  69.399224	
475.387843  1  69.399257	
475.704840  1  69.399293	
476.022238  1  69.399330	
476.339938  1  69.399370	
476.657857  1  69.399410	
476.975959  1  69.399451	
477.294284  1  69.399493	
477.612941  1  69.399534	
477.932269  1  69.399580	
478.251500  1  69.399626	
478.570767  1  69.399674	
478.890222  1  69.399723	
479.210577  1  69.399779	
479.530366  1  69.399826	
479.850356  1  69.399878	
480.170841  1  69.399935	
480.491929  1  69.399994	
480.813638  1  69.400054	
481.135940  1  69.400115	
481.458812  1  69.400175	
481.782266  1  69.400235	
482.106380  1  69.400293	
482.430772  1  69.400344	
482.755803  1  69.400406	
483.081229  1  69.400463	
483.407156  1  69.400516	
483.733805  1  69.400567	
484.060927  1  69.400621	
484.388508  1  69.400674	
484.716679  1  69.400726	
485.044977  1  69.400760	
485.374632  1  69.400817	
485.705498  1  69.400874	
486.037532  1  69.400932	
486.370654  1  69.400992	
486.704743  1  69.401055	
487.039661  1  69.401120	
487.375317  1  69.401186	
487.711713  1  69.401251	
488.049581  1  69.401324	
488.387739  1  69.401391	
488.726396  1  69.401462	
489.065666  1  69.401533	
489.406854  1  69.401615	
489.747895  1  69.401682	
490.089597  1  69.401755	
490.432213  1  69.401831	
490.775815  1  69.401909	
491.120379  1  69.401989	
491.465862  1  69.402071	
491.812257  1  69.402152	
492.159643  1  69.402232	
492.507560  1  69.402304	
492.856598  1  69.402390	
493.206420  1  69.402473	
493.557166  1  69.402552	
493.908689  1  69.402633	
494.260974  1  69.402714	
494.614128  1  69.402794	
494.967760  1  69.402858	
495.322983  1  69.402942	
495.679736  1  69.403027	
496.038010  1  69.403114	
496.397714  1  69.403206	
496.758690  1  69.403300	
497.120782  1  69.403396	
497.483935  1  69.403493	
497.848911  1  69.403597	
498.214561  1  69.403696	
498.581022  1  69.403799	
498.949387  1  69.403909	
499.317983  1  69.404008	
499.687539  1  69.404110	
500.058309  1  69.404214	
500.429941  1  69.404322	
500.802109  1  69.404432	
501.174781  1  69.404544	
501.547946  1  69.404657	
501.921606  1  69.404762	
502.295854  1  69.404880	
502.670580  1  69.404997	
503.045553  1  69.405095	
503.421182  1  69.405215	
503.797590  1  69.405333	
504.174836  1  69.405453	
504.552920  1  69.405575	
504.931773  1  69.405701	
505.311303  1  69.405829	
505.691467  1  69.405956	
506.072565  1  69.406093	
506.454268  1  69.406224	
506.836484  1  69.406358	
507.219628  1  69.406506	
507.603091  1  69.406634	
507.987081  1  69.406767	
508.371783  1  69.406902	
508.757275  1  69.407041	
509.143559  1  69.407183	
509.530615  1  69.407327	
509.918234  1  69.407459	
510.306791  1  69.407610	
510.696140  1  69.407759	
511.085698  1  69.407884	
511.476338  1  69.408039	
511.868125  1  69.408192	
512.261099  1  69.408346	
512.655242  1  69.408503	
513.050459  1  69.408663	
513.446634  1  69.408824	
513.844237  1  69.408999	
514.242581  1  69.409162	
514.641640  1  69.409328	
515.042202  1  69.409514	
515.443076  1  69.409674	
515.844559  1  69.409837	
516.246888  1  69.410003	
516.650185  1  69.410173	
517.054489  1  69.410346	
517.459798  1  69.410521	
517.865707  1  69.410684	
518.272880  1  69.410867	
518.681126  1  69.411052	
519.089454  1  69.411206	
519.499320  1  69.411400	
519.910691  1  69.411591	
520.323561  1  69.411783	
520.737875  1  69.411978	
521.153494  1  69.412175	
521.570282  1  69.412374	
521.988947  1  69.412587	
522.408559  1  69.412787	
522.829096  1  69.412990	
523.250650  1  69.413192	
523.673255  1  69.413399	
524.096865  1  69.413608	
524.522014  1  69.413823	
524.947910  1  69.414026	
525.374846  1  69.414230	
525.803019  1  69.414438	
526.232505  1  69.414650	
526.663290  1  69.414866	
527.095329  1  69.415084	
527.528405  1  69.415296	
527.962934  1  69.415521	
528.398042  1  69.415730	
528.834698  1  69.415964	
529.272836  1  69.416197	
529.712511  1  69.416429	
530.153727  1  69.416664	
530.596397  1  69.416901	
531.040403  1  69.417139	
531.485706  1  69.417386	
531.931994  1  69.417625	
532.379543  1  69.417882	
532.827752  1  69.418117	
533.276626  1  69.418353	
533.726323  1  69.418591	
534.176966  1  69.418831	
534.628616  1  69.419074	
535.081278  1  69.419319	
535.534799  1  69.419553	
535.989530  1  69.419805	
536.444823  1  69.420031	
536.901458  1  69.420297	
537.359493  1  69.420561	
537.818925  1  69.420825	
538.279716  1  69.421089	
538.741767  1  69.421354	
539.205502  1  69.421636	
539.670284  1  69.421898	
540.136004  1  69.422164	
540.603371  1  69.422451	
541.071342  1  69.422704	
541.540039  1  69.422959	
542.009674  1  69.423217	
542.480389  1  69.423479	
542.952239  1  69.423745	
543.424838  1  69.423995	
543.898826  1  69.424269	
544.374181  1  69.424543	
544.850826  1  69.424821	
545.328648  1  69.425100	
545.807143  1  69.425362	
546.286940  1  69.425646	
546.768133  1  69.425927	
547.250781  1  69.426209	
547.734875  1  69.426493	
548.220414  1  69.426779	
548.707335  1  69.427068	
549.195622  1  69.427359	
549.685211  1  69.427650	
549.872746  1  69.427774	
550.246357  1  69.428005	
550.696261  1  69.428284	
551.191870  1  69.428592	
551.690382  1  69.428916	
552.190756  1  69.429232	
552.693400  1  69.429557	
553.197888  1  69.429909	
553.702510  1  69.430204	
554.207353  1  69.430495	
554.714818  1  69.430857	
555.222305  1  69.431115	
555.730962  1  69.431439	
556.239695  1  69.431673	
556.751289  1  69.432038	
557.265042  1  69.432269	
557.779075  1  69.432480	
558.293093  1  69.432702	
558.807713  1  69.432939	
559.323562  1  69.433185	
559.841299  1  69.433446	
560.360925  1  69.433709	
560.882770  1  69.433984	
561.408029  1  69.434307	
561.934839  1  69.434611	
562.462368  1  69.434897	
562.991394  1  69.435187	
563.522708  1  69.435483	
564.056945  1  69.435797	
564.594192  1  69.436119	
565.134766  1  69.436454	
565.679331  1  69.436833	
566.225623  1  69.437192	
566.772858  1  69.437517	
567.322274  1  69.437839	
567.874708  1  69.438165	
568.430369  1  69.438503	
568.989558  1  69.438865	
569.551882  1  69.439223	
570.117666  1  69.439590	
570.687240  1  69.439968	
571.260522  1  69.440393	
571.835424  1  69.440791	
572.411629  1  69.441155	
572.990275  1  69.441516	
573.572190  1  69.441877	
574.158072  1  69.442252	
574.748189  1  69.442644	
575.342640  1  69.443043	
575.941741  1  69.443454	
576.545627  1  69.443879	
577.153010  1  69.444346	
577.760800  1  69.444783	
578.369486  1  69.445154	
578.981699  1  69.445520	
579.598231  1  69.445901	
580.219626  1  69.446301	
580.846187  1  69.446720	
581.477769  1  69.447157	
582.108452  1  69.447596	
582.738770  1  69.448068	
583.368218  1  69.448486	
583.996350  1  69.448854	
584.623281  1  69.449220	
585.249140  1  69.449589	
585.874032  1  69.449967	
586.497942  1  69.450348	
587.120952  1  69.450740	
587.743645  1  69.451169	
588.365558  1  69.451546	
588.986348  1  69.451879	
589.606068  1  69.452208	
590.224731  1  69.452534	
590.842451  1  69.452872	
591.459819  1  69.453252	
592.076928  1  69.453603	
592.692720  1  69.453859	
593.307294  1  69.454120	
593.920894  1  69.454407	
594.533691  1  69.454720	
595.145780  1  69.455051	
595.757978  1  69.455432	
596.369341  1  69.455710	
596.979754  1  69.455968	
597.589218  1  69.456220	
598.198316  1  69.456505	
598.807005  1  69.456755	
599.414634  1  69.456949	
600.021310  1  69.457159	
600.612948  1  69.473576	
601.181629  1  69.486758	
601.726863  1  69.498211	
602.250989  1  69.508241	
602.756584  1  69.517095	
603.245827  1  69.524973	
603.720652  1  69.531930	
604.182272  1  69.538071	
604.632361  1  69.543534	
605.072174  1  69.548346	
605.502493  1  69.552563	
605.924326  1  69.556298	
606.338807  1  69.559628	
606.746577  1  69.562546	
607.148135  1  69.565096	
607.544260  1  69.567346	
607.935521  1  69.569293	
608.322340  1  69.570943	
608.704828  1  69.572337	
609.083409  1  69.573550	
609.458527  1  69.574622	
609.830548  1  69.575569	
610.199762  1  69.576396	
610.566408  1  69.577109	
610.930691  1  69.577711	
611.292793  1  69.578207	
611.652879  1  69.578601	
612.011104  1  69.578901	
612.367608  1  69.579111	
612.722524  1  69.579237	
613.075975  1  69.579284	
613.428075  1  69.579259	
613.778931  1  69.579166	
614.128641  1  69.579010	
614.477297  1  69.578796	
614.824985  1  69.578530	
615.171783  1  69.578214	
615.517766  1  69.577854	
615.863000  1  69.577452	
616.207549  1  69.577014	
616.551470  1  69.576542	
616.894818  1  69.576039	
617.237641  1  69.575508	
617.579986  1  69.574953	
617.921894  1  69.574375	
618.263405  1  69.573777	
618.604554  1  69.573162	
618.945374  1  69.572531	
619.285896  1  69.571887	
619.626147  1  69.571230	
619.966152  1  69.570563	
620.305936  1  69.569887	
620.645519  1  69.569203	
620.984920  1  69.568514	
621.324158  1  69.567818	
621.663248  1  69.567119	
622.002206  1  69.566416	
622.341044  1  69.565711	
622.679775  1  69.565004	
623.018409  1  69.564295	
623.356957  1  69.563586	
623.695427  1  69.562876	
624.033828  1  69.562167	
624.372166  1  69.561458	
624.710449  1  69.560750	
625.048681  1  69.560043	
625.386870  1  69.559336	
625.725019  1  69.558632	
626.063132  1  69.557928	
626.401213  1  69.557226	
626.739267  1  69.556525	
627.077296  1  69.555825	
627.415303  1  69.555126	
627.753290  1  69.554428	
628.091262  1  69.553732	
628.429219  1  69.553036	
628.767164  1  69.552340	
629.105099  1  69.551645	
629.443027  1  69.550950	
629.780949  1  69.550255	
630.118868  1  69.549560	
630.456786  1  69.548864	
630.794705  1  69.548167	
631.132626  1  69.547469	
631.470553  1  69.546769	
631.808487  1  69.546068	
632.146432  1  69.545364	
632.484389  1  69.544658	
632.822362  1  69.543950	
633.160353  1  69.543238	
633.498364  1  69.542524	
633.836400  1  69.541805	
634.174464  1  69.541083	
634.512558  1  69.540356	
634.850687  1  69.539626	
635.188855  1  69.538890	
635.527064  1  69.538149	
635.865320  1  69.537403	
636.203627  1  69.536651	
636.541990  1  69.535894	
636.880412  1  69.535130	
637.218899  1  69.534360	
637.557456  1  69.533584	
637.896088  1  69.532800	
638.234800  1  69.532010	
638.573598  1  69.531212	
638.912489  1  69.530407	
639.251477  1  69.529594	
639.590569  1  69.528774	
639.929771  1  69.527945	
640.269090  1  69.527108	
640.608532  1  69.526263	
640.948105  1  69.525409	
641.287816  1  69.524547	
641.627672  1  69.523675	
641.967679  1  69.522795	
642.307847  1  69.521906	
642.648182  1  69.521008	
642.988692  1  69.520100	
643.329386  1  69.519184	
643.670272  1  69.518258	
644.011357  1  69.517322	
644.352651  1  69.516377	
644.694163  1  69.515423	
645.035900  1  69.514459	
645.377872  1  69.513485	
645.720088  1  69.512502	
646.062558  1  69.511509	
646.405290  1  69.510507	
646.748294  1  69.509495	
647.091580  1  69.508474	
647.435157  1  69.507443	
647.779036  1  69.506403	
648.123225  1  69.505353	
648.467736  1  69.504293	
648.812579  1  69.503225	
649.157764  1  69.502147	
649.503300  1  69.501060	
649.849200  1  69.499964	
650.195474  1  69.498859	
650.542131  1  69.497744	
650.889184  1  69.496621	
651.236644  1  69.495490	
651.584520  1  69.494349	
651.932825  1  69.493200	
652.281570  1  69.492043	
652.630766  1  69.490878	
652.980425  1  69.489704	
653.330557  1  69.488522	
653.681127  1  69.487333	
654.032129  1  69.486135	
654.383575  1  69.484931	
654.735475  1  69.483719	
655.087842  1  69.482501	
655.440687  1  69.481275	
655.794021  1  69.480043	
656.147856  1  69.478804	
656.502204  1  69.477559	
656.857077  1  69.476307	
657.212486  1  69.475049	
657.568444  1  69.473786	
657.924963  1  69.472516	
658.282056  1  69.471242	
658.639733  1  69.469961	
658.998009  1  69.468676	
659.356895  1  69.467386	
659.716404  1  69.466090	
660.076549  1  69.464790	
660.437343  1  69.463486	
660.798798  1  69.462177	
661.160928  1  69.460864	
661.523746  1  69.459547	
661.887265  1  69.458227	
662.251499  1  69.456903	
662.616461  1  69.455575	
662.982164  1  69.454245	
663.348623  1  69.452911	
663.715851  1  69.451574	
664.083862  1  69.450235	
664.452671  1  69.448894	
664.822292  1  69.447550	
665.192738  1  69.446204	
665.564025  1  69.444856	
665.936167  1  69.443506	
666.309180  1  69.442155	
666.683077  1  69.440802	
667.057875  1  69.439448	
667.433588  1  69.438093	
667.810232  1  69.436738	
668.187822  1  69.435381	
668.566375  1  69.434024	
668.945906  1  69.432667	
669.326432  1  69.431310	
669.707968  1  69.429953	
670.090531  1  69.428596	
670.474092  1  69.427239	
670.858632  1  69.425884	
671.244167  1  69.424529	
671.630715  1  69.423176	
672.018275  1  69.421828	
672.406874  1  69.420476	
672.796532  1  69.419126	
673.187269  1  69.417778	
673.579103  1  69.416432	
673.972052  1  69.415088	
674.366135  1  69.413747	
674.761371  1  69.412408	
675.157778  1  69.411072	
675.555377  1  69.409739	
675.954185  1  69.408409	
676.354224  1  69.407082	
676.755512  1  69.405759	
677.158071  1  69.404439	
677.561920  1  69.403123	
677.967081  1  69.401811	
678.373575  1  69.400503	
678.781423  1  69.399199	
679.190648  1  69.397899	
679.601271  1  69.396604	
680.013316  1  69.395314	
680.426805  1  69.394029	
680.841761  1  69.392749	
681.258209  1  69.391474	
681.676172  1  69.390204	
682.095659  1  69.388943	
682.516700  1  69.387684	
682.939326  1  69.386430	
683.363563  1  69.385183	
683.789440  1  69.383941	
684.216983  1  69.382706	
684.646221  1  69.381477	
685.077169  1  69.380254	
685.509778  1  69.379039	
685.944078  1  69.377831	
686.380096  1  69.376630	
686.817863  1  69.375436	
687.257408  1  69.374250	
687.698763  1  69.373071	
688.141958  1  69.371901	
688.587026  1  69.370738	
689.034000  1  69.369583	
689.482913  1  69.368437	
689.933798  1  69.367299	
690.386672  1  69.366171	
690.841581  1  69.365049	
691.298565  1  69.363936	
691.757661  1  69.362831	
692.218908  1  69.361735	
692.682345  1  69.360648	
693.148014  1  69.359569	
693.615955  1  69.358500	
694.086211  1  69.357439	
694.558825  1  69.356388	
695.033843  1  69.355346	
695.511310  1  69.354313	
695.991274  1  69.353290	
696.473782  1  69.352275	
696.958886  1  69.351271	
697.446636  1  69.350275	
697.937085  1  69.349289	
698.430287  1  69.348313	
698.926300  1  69.347346	
699.425181  1  69.346388	
699.926989  1  69.345440	
700.431788  1  69.344501	
700.939564  1  69.343571	
701.450362  1  69.342651	
701.964248  1  69.341740	
702.481294  1  69.340839	
703.001570  1  69.339946	
703.525152  1  69.339062	
704.052118  1  69.338187	
704.582550  1  69.337320	
705.116530  1  69.336462	
705.654146  1  69.335612	
706.195491  1  69.334769	
706.740659  1  69.333934	
707.289750  1  69.333106	
707.842867  1  69.332285	
708.400119  1  69.331470	
708.961622  1  69.330661	
709.527493  1  69.329857	
710.097320  1  69.329059	
710.660902  1  69.328281	
711.218307  1  69.327520	
711.769607  1  69.326777	
712.314878  1  69.326050	
712.854197  1  69.325338	
713.387641  1  69.324640	
713.915289  1  69.323956	
714.437222  1  69.323285	
714.953522  1  69.322625	
715.464270  1  69.321976	
715.969548  1  69.321337	
716.469435  1  69.320708	
716.964008  1  69.320087	
717.453345  1  69.319473	
717.937526  1  69.318866	
718.416632  1  69.318266	
718.890746  1  69.317671	
719.359949  1  69.317080	
719.824322  1  69.316494	
720.283946  1  69.315912	
720.738903  1  69.315332	
721.189270  1  69.314756	
721.635129  1  69.314181	
722.076555  1  69.313609	
722.513627  1  69.313038	
722.946420  1  69.312467	
723.375009  1  69.311898	
723.799468  1  69.311328	
724.219869  1  69.310758	
724.636271  1  69.310188	
725.048770  1  69.309617	
725.457411  1  69.309044	
725.862285  1  69.308470	
726.263436  1  69.307894	
726.660948  1  69.307317	
727.054871  1  69.306735	
727.445282  1  69.306153	
727.832229  1  69.305566	
728.215785  1  69.304978	
728.595999  1  69.304384	
728.972941  1  69.303789	
729.346656  1  69.303188	
729.717212  1  69.302585	
730.084655  1  69.301975	
730.449048  1  69.301364	
730.810435  1  69.300744	
731.168877  1  69.300124	
731.524419  1  69.299494	
731.877116  1  69.298863	
732.227013  1  69.298223	
732.574162  1  69.297581	
732.918608  1  69.296930	
733.260399  1  69.296277	
733.599580  1  69.295613	
733.936197  1  69.294948	
734.270293  1  69.294272	
734.601911  1  69.293595	
734.931094  1  69.292905	
735.257884  1  69.292215	
735.582322  1  69.291512	
735.904446  1  69.290808	
736.224298  1  69.290091	
736.541914  1  69.289374	
736.857336  1  69.288642	
737.170596  1  69.287911	
737.481736  1  69.287163	
737.790780  1  69.286411	
738.097767  1  69.285652	
738.402735  1  69.284885	
738.705718  1  69.284112	
739.006751  1  69.283330	
739.305867  1  69.282541	
739.603099  1  69.281744	
739.898479  1  69.280939	
740.192039  1  69.280125	
740.483808  1  69.279304	
740.773817  1  69.278474	
741.062096  1  69.277636	
741.348674  1  69.276790	
741.633580  1  69.275935	
741.916843  1  69.275072	
742.198490  1  69.274200	
742.478549  1  69.273320	
742.757047  1  69.272431	
743.034010  1  69.271533	
743.309466  1  69.270627	
743.583439  1  69.269712	
743.855765  1  69.268788	
744.126397  1  69.267857	
744.395367  1  69.266918	
744.662704  1  69.265971	
744.928437  1  69.265015	
745.192596  1  69.264052	
745.455207  1  69.263081	
745.716300  1  69.262101	
745.975900  1  69.261114	
746.234036  1  69.260119	
746.490734  1  69.259115	
746.746019  1  69.258103	
746.999917  1  69.257084	
747.252455  1  69.256056	
747.503655  1  69.255020	
747.753544  1  69.253976	
748.002145  1  69.252924	
748.249483  1  69.251864	
748.495580  1  69.250796	
748.740460  1  69.249720	
748.984147  1  69.248635	
749.226662  1  69.247543	
749.468028  1  69.246443	
749.708267  1  69.245334	
749.947401  1  69.244218	
750.185453  1  69.243094	
750.422442  1  69.241961	
750.658390  1  69.240821	
750.893319  1  69.239673	
751.127248  1  69.238516	
751.360199  1  69.237352	
751.592192  1  69.236180	
751.823247  1  69.235000	
752.053383  1  69.233812	
752.282621  1  69.232617	
752.510980  1  69.231414	
752.738480  1  69.230202	
752.965139  1  69.228984	
753.190978  1  69.227757	
753.416015  1  69.226523	
753.640269  1  69.225282	
753.863759  1  69.224032	
754.086504  1  69.222776	
754.308522  1  69.221512	
754.529831  1  69.220240	
754.750451  1  69.218961	
754.970400  1  69.217675	
755.189695  1  69.216382	
755.408356  1  69.215081	
755.626400  1  69.213774	
755.843845  1  69.212459	
756.060710  1  69.211137	
756.277013  1  69.209809	
756.492771  1  69.208474	
756.708003  1  69.207132	
756.922728  1  69.205783	
757.136962  1  69.204428	
757.350724  1  69.203066	
757.564033  1  69.201698	
757.776906  1  69.200324	
757.989362  1  69.198943	
758.201419  1  69.197557	
758.413095  1  69.196164	
758.624408  1  69.194766	
758.835378  1  69.193361	
759.046022  1  69.191952	
759.256360  1  69.190536	
759.466410  1  69.189116	
759.676191  1  69.187690	
759.885722  1  69.186259	
760.095023  1  69.184823	
760.304111  1  69.183382	
760.513008  1  69.181937	
760.721733  1  69.180487	
760.930306  1  69.179034	
761.138746  1  69.177575	
761.347074  1  69.176113	
761.555311  1  69.174648	
761.763477  1  69.173179	
761.971593  1  69.171706	
762.179681  1  69.170230	
762.387763  1  69.168752	
762.595860  1  69.167271	
762.804038  1  69.165846	
763.012286  1  69.164383	
763.220619  1  69.162904	
763.429058  1  69.161419	
763.637626  1  69.159931	
763.846345  1  69.158442	
764.055242  1  69.156951	
764.264341  1  69.155460	
764.473666  1  69.153969	
764.683246  1  69.152478	
764.893105  1  69.150987	
765.103272  1  69.149497	
765.313774  1  69.148008	
765.524639  1  69.146521	
765.735897  1  69.145035	
765.947421  1  69.143553	
766.159232  1  69.142075	
766.371360  1  69.140601	
766.583836  1  69.139131	
766.796694  1  69.137667	
767.009965  1  69.136209	
767.223684  1  69.134757	
767.437885  1  69.133311	
767.652604  1  69.131872	
767.867876  1  69.130441	
768.083741  1  69.129019	
768.300235  1  69.127605	
768.517398  1  69.126200	
768.735270  1  69.124805	
768.953894  1  69.123421	
769.173312  1  69.122048	
769.393568  1  69.120687	
769.614708  1  69.119339	
769.836779  1  69.118003	
770.059829  1  69.116682	
770.283908  1  69.115375	
770.509069  1  69.114084	
770.735365  1  69.112809	
770.962851  1  69.111551	
771.191585  1  69.110311	
771.421626  1  69.109090	
771.653037  1  69.107888	
771.885881  1  69.106708	
772.120226  1  69.105549	
772.356139  1  69.104412	
772.593695  1  69.103300	
772.832967  1  69.102212	
773.074033  1  69.101150	
773.316976  1  69.100115	
773.561881  1  69.099108	
773.808835  1  69.098130	
774.057932  1  69.097184	
774.309269  1  69.096269	
774.562948  1  69.095387	
774.819074  1  69.094540	
775.077761  1  69.093729	
775.339124  1  69.092956	
775.603285  1  69.092222	
775.870375  1  69.091528	
776.140527  1  69.090876	
776.413886  1  69.090269	
776.690601  1  69.089706	
776.970798  1  69.089191	
777.254532  1  69.088725	
777.541974  1  69.088310	
777.833307  1  69.087948	
778.128721  1  69.087640	
778.428421  1  69.087389	
778.732621  1  69.087195	
779.041549  1  69.087062	
779.355448  1  69.086992	
779.674576  1  69.086985	
779.999205  1  69.087044	
780.329626  1  69.087172	
780.666152  1  69.087370	
781.009113  1  69.087640	
781.358864  1  69.087985	
781.715784  1  69.088406	
782.080280  1  69.088906	
782.452788  1  69.089487	
782.833775  1  69.090150	
783.223819  1  69.090910	
783.623339  1  69.091749	
784.032963  1  69.092674	
784.453173  1  69.093689	
784.884639  1  69.094797	
785.328091  1  69.095998	
785.784324  1  69.097294	
786.254201  1  69.098688	
786.738662  1  69.100179	
787.238733  1  69.101770	
787.755537  1  69.103462	
788.290301  1  69.105255	
788.844374  1  69.107150	
789.419237  1  69.109147	
790.016521  1  69.111248	
790.638022  1  69.113451	
791.285725  1  69.115758	
791.961819  1  69.118166	
792.668727  1  69.120675	
793.409125  1  69.123285	
794.185968  1  69.125994	
795.002516  1  69.128799	
795.862352  1  69.131699	
796.769400  1  69.134691	
797.727926  1  69.137772	
798.686452  1  69.140770	
799.644977  1  69.143683	
800.603503  1  69.146510	
801.562029  1  69.149253	
802.520555  1  69.151914	
803.479080  1  69.154495	
804.437606  1  69.157001	
805.396132  1  69.159434	
806.354658  1  69.161801	
807.313183  1  69.164104	
808.271709  1  69.166349	
809.230235  1  69.168540	
810.188761  1  69.170683	
811.147286  1  69.172780	
812.105812  1  69.174838	
813.064338  1  69.176859	
814.022863  1  69.178848	
814.981389  1  69.180808	
815.939915  1  69.182743	
816.898441  1  69.184656	
817.856966  1  69.186550	
818.815492  1  69.188428	
819.774018  1  69.190293	
820.732544  1  69.192146	
821.691069  1  69.193986	
822.649595  1  69.195818	
823.608121  1  69.197643	
824.566647  1  69.199465	
825.525172  1  69.201284	
826.483698  1  69.203102	
827.442224  1  69.204920	
828.400749  1  69.206738	
829.359275  1  69.208558	
830.317801  1  69.210380	
831.276327  1  69.212205	
832.234852  1  69.214034	
833.193378  1  69.215866	
834.151904  1  69.217702	
835.110430  1  69.219542	
836.068955  1  69.221386	
837.027481  1  69.223235	
837.986007  1  69.225089	
838.944533  1  69.226947	
839.903058  1  69.228811	
840.861584  1  69.230679	
841.820110  1  69.232552	
842.778635  1  69.234430	
843.737161  1  69.236312	
844.695687  1  69.238196	
845.654213  1  69.240085	
846.612738  1  69.241978	
847.571264  1  69.243876	
848.529790  1  69.245780	
849.488316  1  69.247689	
850.446841  1  69.249603	
851.405367  1  69.251522	
852.363893  1  69.253446	
853.322419  1  69.255376	
854.280944  1  69.257310	
855.239470  1  69.259248	
856.197996  1  69.261192	
857.156521  1  69.263140	
858.115047  1  69.265092	
859.073573  1  69.267049	
860.032099  1  69.269011	
860.990624  1  69.270976	
861.949150  1  69.272946	
862.907676  1  69.274919	
863.866202  1  69.276893	
864.824727  1  69.278870	
865.783253  1  69.280849	
866.741779  1  69.282831	
867.700305  1  69.284816	
868.658830  1  69.286804	
869.617356  1  69.288796	
870.575882  1  69.290790	
871.534407  1  69.292788	
872.492933  1  69.294788	
873.451459  1  69.296791	
874.409985  1  69.298797	
875.368510  1  69.300806	
876.327036  1  69.302818	
877.285562  1  69.304832	
878.244088  1  69.306850	
879.202613  1  69.308869	
880.161139  1  69.310892	
881.119665  1  69.312917	
882.078191  1  69.314945	
883.036716  1  69.316975	
883.995242  1  69.319008	
884.953768  1  69.321043	
885.912293  1  69.323081	
886.870819  1  69.325121	
887.829345  1  69.327163	
888.787871  1  69.329208	
889.746396  1  69.331255	
890.704922  1  69.333304	
891.663448  1  69.335355	
892.621974  1  69.337408	
893.580499  1  69.339462	
894.539025  1  69.341517	
895.497551  1  69.343573	
896.456076  1  69.345629	
897.414602  1  69.347685	
898.373128  1  69.349740	
899.331654  1  69.351796	
900.290179  1  69.353852	
901.248705  1  69.355909	
902.207231  1  69.357968	
903.165757  1  69.360027	
904.124282  1  69.362088	
905.082808  1  69.364150	
906.041334  1  69.366214	
906.999860  1  69.368279	
907.958385  1  69.370345	
908.916911  1  69.372413	
909.875437  1  69.374483	
910.833962  1  69.376554	
911.792488  1  69.378626	
912.751014  1  69.380700	
913.709540  1  69.382775	
914.668065  1  69.384852	
915.626591  1  69.386929	
916.585117  1  69.389008	
917.543643  1  69.391087	
918.502168  1  69.393167	
919.460694  1  69.395247	
920.419220  1  69.397329	
921.377746  1  69.399411	
922.336271  1  69.401494	
923.294797  1  69.403577	
924.253323  1  69.405661	
925.211848  1  69.407745	
926.170374  1  69.409828	
927.128900  1  69.411911	
928.087426  1  69.413994	
929.045951  1  69.416077	
930.004477  1  69.418159	
930.963003  1  69.420242	
931.921529  1  69.422325	
932.880054  1  69.424409	
933.838580  1  69.426493	
934.797106  1  69.428577	
935.755632  1  69.430662	
936.714157  1  69.432748	
937.672683  1  69.434834	
938.631209  1  69.436920	
939.589734  1  69.439007	
940.548260  1  69.441093	
941.506786  1  69.443180	
942.465312  1  69.445267	
943.423837  1  69.447354	
944.382363  1  69.449441	
945.340889  1  69.451528	
946.299415  1  69.453616	
947.257940  1  69.455704	
948.216466  1  69.457792	
949.174992  1  69.459881	
950.133518  1  69.461970	
951.092043  1  69.464059	
952.050569  1  69.466148	
953.009095  1  69.468236	
953.967620  1  69.470323	
954.926146  1  69.472411	
955.884672  1  69.474498	
956.843198  1  69.476584	
957.801723  1  69.478671	
958.760249  1  69.480757	
959.718775  1  69.482842	
960.677301  1  69.484928	
961.635826  1  69.487012	
962.594352  1  69.489096	
963.552878  1  69.491180	
964.511404  1  69.493263	
965.469929  1  69.495346	
966.428455  1  69.497429	
967.386981  1  69.499511	
968.345506  1  69.501593	
969.304032  1  69.503676	
970.262558  1  69.505758	
971.221084  1  69.507840	
972.179609  1  69.509923	
973.138135  1  69.512005	
974.096661  1  69.514088	
975.055187  1  69.516171	
976.013712  1  69.518253	
976.972238  1  69.520335	
977.930764  1  69.522415	
978.889290  1  69.524495	
979.847815  1  69.526574	
980.806341  1  69.528652	
981.764867  1  69.530729	
982.723392  1  69.532805	
983.681918  1  69.534880	
984.640444  1  69.536954	
985.598970  1  69.539027	
986.557495  1  69.541100	
987.516021  1  69.543172	
988.474547  1  69.545243	
989.433073  1  69.547314	
990.391598  1  69.549385	
991.350124  1  69.551455	
992.308650  1  69.553525	
993.267176  1  69.555595	
994.225701  1  69.557665	
995.184227  1  69.559736	
996.142753  1  69.561806	
997.101278  1  69.563876	
998.059804  1  69.565944	
999.018330  1  69.568012	
999.976856  1  69.570078	
1000.935381  1  69.572143	
1001.893907  1  69.574207	
1002.852433  1  69.576269	
1003.810959  1  69.578330	
1004.769484  1  69.580390	
1005.728010  1  69.582449	
1006.686536  1  69.584507	
1007.645061  1  69.586564	
1008.603587  1  69.588620	
1009.562113  1  69.590675	
1010.520639  1  69.592730	
1011.479164  1  69.594785	
1012.437690  1  69.596839	
1013.396216  1  69.598893	
1014.354742  1  69.600947	
1015.313267  1  69.603001	
1016.271793  1  69.605054	
1017.230319  1  69.607106	
1018.188845  1  69.609157	
1019.147370  1  69.611207	
1020.105896  1  69.613255	
1021.064422  1  69.615302	
1022.022947  1  69.617347	
1022.981473  1  69.619391	
1023.939999  1  69.621433	
1024.898525  1  69.623475	
1025.857050  1  69.625515	
1026.815576  1  69.627554	
1027.774102  1  69.629592	
1028.732628  1  69.631629	
1029.691153  1  69.633666	
1030.649679  1  69.635702	
1031.608205  1  69.637737	
1032.566731  1  69.639772	
1033.525256  1  69.641807	
1034.483782  1  69.643841	
1035.442308  1  69.645874	
1036.400833  1  69.647905	
1037.359359  1  69.649936	
1038.317885  1  69.651965	
1039.276411  1  69.653993	
1040.234936  1  69.656018	
1041.193462  1  69.658043	
1042.151988  1  69.660066	
1043.110514  1  69.662087	
1044.069039  1  69.664107	
1045.027565  1  69.666126	
1045.986091  1  69.668144	
1046.944617  1  69.670162	
1047.903142  1  69.672178	
1048.861668  1  69.674193	
1049.820194  1  69.676208	
1050.778719  1  69.678222	
1051.737245  1  69.680234	
1052.695771  1  69.682246	
1053.654297  1  69.684257	
1054.612822  1  69.686267	
1055.571348  1  69.688275	
1056.529874  1  69.690282	
1057.488400  1  69.692287	
1058.446925  1  69.694290	
1059.405451  1  69.696292	
1060.363977  1  69.698292	
1061.322503  1  69.700291	
1062.281028  1  69.702289	
1063.239554  1  69.704286	
1064.198080  1  69.706281	
1065.156605  1  69.708276	
1066.115131  1  69.710269	
1067.073657  1  69.712261	
1068.032183  1  69.714252	
1068.990708  1  69.716242	
1069.949234  1  69.718231	
1070.907760  1  69.720218	
1071.866286  1  69.722205	
1072.824811  1  69.724190	
1073.783337  1  69.726173	
1074.741863  1  69.728155	
1075.700389  1  69.730135	
1076.658914  1  69.732113	
1077.617440  1  69.734090	
1078.575966  1  69.736066	
1079.534491  1  69.738040	
1080.493017  1  69.740013	
1081.451543  1  69.741985	
1082.410069  1  69.743955	
1083.368594  1  69.745924	
1084.327120  1  69.747891	
1085.285646  1  69.749857	
1086.244172  1  69.751822	
1087.202697  1  69.753786	
1088.161223  1  69.755748	
1089.119749  1  69.757709	
1090.078275  1  69.759668	
1091.036800  1  69.761626	
1091.995326  1  69.763582	
1092.953852  1  69.765536	
1093.912377  1  69.767490	
1094.870903  1  69.769441	
1095.829429  1  69.771391	
1096.787955  1  69.773340	
1097.746480  1  69.775287	
1098.705006  1  69.777232	
1099.663532  1  69.779175	
1100.622058  1  69.781117	
1101.580583  1  69.783058	
1102.539109  1  69.784997	
1103.497635  1  69.786935	
1104.456161  1  69.788872	
1105.414686  1  69.790807	
1106.373212  1  69.792741	
1107.331738  1  69.794673	
1108.290263  1  69.796603	
1109.248789  1  69.798532	
1110.207315  1  69.800460	
1111.165841  1  69.802385	
1112.124366  1  69.804309	
1113.082892  1  69.806231	
1114.041418  1  69.808151	
1114.999944  1  69.810069	
1115.958469  1  69.811985	
1116.916995  1  69.813900	
1117.875521  1  69.815814	
1118.834047  1  69.817726	
1119.792572  1  69.819637	
1120.751098  1  69.821547	
1121.709624  1  69.823455	
1122.668149  1  69.825361	
1123.626675  1  69.827266	
1124.585201  1  69.829169	
1125.543727  1  69.831070	
1126.502252  1  69.832969	
1127.460778  1  69.834866	
1128.419304  1  69.836761	
1129.377830  1  69.838654	
1130.336355  1  69.840545	
1131.294881  1  69.842435	
1132.253407  1  69.844323	
1133.211932  1  69.846210	
1134.170458  1  69.848095	
1135.128984  1  69.849980	
1136.087510  1  69.851862	
1137.046035  1  69.853743	
1138.004561  1  69.855622	
1138.963087  1  69.857499	
1139.921613  1  69.859373	
1140.880138  1  69.861245	
1141.838664  1  69.863115	
1142.797190  1  69.864983	
1143.755716  1  69.866849	
1144.714241  1  69.868712	
1145.672767  1  69.870575	
1146.631293  1  69.872436	
1147.589818  1  69.874295	
1148.548344  1  69.876154	
1149.506870  1  69.878011	
1150.465396  1  69.879866	
1151.423921  1  69.881719	
1152.382447  1  69.883570	
1153.340973  1  69.885418	
1154.299499  1  69.887265	
1155.258024  1  69.889109	
1156.216550  1  69.890950	
1157.175076  1  69.892790	
1158.133602  1  69.894627	
1159.092127  1  69.896462	
1160.050653  1  69.898296	
1160.207557  1  69.898578	
1160.379195  1  69.898804	
1160.587167  1  69.898972	
1160.787795  1  69.899145	
1161.009120  1  69.899380	
1161.252145  1  69.899690	
1161.511910  1  69.900064	
1161.786730  1  69.900495	
1162.074795  1  69.900968	
1162.375993  1  69.901486	
1162.689163  1  69.902043	
1163.013715  1  69.902635	
1163.349498  1  69.903256	
1163.696508  1  69.903902	
1164.054753  1  69.904571	
1164.424221  1  69.905260	
1164.802499  1  69.905958	
1165.190439  1  69.906674	
1165.587288  1  69.907405	
1165.982928  1  69.908080	
1166.393775  1  69.908769	
1166.815054  1  69.909505	
1167.238657  1  69.910205	
1167.669382  1  69.910917	
1168.106022  1  69.911672	
1168.542255  1  69.912381	
1168.984193  1  69.913101	
1169.428625  1  69.913850	
1169.875977  1  69.914620	
1170.319794  1  69.915324	
1170.767193  1  69.916033	
1171.217265  1  69.916782	
1171.669750  1  69.917551	
1172.118439  1  69.918251	
1172.570212  1  69.918955	
1173.024232  1  69.919700	
1173.480303  1  69.920464	
1173.932029  1  69.921154	
1174.386464  1  69.921851	
1174.842030  1  69.922567	
1175.298998  1  69.923307	
1175.751450  1  69.923980	
1176.206636  1  69.924666	
1176.663674  1  69.925396	
1177.117370  1  69.926083	
1177.572995  1  69.926782	
1178.029748  1  69.927516	
1178.487236  1  69.928267	
1178.939868  1  69.928950	
1179.393693  1  69.929641	
1179.847940  1  69.930369	
1180.302354  1  69.931113	
1180.752557  1  69.931801	
1181.203695  1  69.932496	
1181.655247  1  69.933223	
1182.107133  1  69.933964	
1182.555369  1  69.934650	
1183.004811  1  69.935342	
1183.454947  1  69.936066	
1183.905706  1  69.936804	
1184.353039  1  69.937484	
1184.798844  1  69.938166	
1185.244887  1  69.938886	
1185.691180  1  69.939620	
1186.137753  1  69.940360	
1186.581216  1  69.941043	
1187.025771  1  69.941732	
1187.470916  1  69.942451	
1187.916589  1  69.943184	
1188.359493  1  69.943863	
1188.803601  1  69.944550	
1189.248417  1  69.945268	
1189.693887  1  69.945999	
1190.136703  1  69.946676	
1190.580818  1  69.947365	
1191.008554  1  69.948058	
1191.414598  1  69.948717	
1191.803356  1  69.949281	
1192.182979  1  69.949814	
1192.554727  1  69.950343	
1192.921442  1  69.950876	
1193.281607  1  69.951354	
1193.638832  1  69.951820	
1193.993260  1  69.952309	
1194.345203  1  69.952809	
1194.692507  1  69.953260	
1195.038179  1  69.953704	
1195.382102  1  69.954174	
1195.724393  1  69.954659	
1196.063025  1  69.955103	
1196.400560  1  69.955541	
1196.736843  1  69.956004	
1197.071926  1  69.956482	
1197.404011  1  69.956925	
1197.735296  1  69.957360	
1198.065674  1  69.957821	
1198.395195  1  69.958295	
1198.722256  1  69.958735	
1199.048848  1  69.959169	
1199.374874  1  69.959626	
1199.700380  1  69.960096	
1200.023794  1  69.960532	
1200.347048  1  69.960961	
1200.672286  1  69.961114	
1200.985047  1  69.961197	
1201.297534  1  69.961456	
1201.609875  1  69.961816	
1201.922101  1  69.962225	
1202.234216  1  69.962659	
1202.546228  1  69.963106	
1202.858152  1  69.963559	
1203.170010  1  69.964016	
1203.481831  1  69.964474	
1203.793521  1  69.964930	
1204.107148  1  69.965391	
1204.420969  1  69.965855	
1204.728388  1  69.966311	
1205.037770  1  69.966770	
1205.347383  1  69.967229	
1205.656997  1  69.967688	
1205.966601  1  69.968147	
1206.276218  1  69.968606	
1206.585873  1  69.969065	
1206.895593  1  69.969524	
1207.205400  1  69.969983	
1207.508635  1  69.970252	
1207.812954  1  69.970464	
1208.117550  1  69.970784	
1208.421241  1  69.971139	
1208.725240  1  69.971516	
1209.029396  1  69.971927	
1209.332463  1  69.972325	
1209.635315  1  69.972726	
1209.938088  1  69.973148	
1210.240050  1  69.973555	
1210.542220  1  69.973961	
1210.844499  1  69.974384	
1211.146056  1  69.974792	
1211.447854  1  69.975198	
1211.749772  1  69.975621	
1212.051001  1  69.976030	
1212.352451  1  69.976437	
1212.654002  1  69.976861	
1212.954881  1  69.977272	
1213.255946  1  69.977681	
1213.556597  1  69.978091	
1213.857380  1  69.978507	
1214.157753  1  69.978921	
1214.458245  1  69.979340	
1214.758336  1  69.979756	
1215.058545  1  69.980176	
1215.358372  1  69.980593	
1215.658332  1  69.981014	
1215.957939  1  69.981431	
1216.257707  1  69.981852	
1216.557154  1  69.982269	
1216.856796  1  69.982689	
1217.156148  1  69.983106	
1217.455727  1  69.983525	
1217.755043  1  69.983940	
1218.054611  1  69.984358	
1218.353937  1  69.984773	
1218.653534  1  69.985191	
1218.952904  1  69.985604	
1219.252561  1  69.986021	
1219.552449  1  69.986451	
1219.851483  1  69.986862	
1220.150340  1  69.987274	
1220.448954  1  69.987695	
1220.747537  1  69.988127	
1221.045817  1  69.988556	
1221.344239  1  69.988985	
1221.642442  1  69.989410	
1221.940880  1  69.989835	
1222.239137  1  69.990255	
1222.537666  1  69.990676	
1222.836026  1  69.991094	
1223.134671  1  69.991513	
1223.433149  1  69.991929	
1223.731914  1  69.992347	
1224.030515  1  69.992762	
1224.328906  1  69.993161	
1224.627646  1  69.993580	
1224.926319  1  69.993999	
1225.225324  1  69.994421	
1225.524222  1  69.994840	
1225.823419  1  69.995263	
1226.122478  1  69.995681	
1226.421801  1  69.996103	
1226.720959  1  69.996522	
1227.020350  1  69.996944	
1227.319555  1  69.997363	
1227.618960  1  69.997785	
1227.918161  1  69.998205	
1228.217534  1  69.998628	
1228.516685  1  69.999048	
1228.815983  1  69.999471	
1229.115048  1  69.999892	
1229.414239  1  70.000316	
1229.713190  1  70.000737	
1230.012255  1  70.001161	
1230.311080  1  70.001582	
1230.610027  1  70.002007	
1230.908732  1  70.002428	
1231.207566  1  70.002853	
1231.506171  1  70.003273	
1231.804921  1  70.003697	
1232.103457  1  70.004117	
1232.402155  1  70.004540	
1232.700655  1  70.004959	
1232.999334  1  70.005381	
1233.297829  1  70.005799	
1233.596517  1  70.006220	
1233.895033  1  70.006637	
1234.193753  1  70.007057	
1234.492310  1  70.007474	
1234.790915  1  70.007886	
1235.089553  1  70.008300	
1235.388225  1  70.008716	
1235.686874  1  70.009131	
1235.985227  1  70.009549	
1236.283322  1  70.009969	
1236.581192  1  70.010390	
1236.878877  1  70.010812	
1237.176416  1  70.011233	
1237.473849  1  70.011654	
1237.771208  1  70.012074	
1238.068520  1  70.012493	
1238.365804  1  70.012911	
1238.663078  1  70.013328	
1238.960352  1  70.013745	
1239.257636  1  70.014161	
1239.554938  1  70.014577	
1239.852261  1  70.014992	
1240.149611  1  70.015407	
1240.446991  1  70.015822	
1240.744404  1  70.016236	
1241.041852  1  70.016650	
1241.339340  1  70.017065	
1241.636697  1  70.017476	
1241.933723  1  70.017889	
1242.230561  1  70.018302	
1242.527287  1  70.018714	
1242.823938  1  70.019126	
1243.120538  1  70.019538	
1243.417098  1  70.019951	
1243.713626  1  70.020363	
1244.010125  1  70.020777	
1244.306597  1  70.021191	
1244.603042  1  70.021605	
1244.899458  1  70.022020	
1245.195845  1  70.022436	
1245.492200  1  70.022852	
1245.788519  1  70.023268	
1246.084802  1  70.023685	
1246.381045  1  70.024103	
1246.677246  1  70.024521	
1246.973405  1  70.024939	
1247.269521  1  70.025357	
1247.565596  1  70.025776	
1247.861630  1  70.026194	
1248.157627  1  70.026613	
1248.453592  1  70.027031	
1248.749529  1  70.027449	
1249.045443  1  70.027867	
1249.341340  1  70.028284	
1249.637227  1  70.028701	
1249.933109  1  70.029118	
1250.228991  1  70.029534	
1250.524880  1  70.029949	
1250.820779  1  70.030364	
1251.116694  1  70.030779	
1251.412627  1  70.031193	
1251.708583  1  70.031607	
1252.004564  1  70.032021	
1252.300573  1  70.032434	
1252.596613  1  70.032847	
1252.892685  1  70.033260	
1253.188792  1  70.033672	
1253.484935  1  70.034085	
1253.781116  1  70.034497	
1254.105472  1  70.034953	
1254.363010  1  70.035304	
1254.651740  1  70.035687	
1254.945258  1  70.036087	
1255.267085  1  70.036545	
1255.522938  1  70.036895	
1255.810736  1  70.037275	
1256.103663  1  70.037669	
1256.397827  1  70.038077	
1256.692491  1  70.038494	
1256.987441  1  70.038913	
1257.282589  1  70.039334	
1257.577890  1  70.039754	
1257.873315  1  70.040173	
1258.168845  1  70.040591	
1258.490679  1  70.041041	
1258.746643  1  70.041385	
1259.035135  1  70.041758	
1259.328811  1  70.042149	
1259.623729  1  70.042556	
1259.919133  1  70.042972	
1260.214798  1  70.043393	
1260.510624  1  70.043816	
1260.806556  1  70.044239	
1261.102559  1  70.044662	
1261.398604  1  70.045084	
1261.694670  1  70.045505	
1261.990741  1  70.045926	
1262.286800  1  70.046347	
1262.582837  1  70.046767	
1262.878842  1  70.047186	
1263.174806  1  70.047606	
1263.470724  1  70.048025	
1263.766589  1  70.048444	
1264.062400  1  70.048863	
1264.358153  1  70.049282	
1264.653849  1  70.049701	
1264.949487  1  70.050119	
1265.245069  1  70.050537	
1265.540598  1  70.050954	
1265.836077  1  70.051371	
1266.131510  1  70.051787	
1266.426901  1  70.052203	
1266.722255  1  70.052619	
1267.017577  1  70.053033	
1267.312870  1  70.053448	
1267.608140  1  70.053862	
1267.903390  1  70.054275	
1268.198625  1  70.054688	
1268.493847  1  70.055100	
1268.789061  1  70.055512	
1269.084268  1  70.055924	
1269.379471  1  70.056335	
1269.674673  1  70.056746	
1269.969876  1  70.057157	
1270.265081  1  70.057567	
1270.560291  1  70.057978	
1270.855507  1  70.058388	
1271.150701  1  70.058797	
1271.445675  1  70.059206	
1271.758863  1  70.059648	
1272.009953  1  70.059971	
1272.296698  1  70.060324	
1272.604970  1  70.060729	
1272.853789  1  70.061038	
1273.139389  1  70.061391	
1273.430728  1  70.061622	
1273.679326  1  70.061568	
1273.964707  1  70.061784	
1274.255821  1  70.062048	
1274.548384  1  70.062320	
1274.841597  1  70.062597	
1275.135227  1  70.062880	
1275.429173  1  70.063164	
1275.723379  1  70.063447	
1276.017809  1  70.063735	
1276.312439  1  70.064026	
1276.607262  1  70.064547	
1276.902244  1  70.064843	
1277.048884  1  70.064525	
1277.207087  1  70.064151	
1277.395773  1  70.063982	
1277.578780  1  70.063799	
1277.789250  1  70.063895	
1278.019227  1  70.064246	
1278.265266  1  70.064442	
1278.513997  1  70.064608	
1278.787901  1  70.064771	
1279.075502  1  70.065041	
1279.369155  1  70.065351	
1279.663579  1  70.065676	
1279.958507  1  70.066004	
1280.253812  1  70.066336	
1280.504202  1  70.066546	
1280.792148  1  70.066822	
1281.085838  1  70.067114	
1281.380847  1  70.067434	
1281.630849  1  70.067658	
1281.918833  1  70.067927	
1282.212670  1  70.068233	
1282.461779  1  70.068471	
1282.749536  1  70.068737	
1283.043341  1  70.069041	
1283.292278  1  70.069275	
1283.580103  1  70.069535	
1283.885016  1  70.069528	
1284.133449  1  70.069774	
1284.421304  1  70.070071	
1284.715432  1  70.070395	
1284.964415  1  70.070636	
1285.252681  1  70.070896	
1285.557598  1  70.070879	
1285.806301  1  70.071114	
1286.094759  1  70.071397	
1286.389480  1  70.071673	
1286.685848  1  70.071989	
1286.994585  1  70.072330	
1287.245081  1  70.072295	
1287.534854  1  70.072567	
1287.830648  1  70.072876	
1288.127961  1  70.073193	
1288.425960  1  70.073512	
1288.736046  1  70.073845	
1288.994575  1  70.074084	
1289.285359  1  70.074048	
1289.592072  1  70.074375	
1289.848095  1  70.074637	
1290.085884  1  70.074812	
1290.315591  1  70.074963	
1290.541099  1  70.075070	
1290.764172  1  70.075155	
1290.985712  1  70.074980	
1291.206232  1  70.075058	
1291.426059  1  70.075015	
1291.645429  1  70.075085	
1291.864511  1  70.075141	
1292.083406  1  70.075234	
1292.302214  1  70.075444	
1292.520968  1  70.075470	
1292.739688  1  70.075290	
1292.958394  1  70.075378	
1293.177116  1  70.075488	
1293.395881  1  70.075590	
1293.614718  1  70.075684	
1293.833648  1  70.075651	
1294.052707  1  70.075852	
1294.271916  1  70.075713	
1294.491290  1  70.075806	
1294.710848  1  70.075796	
1294.930613  1  70.075886	
1295.150607  1  70.075990	
1295.370773  1  70.076082	
1295.591099  1  70.076288	
1295.811595  1  70.076386	
1296.032267  1  70.076210	
1296.253121  1  70.076300	
1296.474161  1  70.076297	
1296.695403  1  70.076390	
1296.916855  1  70.076495	
1297.138521  1  70.076593	
1297.360399  1  70.076676	
1297.582492  1  70.076874	
1297.804786  1  70.076976	
1298.027266  1  70.076827	
1298.249915  1  70.076818	
1298.472734  1  70.076929	
1298.695725  1  70.077050	
1298.918885  1  70.077162	
1299.142204  1  70.077245	
1299.365684  1  70.077335	
1299.589319  1  70.077436	
1299.813109  1  70.077642	
1300.037041  1  70.077750	
1300.261106  1  70.077609	
1300.485299  1  70.077713	
1300.709628  1  70.077835	
1300.934101  1  70.077949	
1301.158726  1  70.078056	
1301.383510  1  70.078161	
1301.608455  1  70.078164	
1301.833573  1  70.078257	
1302.058879  1  70.078462	
1302.284373  1  70.078352	
1302.510054  1  70.078455	
1302.735855  1  70.078476	
1302.961692  1  70.078579	
1303.187597  1  70.078694	
1303.413587  1  70.078805	
1303.639670  1  70.078912	
1303.865852  1  70.079108	
1304.092125  1  70.079220	
1304.318481  1  70.079086	
1304.544914  1  70.079197	
1304.771432  1  70.079311	
1304.998034  1  70.079447	
1305.224721  1  70.079568	
1305.451496  1  70.079689	
1305.678355  1  70.079723	
1305.905307  1  70.079833	
1306.132358  1  70.079956	
1306.359519  1  70.080156	
1306.586788  1  70.080277	
1306.814166  1  70.080168	
1307.041661  1  70.080255	
1307.269280  1  70.080399	
1307.497028  1  70.080451	
1307.724923  1  70.080562	
1307.952976  1  70.080683	
1308.181194  1  70.080798	
1308.409584  1  70.080909	
1308.638145  1  70.081084	
1308.867063  1  70.080988	
1309.096282  1  70.081105	
1309.325746  1  70.081170	
1309.555423  1  70.081294	
1309.785282  1  70.081426	
1310.015296  1  70.081553	
1310.245441  1  70.081677	
1310.475694  1  70.081800	
1310.706039  1  70.081989	
1310.936452  1  70.081897	
1311.166920  1  70.082024	
1311.397434  1  70.082102	
1311.627996  1  70.082232	
1311.858611  1  70.082368	
1312.089279  1  70.082456	
1312.320003  1  70.082587	
1312.550785  1  70.082715	
1312.781633  1  70.082901	
1313.012541  1  70.082813	
1313.243516  1  70.082938	
1313.474563  1  70.083019	
1313.705697  1  70.083146	
1313.936929  1  70.083277	
1314.168267  1  70.083403	
1314.399716  1  70.083525	
1314.631240  1  70.083701	
1314.862666  1  70.083622	
1315.094013  1  70.083745	
1315.325288  1  70.083827	
1315.556504  1  70.083954	
1315.787672  1  70.084088	
1316.018806  1  70.084218	
1316.249920  1  70.084345	
1316.481030  1  70.084471	
1316.712151  1  70.084648	
1316.943291  1  70.084570	
1317.174463  1  70.084699	
1317.405680  1  70.084790	
1317.636963  1  70.084919	
1317.868237  1  70.085049	
1318.099217  1  70.085172	
1318.329982  1  70.085291	
1318.560650  1  70.085518	
1318.791162  1  70.085661	
1319.021605  1  70.085599	
1319.252012  1  70.085731	
1319.482414  1  70.085877	
1319.712828  1  70.085968	
1319.943278  1  70.086139	
1320.173776  1  70.086278	
1320.404324  1  70.086364	
1320.634930  1  70.086531	
1320.865596  1  70.086669	
1321.096318  1  70.086799	
1321.327091  1  70.086735	
1321.557919  1  70.086878	
1321.788806  1  70.087026	
1322.019750  1  70.087131	
1322.250754  1  70.087315	
1322.481813  1  70.087464	
1322.712920  1  70.087567	
1322.944079  1  70.087716	
1323.175284  1  70.087853	
1323.406524  1  70.087816	
1323.637800  1  70.087970	
1323.869117  1  70.088068	
1324.100484  1  70.088207	
1324.331898  1  70.088372	
1324.563364  1  70.088521	
1324.794883  1  70.088663	
1325.026457  1  70.088801	
1325.258091  1  70.088969	
1325.489795  1  70.088831	
1325.721539  1  70.089012	
1325.953262  1  70.089177	
1326.184972  1  70.089124	
1326.416621  1  70.089318	
1326.648198  1  70.089501	
1326.879704  1  70.089671	
1327.111149  1  70.089830	
1327.342546  1  70.090002	
1327.573924  1  70.089791	
1327.805274  1  70.089952	
1328.036603  1  70.090139	
1328.267935  1  70.090296	
1328.499288  1  70.090427	
1328.730671  1  70.090576	
1328.962100  1  70.090517	
1329.193535  1  70.090683	
1329.424951  1  70.090848	
1329.656336  1  70.090985	
1329.887719  1  70.090911	
1330.119097  1  70.090637	
1330.350448  1  70.090650	
1330.581738  1  70.090941	
1330.812997  1  70.090997	
1331.044234  1  70.091197	
1331.275473  1  70.091371	
1331.506726  1  70.091524	
1331.738003  1  70.091667	
1331.969300  1  70.091634	
1332.200620  1  70.091781	
1332.431961  1  70.091937	
1332.663322  1  70.092085	
1332.894701  1  70.092228	
1333.126095  1  70.092366	
1333.357504  1  70.092504	
1333.588927  1  70.092473	
1333.820374  1  70.092616	
1334.051859  1  70.092766	
1334.283398  1  70.092872	
1334.514990  1  70.093017	
1334.746633  1  70.093130	
1334.978325  1  70.093267	
1335.210349  1  70.091764	
1335.442135  1  70.091991	
1335.674039  1  70.092305	
1335.906104  1  70.092545	
1336.138349  1  70.092738	
1336.370767  1  70.092904	
1336.603340  1  70.093056	
1336.836047  1  70.093199	
1337.068907  1  70.093008	
1337.301858  1  70.093055	
1337.534836  1  70.093289	
1337.767826  1  70.093480	
1338.000827  1  70.093646	
1338.233847  1  70.093797	
1338.466892  1  70.093939	
1338.699966  1  70.094076	
1338.933076  1  70.094210	
1339.166614  1  70.094345	
1339.399811  1  70.094485	
1339.632750  1  70.094614	
1339.865618  1  70.094734	
1340.098420  1  70.094851	
1340.331147  1  70.094967	
1340.563782  1  70.095084	
1340.796310  1  70.095203	
1341.028724  1  70.095285	
1341.260997  1  70.095416	
1341.493115  1  70.095545	
1341.725036  1  70.095672	
1341.956749  1  70.095799	
1342.188201  1  70.095923	
1342.419415  1  70.096049	
1342.650393  1  70.096157	
1342.881047  1  70.096287	
1343.111331  1  70.096417	
1343.341266  1  70.096545	
1343.570755  1  70.096674	
1343.799779  1  70.096764	
1344.028416  1  70.096899	
1344.256709  1  70.097030	
1344.484714  1  70.097157	
1344.712087  1  70.097289	
1344.938268  1  70.097408	
1345.163506  1  70.097522	
1345.388007  1  70.097632	
1345.611909  1  70.097742	
1345.835365  1  70.097288	
1346.058352  1  70.097499	
1346.280922  1  70.097692	
1346.503139  1  70.097845	
1346.725058  1  70.097973	
1346.946711  1  70.097138	
1347.168185  1  70.097305	
1347.389306  1  70.097433	
1347.609962  1  70.097579	
1347.830262  1  70.097651	
1348.049965  1  70.097758	
1348.268768  1  70.097819	
1348.486863  1  70.097866	
1348.704393  1  70.097964	
1348.921479  1  70.098022	
1349.138221  1  70.098092	
1349.354692  1  70.098159	
1349.570952  1  70.098223	
1349.787038  1  70.098281	
1350.002993  1  70.098324	
1350.218832  1  70.098381	
1350.434575  1  70.098437	
1350.650231  1  70.098491	
1350.865818  1  70.098543	
1351.081344  1  70.098593	
1351.296815  1  70.098642	
1351.512237  1  70.098690	
1351.727351  1  70.098729	
1351.942027  1  70.098730	
1352.156311  1  70.098739	
1352.370255  1  70.098762	
1352.583919  1  70.098786	
1352.797355  1  70.098812	
1353.010608  1  70.098840	
1353.223716  1  70.098868	
1353.436709  1  70.098895	
1353.649611  1  70.098939	
1353.862007  1  70.099007	
1354.073612  1  70.099068	
1354.284589  1  70.099125	
1354.495071  1  70.099181	
1354.705175  1  70.099228	
1354.914994  1  70.099266	
1355.124601  1  70.099298	
1355.334052  1  70.099326	
1355.543386  1  70.099351	
1355.752641  1  70.099352	
1355.961820  1  70.099367	
1356.170962  1  70.099057	
1356.379963  1  70.099076	
1356.588844  1  70.099050	
1356.797334  1  70.099044	
1357.005320  1  70.099029	
1357.212835  1  70.099052	
1357.419937  1  70.099069	
1357.626707  1  70.099082	
1357.833215  1  70.099092	
1358.039529  1  70.099102	
1358.245699  1  70.099112	
1358.451766  1  70.099122	
1358.657763  1  70.099132	
1358.863715  1  70.099142	
1359.069602  1  70.099155	
1359.275408  1  70.099168	
1359.481161  1  70.099179	
1359.686883  1  70.099189	
1359.892594  1  70.099175	
1360.098311  1  70.099190	
1360.304048  1  70.099201	
1360.509813  1  70.099210	
1360.715615  1  70.099192	
1360.921453  1  70.099192	
1361.127329  1  70.099202	
1361.333246  1  70.099211	
1361.539104  1  70.099194	
1361.744728  1  70.099163	
1361.950021  1  70.099128	
1362.154646  1  70.099122	
1362.358335  1  70.099148	
1362.561159  1  70.099171	
1362.763300  1  70.099183	
1362.964936  1  70.099185	
1363.166213  1  70.099179	
1363.367247  1  70.099169	
1363.568119  1  70.099157	
1363.768893  1  70.099143	
1363.969613  1  70.099129	
1364.170318  1  70.099114	
1364.371036  1  70.099099	
1364.571786  1  70.099084	
1364.772584  1  70.099069	
1364.973441  1  70.099054	
1365.174338  1  70.099016	
1365.375275  1  70.098969	
1365.576079  1  70.098911	
1365.776629  1  70.098856	
1365.976921  1  70.098810	
1366.176994  1  70.098771	
1366.376910  1  70.098737	
1366.576725  1  70.098707	
1366.776489  1  70.098672	
1366.976236  1  70.098637	
1367.176055  1  70.098232	
1367.375750  1  70.098110	
1367.575455  1  70.098030	
1367.775127  1  70.098023	
1367.974742  1  70.098047	
1368.174325  1  70.098046	
1368.373916  1  70.098049	
1368.573747  1  70.098005	
1368.773586  1  70.097938	
1368.973253  1  70.097877	
1369.172709  1  70.097827	
1369.371984  1  70.097785	
1369.571129  1  70.097748	
1369.770202  1  70.097716	
1369.969251  1  70.097685	
1370.168322  1  70.097655	
1370.367158  1  70.097663	
1370.565350  1  70.097695	
1370.762806  1  70.097713	
1370.959682  1  70.097709	
1371.156516  1  70.097639	
1371.353126  1  70.097541	
1371.549343  1  70.097451	
1371.745170  1  70.097344	
1371.940665  1  70.097272	
1372.135919  1  70.097218	
1372.330974  1  70.097173	
1372.525864  1  70.097129	
1372.720665  1  70.097083	
1372.915440  1  70.097037	
1373.110245  1  70.096985	
1373.305646  1  70.096865	
1373.501299  1  70.096725	
1373.696866  1  70.096623	
1373.892209  1  70.096546	
1374.087305  1  70.096479	
1374.282218  1  70.096389	
1374.477019  1  70.096325	
1374.671776  1  70.096273	
1374.866550  1  70.096221	
1375.062069  1  70.096103	
1375.257961  1  70.095969	
1375.453823  1  70.095858	
1375.649487  1  70.095770	
1375.844913  1  70.095697	
1376.040162  1  70.095629	
1376.235311  1  70.095566	
1376.431253  1  70.095428	
1376.627612  1  70.095279	
1376.823941  1  70.095156	
1377.020088  1  70.095058	
1377.216020  1  70.094979	
1377.411753  1  70.094909	
1377.608324  1  70.094359	
1377.805301  1  70.094065	
1378.002157  1  70.093864	
1378.198551  1  70.093859	
1378.395113  1  70.093705	
1378.591093  1  70.093584	
1378.786053  1  70.093502	
1378.980001  1  70.093421	
1379.173124  1  70.093343	
1379.365639  1  70.093268	
1379.557742  1  70.093196	
1379.749590  1  70.093127	
1379.941308  1  70.093060	
1380.132994  1  70.092987	
1380.324722  1  70.092883	
1380.516544  1  70.092811	
1380.708497  1  70.092728	
1380.900620  1  70.092669	
1381.092940  1  70.092611	
1381.285460  1  70.092557	
1381.478151  1  70.092504	
1381.671007  1  70.092448	
1381.864046  1  70.092388	
1382.057274  1  70.092331	
1382.250688  1  70.092272	
1382.444305  1  70.092210	
1382.638139  1  70.092149	
1382.832203  1  70.092088	
1383.026502  1  70.092027	
1383.221026  1  70.091967	
1383.415766  1  70.091907	
1383.610733  1  70.091845	
1383.805944  1  70.091781	
1384.001417  1  70.091717	
1384.197166  1  70.091653	
1384.393198  1  70.091589	
1384.589361  1  70.091557	
1384.785230  1  70.091555	
1384.980549  1  70.091481	
1385.175350  1  70.091436	
1385.369736  1  70.091367	
1385.563828  1  70.091285	
1385.757760  1  70.091215	
1385.951648  1  70.091144	
1386.145582  1  70.091071	
1386.339633  1  70.090997	
1386.533853  1  70.090923	
1386.728283  1  70.090849	
1386.923100  1  70.090353	
1387.117931  1  70.090149	
1387.312977  1  70.090085	
1387.508191  1  70.089910	
1387.703530  1  70.089883	
1387.899025  1  70.089664	
1388.094685  1  70.089605	
1388.290528  1  70.089558	
1388.486581  1  70.089524	
1388.682868  1  70.089490	
1388.879388  1  70.089456	
1389.076128  1  70.089418	
1389.273104  1  70.089375	
1389.470330  1  70.089327	
1389.667829  1  70.089275	
1389.865619  1  70.089220	
1390.063470  1  70.089198	
1390.260899  1  70.089214	
1390.457792  1  70.089200	
1390.654163  1  70.089153	
1390.850134  1  70.089087	
1391.045861  1  70.089011	
1391.241477  1  70.088933	
1391.437097  1  70.088852	
1391.632804  1  70.088771	
1391.828664  1  70.088690	
1392.024715  1  70.088610	
1392.220962  1  70.088534	
1392.417426  1  70.088445	
1392.614129  1  70.088322	
1392.811083  1  70.088234	
1393.008304  1  70.088157	
1393.205782  1  70.088083	
1393.403505  1  70.088012	
1393.601478  1  70.087928	
1393.799712  1  70.087820	
1393.998213  1  70.087725	
1394.196985  1  70.087645	
1394.396046  1  70.087566	
1394.595066  1  70.087523	
1394.793706  1  70.087504	
1394.992131  1  70.087019	
1395.189965  1  70.086795	
1395.387393  1  70.086713	
1395.584532  1  70.086520	
1395.781492  1  70.086269	
1395.978314  1  70.086188	
1396.175086  1  70.086112	
1396.371908  1  70.086033	
1396.568854  1  70.085956	
1396.765994  1  70.085878	
1396.963382  1  70.085797	
1397.161059  1  70.085716	
1397.359045  1  70.085634	
1397.557314  1  70.085556	
1397.755853  1  70.085480	
1397.954658  1  70.085404	
1398.153733  1  70.085325	
1398.353082  1  70.085242	
1398.552724  1  70.085158	
1398.752292  1  70.085104	
1398.951340  1  70.085084	
1399.150140  1  70.085018	
1399.348638  1  70.084875	
1399.546876  1  70.084762	
1399.744892  1  70.084673	
1399.942818  1  70.084571	
1400.140745  1  70.084474	
1400.338707  1  70.084379	
1400.536783  1  70.084283	
1400.735015  1  70.084184	
1400.933463  1  70.084084	
1401.132100  1  70.083988	
1401.330986  1  70.083890	
1401.530158  1  70.083789	
1401.729632  1  70.083687	
1401.929607  1  70.083145	
1402.129176  1  70.082896	
1402.327956  1  70.082700	
1402.526555  1  70.082647	
1402.724841  1  70.082370	
1402.922837  1  70.082272	
1403.120644  1  70.082166	
1403.318302  1  70.082070	
1403.516010  1  70.081969	
1403.713781  1  70.081867	
1403.911675  1  70.081763	
1404.109789  1  70.081639	
1404.308141  1  70.081528	
1404.506769  1  70.081417	
1404.705700  1  70.081307	
1404.904960  1  70.081196	
1405.103986  1  70.081077	
1405.302613  1  70.080995	
1405.501269  1  70.080889	
1405.699799  1  70.080783	
1405.898139  1  70.080674	
1406.096449  1  70.080559	
1406.294747  1  70.080443	
1406.493133  1  70.080324	
1406.691683  1  70.080202	
1406.890438  1  70.080079	
1407.089445  1  70.079955	
1407.288139  1  70.079859	
1407.485814  1  70.079792	
1407.683803  1  70.079679	
1407.881727  1  70.079111	
1408.079097  1  70.078773	
1408.276059  1  70.078432	
1408.472704  1  70.078310	
1408.669103  1  70.077984	
1408.865318  1  70.077875	
1409.061399  1  70.077753	
1409.257395  1  70.077627	
1409.453605  1  70.077517	
1409.649875  1  70.077434	
1409.845566  1  70.077329	
1410.040870  1  70.077210	
1410.235891  1  70.077073	
1410.430709  1  70.076898	
1410.625380  1  70.076739	
1410.819955  1  70.076611	
1411.014726  1  70.076506	
1411.209542  1  70.076398	
1411.403774  1  70.076278	
1411.597647  1  70.076149	
1411.791272  1  70.076018	
1411.984720  1  70.075885	
1412.178303  1  70.075768	
1412.371795  1  70.075653	
1412.564860  1  70.075523	
1412.757638  1  70.074947	
1412.950376  1  70.074519	
1413.143058  1  70.074149	
1413.335096  1  70.073888	
1413.526726  1  70.073708	
1413.718074  1  70.073578	
1413.909226  1  70.073408	
1414.100248  1  70.073262	
1414.291188  1  70.073138	
1414.482083  1  70.073014	
1414.672961  1  70.072890	
1414.863840  1  70.072763	
1415.054736  1  70.072635	
1415.245657  1  70.072505	
1415.436610  1  70.072374	
1415.627601  1  70.072241	
1415.818631  1  70.072108	
1416.009702  1  70.071953	
1416.200818  1  70.071791	
1416.391971  1  70.071609	
1416.583166  1  70.071442	
1416.774398  1  70.070880	
1416.965563  1  70.070504	
1417.156708  1  70.070151	
1417.347829  1  70.069964	
1417.538937  1  70.069606	
1417.730040  1  70.069419	
1417.921159  1  70.069252	
1418.112315  1  70.069105	
1418.303527  1  70.068955	
1418.494805  1  70.068809	
1418.686155  1  70.068633	
1418.877581  1  70.068491	
1419.069081  1  70.068354	
1419.260660  1  70.068218	
1419.452317  1  70.068080	
1419.644053  1  70.067926	
1419.835867  1  70.067785	
1420.027772  1  70.067238	
1420.219641  1  70.066763	
1420.411519  1  70.066318	
1420.603387  1  70.066045	
1420.795261  1  70.065844	
1420.987169  1  70.065683	
1421.179138  1  70.065524	
1421.371185  1  70.065341	
1421.563319  1  70.065179	
1421.755545  1  70.065025	
1421.947865  1  70.064885	
1422.140283  1  70.064746	
1422.332799  1  70.064607	
1422.525414  1  70.064467	
1422.718119  1  70.063919	
1422.910846  1  70.063445	
1423.103603  1  70.062975	
1423.296374  1  70.062688	
1423.489171  1  70.062488	
1423.682020  1  70.062293	
1423.874945  1  70.062095	
1424.067963  1  70.061909	
1424.261085  1  70.061745	
1424.454318  1  70.061569	
1424.647669  1  70.061384	
1424.841137  1  70.060829	
1425.034656  1  70.060431	
1425.228244  1  70.060036	
1425.421889  1  70.059721	
1425.615593  1  70.059389	
1425.809378  1  70.059133	
1426.003265  1  70.058931	
1426.197267  1  70.058714	
1426.391404  1  70.058135	
1426.585646  1  70.057555	
1426.779959  1  70.057238	
1426.974349  1  70.056938	
1427.168833  1  70.056512	
1427.363437  1  70.055897	
1427.558149  1  70.055529	
1427.752975  1  70.055257	
1427.947938  1  70.055024	
1428.143067  1  70.054285	
1428.338330  1  70.053751	
1428.533711  1  70.053008	
1428.729238  1  70.052766	
1428.924952  1  70.052569	
1429.120885  1  70.052365	
1429.317053  1  70.052156	
1429.513462  1  70.051945	
1429.710109  1  70.051735	
1429.906990  1  70.051526	
1430.104097  1  70.051319	
1430.301424  1  70.051114	
1430.498963  1  70.050911	
1430.696708  1  70.050710	
1430.894655  1  70.050510	
1431.092798  1  70.050312	
1431.291135  1  70.050115	
1431.489702  1  70.048741	
1431.688418  1  70.046076	
1431.887031  1  70.044745	
1432.085597  1  70.044382	
1432.284261  1  70.044031	
1432.483146  1  70.043727	
1432.682334  1  70.043423	
1432.881872  1  70.043117	
1433.081778  1  70.042813	
1433.282054  1  70.042514	
1433.482695  1  70.042220	
1433.683690  1  70.041932	
1433.885025  1  70.041649	
1434.086688  1  70.041371	
1434.288668  1  70.041098	
1434.490956  1  70.040790	
1434.693535  1  70.040529	
1434.896392  1  70.040272	
1435.099524  1  70.040018	
1435.302927  1  70.039767	
1435.506599  1  70.039518	
1435.710537  1  70.039271	
1435.914740  1  70.039029	
1436.119205  1  70.038790	
1436.323931  1  70.038554	
1436.528919  1  70.038321	
1436.734170  1  70.038046	
1436.939675  1  70.037821	
1437.145431  1  70.037596	
1437.351438  1  70.037371	
1437.557702  1  70.037145	
1437.764223  1  70.036919	
1437.971013  1  70.036693	
1438.178075  1  70.036468	
1438.385410  1  70.036244	
1438.593020  1  70.036020	
1438.800910  1  70.035755	
1439.009070  1  70.035538	
1439.217497  1  70.035320	
1439.426196  1  70.035101	
1439.635171  1  70.034881	
1439.844427  1  70.034660	
1440.053959  1  70.034440	
1440.263778  1  70.034220	
1440.473887  1  70.034000	
1440.684289  1  70.033780	
1440.895000  1  70.033517	
1441.105994  1  70.033304	
1441.317280  1  70.033089	
1441.528861  1  70.032872	
1441.740744  1  70.032655	
1441.952933  1  70.032437	
1442.165432  1  70.032218	
1442.378245  1  70.032000	
1442.591377  1  70.031781	
1442.804829  1  70.031562	
1443.018621  1  70.031299	
1443.232727  1  70.031087	
1443.447154  1  70.030873	
1443.661907  1  70.030656	
1443.876993  1  70.030439	
1444.092418  1  70.030220	
1444.308186  1  70.030001	
1444.524301  1  70.029781	
1444.740769  1  70.029561	
1444.957607  1  70.029301	
1445.174792  1  70.029086	
1445.392331  1  70.028869	
1445.610231  1  70.028650	
1445.828498  1  70.028430	
1446.047137  1  70.028209	
1446.266155  1  70.027986	
1446.485557  1  70.027764	
1446.705362  1  70.027504	
1446.925547  1  70.027285	
1447.146121  1  70.027065	
1447.367090  1  70.026842	
1447.588466  1  70.026621	
1447.810251  1  70.026399	
1448.032450  1  70.026176	
1448.255223  1  70.025510	
1448.478248  1  70.025369	
1448.701609  1  70.025184	
1448.925335  1  70.024977	
1449.149455  1  70.024760	
1449.373993  1  70.024536	
1449.598965  1  70.024310	
1449.824386  1  70.024081	
1450.050266  1  70.023851	
1450.276615  1  70.023619	
1450.503440  1  70.023386	
1450.730749  1  70.023152	
1450.958552  1  70.022917	
1451.186854  1  70.022680	
1451.415663  1  70.022443	
1451.644985  1  70.022205	
1451.874828  1  70.021966	
1452.105198  1  70.021726	
1452.336104  1  70.021485	
1452.567551  1  70.021244	
1452.799548  1  70.021001	
1453.032102  1  70.020757	
1453.265220  1  70.020512	
1453.498910  1  70.020265	
1453.733179  1  70.020018	
1453.968035  1  70.019770	
1454.203487  1  70.019520	
1454.439542  1  70.019270	
1454.676209  1  70.019018	
1454.913496  1  70.018765	
1455.151411  1  70.018511	
1455.389964  1  70.018255	
1455.629163  1  70.017999	
1455.869018  1  70.017741	
1456.109538  1  70.017482	
1456.350733  1  70.017221	
1456.592612  1  70.016960	
1456.835185  1  70.016697	
1457.078463  1  70.016433	
1457.322455  1  70.016167	
1457.567173  1  70.015900	
1457.812628  1  70.015632	
1458.058830  1  70.015362	
1458.305792  1  70.015091	
1458.553524  1  70.014819	
1458.802038  1  70.014545	
1459.051348  1  70.014269	
1459.301465  1  70.013993	
1459.552402  1  70.013714	
1459.804172  1  70.013435	
1460.056790  1  70.013157	
1460.310268  1  70.012878	
1460.564617  1  70.012596	
1460.819855  1  70.012313	
1461.076000  1  70.012028	
1461.333068  1  70.011742	
1461.591076  1  70.011429	
1461.850045  1  70.011141	
1462.109994  1  70.010853	
1462.370941  1  70.010562	
1462.633127  1  70.009970	
1462.896219  1  70.009726	
1463.160246  1  70.009441	
1463.425253  1  70.009151	
1463.691287  1  70.008852	
1463.958387  1  70.008548	
1464.226585  1  70.008241	
1464.495913  1  70.007932	
1464.766396  1  70.007620	
1465.038062  1  70.007307	
1465.310937  1  70.006991	
1465.585047  1  70.006674	
1465.860420  1  70.006354	
1466.137084  1  70.006033	
1466.415068  1  70.005710	
1466.694393  1  70.005385	
1466.975082  1  70.005058	
1467.257163  1  70.004728	
1467.540663  1  70.004397	
1467.825611  1  70.004064	
1468.112039  1  70.003729	
1468.399979  1  70.003392	
1468.689465  1  70.003052	
1468.980532  1  70.002711	
1469.273219  1  70.002367	
1469.567564  1  70.002021	
1469.863607  1  70.001673	
1470.161388  1  70.001324	
1470.460958  1  70.000972	
1470.762355  1  70.000618	
1471.065619  1  70.000262	
1471.370793  1  69.999903	
1471.677924  1  69.999543	
1471.987062  1  69.999180	
1472.298258  1  69.998816	
1472.611569  1  69.998449	
1472.927054  1  69.998080	
1473.244773  1  69.997709	
1473.564791  1  69.997336	
1473.887176  1  69.996961	
1474.212000  1  69.996584	
1474.539335  1  69.996205	
1474.869259  1  69.995824	
1475.201467  1  69.995441	
1475.536003  1  69.995057	
1475.872951  1  69.994672	
1476.212397  1  69.994286	
1476.554433  1  69.993898	
1476.899154  1  69.993509	
1477.246660  1  69.993119	
1477.597056  1  69.992727	
1477.950452  1  69.992335	
1478.306966  1  69.991942	
1478.666720  1  69.991548	
1479.029847  1  69.991153	
1479.394166  1  69.990760	
1479.758723  1  69.990371	
1480.123520  1  69.989984	
1480.488556  1  69.989601	
1480.853832  1  69.989222	
1481.219348  1  69.988847	
1481.585106  1  69.988475	
1481.951105  1  69.988108	
1482.317346  1  69.987745	
1482.683830  1  69.987387	
1483.050556  1  69.987034	
1483.417525  1  69.986686	
1483.784736  1  69.986343	
1484.152192  1  69.986005	
1484.519891  1  69.985672	
1484.887834  1  69.985344	
1485.256022  1  69.985022	
1485.624454  1  69.984705	
1485.993131  1  69.984394	
1486.362053  1  69.984089	
1486.731220  1  69.983791	
1487.100631  1  69.983498	
1487.470286  1  69.983213	
1487.840186  1  69.982934	
1488.210329  1  69.982662	
1488.580716  1  69.982398	
1488.951347  1  69.982142	
1489.322220  1  69.981893	
1489.693335  1  69.981652	
1490.064692  1  69.981419	
1490.436290  1  69.981195	
1490.808129  1  69.980979	
1491.180207  1  69.980772	
1491.552525  1  69.980574	
1491.911224  1  69.980409	
1492.269778  1  69.980232	
1492.627014  1  69.980053	
1492.982658  1  69.979900	
1493.336917  1  69.979740	
1493.689563  1  69.979606	
1494.040805  1  69.979463	
1494.390414  1  69.979345	
1494.738603  1  69.979220	
1495.085138  1  69.979119	
