   9.3759492e-01
   9.3759492e-01
   9.8220905e-01
   9.8220905e-01
   1.0929022e+00
   1.0929022e+00
   1.6079863e+00
   1.6079863e+00
   1.6809038e+00
   1.6809038e+00
   1.5525456e+00
   1.5525456e+00
   1.3122451e+00
   1.3122451e+00
   1.0081401e+00
   1.0081401e+00
   9.4815761e-01
   9.4815761e-01
   1.4362033e+00
   1.4362033e+00
   1.6342866e+00
   1.6342866e+00
   9.4261554e-01
   9.4261554e-01
   1.1579837e+00
   1.1579837e+00
   1.1743120e+00
   1.1743120e+00
   1.1118404e+00
   1.1118404e+00
   1.0019061e+00
   1.0019061e+00
   1.1070063e+00
   1.1070063e+00
   1.3659985e+00
   1.3659985e+00
   1.0363428e+00
   1.0363428e+00
   1.0170859e+00
   1.0170859e+00
   9.4068570e-01
   9.4068570e-01
   9.0405873e-01
   0.0000000e+00
