   1.6224277e-02
   1.6257098e-02
   1.6189195e-02
   1.6287157e-02
   1.6152639e-02
   1.6314182e-02
   1.6115727e-02
   1.6338061e-02
   1.6079936e-02
   1.6358778e-02
   1.6047093e-02
   1.6376336e-02
   1.6019425e-02
   1.6003035e-02
   1.5991395e-02
   1.5983936e-02
   1.6390685e-02
   1.6401633e-02
   1.6408742e-02
   5.6413406e-03
   5.6463349e-03
   5.6568327e-03
   5.6775702e-03
   5.7308645e-03
  -0.0000000e+00
  -0.0000000e+00
  -0.0000000e+00
  -0.0000000e+00
  -0.0000000e+00
   5.8168765e-03
   5.9477921e-03
   6.1531660e-03
   6.5227227e-03
   7.3162749e-03
   1.6418019e-02
  -0.0000000e+00
  -0.0000000e+00
  -0.0000000e+00
  -0.0000000e+00
  -0.0000000e+00
   1.6411244e-02
  -0.0000000e+00
  -0.0000000e+00
  -0.0000000e+00
  -0.0000000e+00
  -0.0000000e+00
   1.6427217e-02
   1.6304419e-02
   1.6427465e-02
   1.6389032e-02
  -0.0000000e+00
  -0.0000000e+00
   1.6205130e-02
   1.6178493e-02
   1.6343847e-02
   1.6279796e-02
   1.6233816e-02
   1.6039761e-02
   1.6005970e-02
   1.5979367e-02
   1.5952909e-02
  -0.0000000e+00
  -0.0000000e+00
  -0.0000000e+00
  -0.0000000e+00
  -0.0000000e+00
   7.7157067e-03
   7.6963476e-03
   7.6743363e-03
   7.6587407e-03
   7.6572296e-03
  -0.0000000e+00
  -0.0000000e+00
  -0.0000000e+00
  -0.0000000e+00
  -0.0000000e+00
   7.6684798e-03
   7.6922845e-03
   7.7297520e-03
   7.7836873e-03
   7.8605246e-03
  -0.0000000e+00
   7.9783892e-03
   8.2021029e-03
   8.7358909e-03
   1.6120148e-02
   1.5956761e-02
   1.5933854e-02
   1.6020124e-02
   1.6112708e-02
   1.6137189e-02
   1.6007886e-02
   1.5913166e-02
   1.6313732e-02
   1.5899283e-02
   1.6262805e-02
   1.5966611e-02
   1.6303617e-02
   1.5982804e-02
   1.6312984e-02
   1.6357067e-02
   1.6182903e-02
   1.6315638e-02
   1.6257042e-02
   1.6242318e-02
   1.6121067e-02
   1.6207909e-02
   1.6172195e-02
   1.6023313e-02
   1.6142361e-02
   1.6065275e-02
   1.6047380e-02
   1.6082639e-02
   1.6061123e-02
   1.6042724e-02
   1.5978953e-02
   1.5978531e-02
   1.5967456e-02
   1.5993287e-02
   1.6115439e-02
   1.5970179e-02
   1.5904518e-02
   1.5899196e-02
   1.5919213e-02
   1.5720117e-02
   1.5709005e-02
   1.5903611e-02
   1.5849083e-02
   1.5816759e-02
   1.5776572e-02
   1.5773523e-02
   1.6024266e-02
   1.5842524e-02
   1.5788372e-02
   1.5737601e-02
   1.5690109e-02
   1.5632580e-02
  -0.0000000e+00
  -0.0000000e+00
  -0.0000000e+00
  -0.0000000e+00
   9.9756071e-03
   9.9249973e-03
   9.8762713e-03
   9.8179956e-03
   9.7475590e-03
   9.6803721e-03
   9.6155750e-03
   9.5522764e-03
   9.4898610e-03
   9.4278930e-03
   9.3660379e-03
   9.3040152e-03
   9.2415679e-03
   9.1784416e-03
   9.1143668e-03
   1.5960646e-02
   9.0490369e-03
   8.9821348e-03
   8.9132350e-03
   8.8418198e-03
   8.7672302e-03
   8.6886044e-03
   8.6047864e-03
   8.5141890e-03
   8.4145883e-03
   8.3028366e-03
   8.1745720e-03
   8.0245170e-03
   7.8503750e-03
   7.6735946e-03
   7.6068113e-03
   1.5783437e-02
   1.5804700e-02
   1.5800523e-02
   1.4085071e-02
   1.3909490e-02
   1.3815209e-02
   1.3503031e-02
   1.3650274e-02
   1.3687365e-02
   1.3704931e-02
   1.3614129e-02
   1.3396871e-02
   1.3482488e-02
   1.3532461e-02
   1.3528926e-02
   1.3533520e-02
   1.3488285e-02
   1.3414762e-02
   1.3368067e-02
   1.3386244e-02
   1.3334870e-02
   1.3255689e-02
   1.5839734e-02
   1.3228144e-02
   1.3195602e-02
   1.3165331e-02
   1.3119277e-02
   1.3066188e-02
   1.3015094e-02
   1.2949680e-02
   1.2902774e-02
   1.2870215e-02
   1.2819774e-02
   1.2709073e-02
   1.2669775e-02
   1.2694296e-02
   1.2649679e-02
   1.2611826e-02
   1.2524561e-02
   1.2492283e-02
   1.2493329e-02
   1.2447042e-02
   1.2349898e-02
   1.2313645e-02
   1.2320456e-02
   1.2275894e-02
   1.2114239e-02
   1.2078438e-02
   1.2175210e-02
   1.2101173e-02
   1.2047543e-02
   1.1951805e-02
   1.2041317e-02
   1.1974627e-02
   1.1928756e-02
   1.1840880e-02
   1.1812965e-02
   1.1791349e-02
   1.1769109e-02
  -0.0000000e+00
  -0.0000000e+00
  -0.0000000e+00
   4.4151019e-06
   2.5072664e-05
   2.2420899e-03
   2.2073130e-03
   2.1715843e-03
   2.1290352e-03
   2.0824196e-03
   3.4348319e-05
   3.1384407e-05
   2.0399977e-05
   2.0437415e-03
   2.0119816e-03
   1.9862086e-03
   1.9661596e-03
   1.9521259e-03
   1.9448355e-03
   1.9454200e-03
   1.9554771e-03
   1.9772538e-03
   2.0140209e-03
   2.0708099e-03
   2.1559004e-03
   2.2839682e-03
   2.4834148e-03
   2.8200043e-03
   3.4883817e-03
   1.5776866e-02
   1.5615061e-02
   1.5683193e-02
   1.5724882e-02
   1.5733142e-02
   1.5746754e-02
   1.5621467e-02
   1.5598483e-02
   1.5703760e-02
   1.5675836e-02
   1.5651608e-02
   1.5621071e-02
   1.5621472e-02
   1.5592990e-02
   1.5552007e-02
   1.5527517e-02
   1.5506323e-02
   1.5479705e-02
   1.5453462e-02
   1.5427743e-02
   1.5385025e-02
   1.5355847e-02
   1.5340125e-02
   1.5309983e-02
   1.5235042e-02
   1.5206179e-02
   1.5220182e-02
   1.5191529e-02
   1.5067599e-02
   1.5039955e-02
   1.5127826e-02
   1.5098678e-02
   1.5071816e-02
   1.5024441e-02
   1.5034020e-02
   1.5000984e-02
   1.4934495e-02
   1.4957762e-02
   1.4960328e-02
   1.4955554e-02
   1.4843115e-02
   1.4836175e-02
   1.4896316e-02
   1.4869617e-02
   1.4700503e-02
   1.4688390e-02
   1.4817995e-02
   1.4746021e-02
   1.4692715e-02
   1.4620710e-02
   1.4566738e-02
   1.4519512e-02
   1.4463244e-02
   2.5588765e-03
   2.5112081e-03
   2.4446372e-03
   2.3510810e-03
   2.2678879e-03
  -0.0000000e+00
  -0.0000000e+00
  -0.0000000e+00
  -0.0000000e+00
  -0.0000000e+00
  -0.0000000e+00
  -0.0000000e+00
  -0.0000000e+00
  -0.0000000e+00
   2.1924882e-03
   2.1219131e-03
   2.0543371e-03
   1.9887505e-03
   1.9245749e-03
   1.8614464e-03
   1.7991271e-03
   1.7374850e-03
   1.6764978e-03
   1.6162498e-03
   1.5569036e-03
   1.4986375e-03
   1.4415532e-03
   1.3855684e-03
   1.3303486e-03
   1.2754517e-03
   1.2212534e-03
   1.1725466e-03
   1.1516803e-03
   1.2524856e-03
   1.8697240e-03
   1.0214177e-02
   1.0241989e-02
   1.0239956e-02
   1.0234654e-02
   1.0150786e-02
   1.0114161e-02
   1.3810624e-02
   1.3858530e-02
   1.0091645e-02
   1.3778619e-02
   1.3754472e-02
   1.0045973e-02
   1.3715247e-02
   9.9557723e-03
   1.3708909e-02
   9.8727451e-03
   1.3537904e-02
   9.7766159e-03
   1.3555782e-02
   9.6950828e-03
   1.3412818e-02
   1.3325548e-02
   9.5762278e-03
   9.4797184e-03
   1.3140199e-02
   9.3912248e-03
   1.3111605e-02
   9.2967195e-03
   1.3075955e-02
   1.3028387e-02
   1.2992491e-02
   1.2957085e-02
   9.2011692e-03
   9.0749773e-03
   8.9946267e-03
   8.2052833e-04
   7.7397545e-04
   7.2234553e-04
   6.4920604e-04
   5.2750308e-04
  -0.0000000e+00
  -0.0000000e+00
  -0.0000000e+00
  -0.0000000e+00
  -0.0000000e+00
   4.1505873e-04
   4.3580082e-04
   1.0530704e-03
   5.7353535e-06
   3.1104308e-05
   5.5272576e-05
   7.1165353e-05
   7.7520212e-05
   8.9317200e-03
   7.5638980e-05
   6.7644196e-05
   5.5688563e-05
   4.1672589e-05
   2.7220291e-05
   1.3822749e-05
   3.2545875e-06
  -0.0000000e+00
   8.8598590e-03
   8.8002957e-03
   8.7355029e-03
   8.6447115e-03
   8.5848135e-03
   8.5295715e-03
   8.4724669e-03
   8.4299287e-03
  -0.0000000e+00
  -0.0000000e+00
  -0.0000000e+00
  -0.0000000e+00
  -0.0000000e+00
   9.2265829e-04
   8.8625625e-04
   8.4807917e-04
   7.9816538e-04
   7.2781651e-04
   6.5568481e-04
   5.8491534e-04
   5.1660302e-04
   4.5097618e-04
   3.8791088e-04
  -0.0000000e+00
  -0.0000000e+00
  -0.0000000e+00
  -0.0000000e+00
  -0.0000000e+00
   3.2714030e-04
   2.6832434e-04
   2.1106342e-04
   1.5489492e-04
   9.9340162e-05
  -0.0000000e+00
  -0.0000000e+00
  -0.0000000e+00
  -0.0000000e+00
  -0.0000000e+00
   4.4597240e-05
  -0.0000000e+00
  -0.0000000e+00
  -0.0000000e+00
  -0.0000000e+00
  -0.0000000e+00
   1.2121037e-02
   1.2286795e-02
   1.2229008e-02
   1.2120914e-02
   1.2140838e-02
   1.1995398e-02
   1.1973276e-02
   1.1812488e-02
   1.1728981e-02
   1.1669771e-02
   1.1521398e-02
   1.1429146e-02
   1.1355232e-02
   1.1279285e-02
   1.1166184e-02
   1.1053712e-02
   1.0918220e-02
   1.0790975e-02
   3.8032529e-03
   3.6170229e-03
   3.4452405e-03
   1.0711024e-02
   3.2406365e-03
   1.0638151e-02
   3.0910627e-03
   1.0567459e-02
   1.0520702e-02
   2.9030673e-03
   1.0446021e-02
   1.0369177e-02
   2.7538651e-03
   1.0305567e-02
   1.0227017e-02
   2.6265948e-03
   1.0161593e-02
   1.0087710e-02
   9.9939661e-03
   2.4679204e-03
   9.8969661e-03
   9.8027188e-03
   9.6849694e-03
   2.3162602e-03
   9.6211107e-03
   2.1572712e-03
   9.5373352e-03
   9.4067755e-03
   2.0090066e-03
   9.3507017e-03
   9.3417457e-03
   9.2658876e-03
   9.2040008e-03
   1.8911721e-03
   9.1292972e-03
   1.7678582e-03
   9.0645347e-03
   8.9848229e-03
   8.8864117e-03
   8.8291858e-03
   8.7824017e-03
   1.6444546e-03
   1.5226275e-03
   8.7065246e-03
   8.6104617e-03
   8.5581519e-03
   8.5122017e-03
   8.4372737e-03
   8.3506244e-03
   1.4133702e-03
   8.3212218e-03
   1.2993953e-03
   8.2863553e-03
   8.2358862e-03
   8.1345021e-03
   8.0844042e-03
   8.0512156e-03
   1.1802400e-03
   7.9878052e-03
   7.8975125e-03
   7.8459823e-03
   7.8135050e-03
   7.7489183e-03
   1.0723143e-03
   7.6559616e-03
   7.6036124e-03
   9.6478027e-04
   7.5719386e-03
   7.5066169e-03
   7.4120771e-03
   7.3588264e-03
   7.3271117e-03
   7.2610361e-03
   7.1657264e-03
   8.7934703e-04
   7.1113854e-03
   7.0779112e-03
   7.0109983e-03
   7.9695764e-04
   6.9173672e-03
   6.8604527e-03
   6.8227537e-03
   6.7543767e-03
   6.6625701e-03
   6.6026681e-03
   6.5585958e-03
   6.4881362e-03
   7.0884792e-04
   6.3968048e-03
   6.3343613e-03
   6.2893483e-03
   6.2050891e-04
   6.1048670e-03
   6.0507779e-03
   6.0886087e-03
   5.9991914e-03
   5.9311035e-03
   5.8498747e-03
   5.8153311e-03
   5.7345289e-03
   5.6069155e-03
   5.4852310e-04
   5.5436235e-03
   5.5271285e-03
   5.4472401e-03
   5.3108135e-03
   5.2487324e-03
   4.7880698e-04
   5.2391287e-03
   5.1578573e-03
   5.0099555e-03
   4.9485045e-03
   4.9475801e-03
   4.8636271e-03
   4.6987638e-03
   4.6347272e-03
   4.6497688e-03
   4.5558702e-03
   4.3584524e-03
   4.2992045e-03
   4.2392837e-03
   4.1822296e-03
   4.1307127e-03
   1.2084530e-03
   1.1596771e-03
   1.0944674e-03
   1.0019576e-03
   9.0986457e-04
   3.5923201e-06
  -0.0000000e+00
  -0.0000000e+00
  -0.0000000e+00
  -0.0000000e+00
  -0.0000000e+00
   8.2093653e-04
   7.3576412e-04
   6.5436889e-04
   5.7660157e-04
   5.0226523e-04
   4.0685756e-04
   4.3115571e-04
   3.6307512e-04
   2.9784124e-04
   2.3530671e-04
   1.7542371e-04
   1.1846610e-04
   6.5810779e-05
   2.2330104e-05
  -0.0000000e+00
  -0.0000000e+00
   3.3572165e-04
  -0.0000000e+00
  -0.0000000e+00
  -0.0000000e+00
  -0.0000000e+00
  -0.0000000e+00
  -0.0000000e+00
  -0.0000000e+00
  -0.0000000e+00
  -0.0000000e+00
   2.7746747e-04
   2.2113260e-04
   1.6358267e-04
   1.0697365e-04
   5.8389176e-05
