   5.0000000e+01   9.7600000e+01   5.0000000e+01   9.8400000e+01   1.0000000e+00
   5.0000000e+01   9.8400000e+01   5.0000000e+01   9.9200000e+01   1.0000000e+00
   5.0000000e+01   9.9200000e+01   5.0000000e+01   1.0000000e+02   1.0000000e+00
   5.0000000e+01   1.0000000e+02   5.0000000e+01   1.0080000e+02   1.0000000e+00
   5.0000000e+01   1.0080000e+02   5.0000000e+01   1.0160000e+02   1.0000000e+00
   5.0000000e+01   1.0160000e+02   5.0000000e+01   1.0240000e+02   1.0000000e+00
   4.4000000e+01   3.6000000e+01   4.4016304e+01   3.6750000e+01  -1.0000000e+00
   4.4016304e+01   3.6750000e+01   4.4032609e+01   3.7500000e+01  -1.0000000e+00
   4.4032609e+01   3.7500000e+01   4.4048913e+01   3.8250000e+01  -1.0000000e+00
   4.4048913e+01   3.8250000e+01   4.4065217e+01   3.9000000e+01  -1.0000000e+00
   4.4065217e+01   3.9000000e+01   4.4081522e+01   3.9750000e+01  -1.0000000e+00
   4.4081522e+01   3.9750000e+01   4.4097826e+01   4.0500000e+01  -1.0000000e+00
   4.4097826e+01   4.0500000e+01   4.4114130e+01   4.1250000e+01  -1.0000000e+00
   4.4114130e+01   4.1250000e+01   4.4130435e+01   4.2000000e+01  -1.0000000e+00
   4.4130435e+01   4.2000000e+01   4.4147343e+01   4.2777778e+01  -1.0000000e+00
   4.4147343e+01   4.2777778e+01   4.4164251e+01   4.3555556e+01  -1.0000000e+00
   4.4164251e+01   4.3555556e+01   4.4181159e+01   4.4333333e+01  -1.0000000e+00
   4.4181159e+01   4.4333333e+01   4.4198068e+01   4.5111111e+01  -1.0000000e+00
   4.4198068e+01   4.5111111e+01   4.4214976e+01   4.5888889e+01  -1.0000000e+00
   4.4214976e+01   4.5888889e+01   4.4231884e+01   4.6666667e+01  -1.0000000e+00
   4.4231884e+01   4.6666667e+01   4.4248792e+01   4.7444444e+01  -1.0000000e+00
   4.4248792e+01   4.7444444e+01   4.4265700e+01   4.8222222e+01  -1.0000000e+00
   4.4265700e+01   4.8222222e+01   4.4282609e+01   4.9000000e+01  -1.0000000e+00
   4.4282609e+01   4.9000000e+01   4.4299517e+01   4.9777778e+01  -1.0000000e+00
   4.4299517e+01   4.9777778e+01   4.4316425e+01   5.0555556e+01  -1.0000000e+00
   4.4316425e+01   5.0555556e+01   4.4333333e+01   5.1333333e+01  -1.0000000e+00
   4.4333333e+01   5.1333333e+01   4.4350242e+01   5.2111111e+01  -1.0000000e+00
   4.4350242e+01   5.2111111e+01   4.4367150e+01   5.2888889e+01  -1.0000000e+00
   4.4367150e+01   5.2888889e+01   4.4384058e+01   5.3666667e+01  -1.0000000e+00
   4.4384058e+01   5.3666667e+01   4.4400966e+01   5.4444444e+01  -1.0000000e+00
   4.4400966e+01   5.4444444e+01   4.4417874e+01   5.5222222e+01  -1.0000000e+00
   4.4417874e+01   5.5222222e+01   4.4434783e+01   5.6000000e+01  -1.0000000e+00
   4.4434783e+01   5.6000000e+01   4.4451691e+01   5.6777778e+01  -1.0000000e+00
   4.4451691e+01   5.6777778e+01   4.4468599e+01   5.7555556e+01  -1.0000000e+00
   4.4468599e+01   5.7555556e+01   4.4485507e+01   5.8333333e+01   2.0000000e+00
   4.4485507e+01   5.8333333e+01   4.4502415e+01   5.9111111e+01   2.0000000e+00
   4.4502415e+01   5.9111111e+01   4.4519324e+01   5.9888889e+01   2.0000000e+00
   4.4519324e+01   5.9888889e+01   4.4536232e+01   6.0666667e+01   2.0000000e+00
   4.4536232e+01   6.0666667e+01   4.4553140e+01   6.1444444e+01   2.0000000e+00
   4.4553140e+01   6.1444444e+01   4.4570048e+01   6.2222222e+01   2.0000000e+00
   4.4570048e+01   6.2222222e+01   4.4586957e+01   6.3000000e+01   2.0000000e+00
   4.4586957e+01   6.3000000e+01   4.4603865e+01   6.3777778e+01   2.0000000e+00
   4.4603865e+01   6.3777778e+01   4.4620773e+01   6.4555556e+01   2.0000000e+00
   4.4620773e+01   6.4555556e+01   4.4637681e+01   6.5333333e+01   2.0000000e+00
   4.4637681e+01   6.5333333e+01   4.4654589e+01   6.6111111e+01   2.0000000e+00
   4.4654589e+01   6.6111111e+01   4.4671498e+01   6.6888889e+01   2.0000000e+00
   4.4671498e+01   6.6888889e+01   4.4688406e+01   6.7666667e+01   2.0000000e+00
   4.4688406e+01   6.7666667e+01   4.4705314e+01   6.8444444e+01   2.0000000e+00
   4.4705314e+01   6.8444444e+01   4.4722222e+01   6.9222222e+01   2.0000000e+00
   4.4722222e+01   6.9222222e+01   4.4739130e+01   7.0000000e+01   2.0000000e+00
   4.4739130e+01   7.0000000e+01   4.4755853e+01   7.0769231e+01   2.0000000e+00
   4.4755853e+01   7.0769231e+01   4.4772575e+01   7.1538462e+01   2.0000000e+00
   4.4772575e+01   7.1538462e+01   4.4789298e+01   7.2307692e+01   2.0000000e+00
   4.4789298e+01   7.2307692e+01   4.4806020e+01   7.3076923e+01   2.0000000e+00
   4.4806020e+01   7.3076923e+01   4.4822742e+01   7.3846154e+01   2.0000000e+00
   4.4822742e+01   7.3846154e+01   4.4839465e+01   7.4615385e+01   2.0000000e+00
   4.4839465e+01   7.4615385e+01   4.4856187e+01   7.5384615e+01   2.0000000e+00
   4.4856187e+01   7.5384615e+01   4.4872910e+01   7.6153846e+01   2.0000000e+00
   4.4872910e+01   7.6153846e+01   4.4889632e+01   7.6923077e+01   2.0000000e+00
   4.4889632e+01   7.6923077e+01   4.4906355e+01   7.7692308e+01   2.0000000e+00
   4.4906355e+01   7.7692308e+01   4.4923077e+01   7.8461538e+01   2.0000000e+00
   4.4923077e+01   7.8461538e+01   4.4939799e+01   7.9230769e+01   2.0000000e+00
   4.4939799e+01   7.9230769e+01   4.4956522e+01   8.0000000e+01   2.0000000e+00
   4.4956522e+01   8.0000000e+01   4.4971014e+01   8.0666667e+01   2.0000000e+00
   4.4971014e+01   8.0666667e+01   4.4985507e+01   8.1333333e+01   2.0000000e+00
   4.4985507e+01   8.1333333e+01   4.5000000e+01   8.2000000e+01   2.0000000e+00
   4.0000000e+01   8.0000000e+01   4.0708075e+01   8.0000000e+01   2.0000000e+00
   4.0708075e+01   8.0000000e+01   4.1416149e+01   8.0000000e+01   2.0000000e+00
   4.1416149e+01   8.0000000e+01   4.2124224e+01   8.0000000e+01   2.0000000e+00
   4.2124224e+01   8.0000000e+01   4.2832298e+01   8.0000000e+01   2.0000000e+00
   4.2832298e+01   8.0000000e+01   4.3540373e+01   8.0000000e+01   2.0000000e+00
   4.3540373e+01   8.0000000e+01   4.4248447e+01   8.0000000e+01   2.0000000e+00
   4.4248447e+01   8.0000000e+01   4.4956522e+01   8.0000000e+01   2.0000000e+00
   4.4956522e+01   8.0000000e+01   4.5754769e+01   8.0000000e+01   2.0000000e+00
   4.5754769e+01   8.0000000e+01   4.6553017e+01   8.0000000e+01   2.0000000e+00
   4.6553017e+01   8.0000000e+01   4.7351264e+01   8.0000000e+01   2.0000000e+00
   4.7351264e+01   8.0000000e+01   4.8149511e+01   8.0000000e+01   2.0000000e+00
   4.8149511e+01   8.0000000e+01   4.8947759e+01   8.0000000e+01   2.0000000e+00
   4.8947759e+01   8.0000000e+01   4.9298506e+01   8.0000000e+01   2.0000000e+00
   5.0000000e+01   8.0000000e+01   5.0181418e+01   8.0000000e+01   2.0000000e+00
   5.0544253e+01   8.0000000e+01   5.1342501e+01   8.0000000e+01   2.0000000e+00
   5.1342501e+01   8.0000000e+01   5.2140748e+01   8.0000000e+01   2.0000000e+00
   5.2140748e+01   8.0000000e+01   5.2938996e+01   8.0000000e+01   2.0000000e+00
   5.2938996e+01   8.0000000e+01   5.3737243e+01   8.0000000e+01   2.0000000e+00
   5.3737243e+01   8.0000000e+01   5.4535490e+01   8.0000000e+01   2.0000000e+00
   5.4535490e+01   8.0000000e+01   5.5333738e+01   8.0000000e+01   2.0000000e+00
   5.5333738e+01   8.0000000e+01   5.6131985e+01   8.0000000e+01   2.0000000e+00
   5.6131985e+01   8.0000000e+01   5.6930233e+01   8.0000000e+01   2.0000000e+00
   5.6930233e+01   8.0000000e+01   5.7697674e+01   8.0000000e+01   2.0000000e+00
   5.7697674e+01   8.0000000e+01   5.8465116e+01   8.0000000e+01   2.0000000e+00
   5.8465116e+01   8.0000000e+01   5.9232558e+01   8.0000000e+01   2.0000000e+00
   5.9232558e+01   8.0000000e+01   6.0000000e+01   8.0000000e+01   2.0000000e+00
   4.0000000e+01   1.2000000e+02   4.0645161e+01   1.2000000e+02   2.0000000e+00
   4.0645161e+01   1.2000000e+02   4.1290323e+01   1.2000000e+02   2.0000000e+00
   4.1290323e+01   1.2000000e+02   4.1935484e+01   1.2000000e+02   2.0000000e+00
   4.1935484e+01   1.2000000e+02   4.2580645e+01   1.2000000e+02   2.0000000e+00
   4.2580645e+01   1.2000000e+02   4.3225806e+01   1.2000000e+02   2.0000000e+00
   4.3225806e+01   1.2000000e+02   4.3982527e+01   1.2000000e+02   2.0000000e+00
   4.3982527e+01   1.2000000e+02   4.4739247e+01   1.2000000e+02   2.0000000e+00
   4.4739247e+01   1.2000000e+02   4.5495968e+01   1.2000000e+02   2.0000000e+00
   4.5495968e+01   1.2000000e+02   4.6252688e+01   1.2000000e+02   2.0000000e+00
   4.6252688e+01   1.2000000e+02   4.7009409e+01   1.2000000e+02   2.0000000e+00
   4.7009409e+01   1.2000000e+02   4.7766129e+01   1.2000000e+02   2.0000000e+00
   4.7766129e+01   1.2000000e+02   4.8522849e+01   1.2000000e+02   2.0000000e+00
   4.8522849e+01   1.2000000e+02   4.9279570e+01   1.2000000e+02   2.0000000e+00
   4.9279570e+01   1.2000000e+02   4.9519713e+01   1.2000000e+02   2.0000000e+00
   5.0000000e+01   1.2000000e+02   5.0264337e+01   1.2000000e+02   2.0000000e+00
   5.0793011e+01   1.2000000e+02   5.1549731e+01   1.2000000e+02   2.0000000e+00
   5.1549731e+01   1.2000000e+02   5.2306452e+01   1.2000000e+02   2.0000000e+00
   5.2306452e+01   1.2000000e+02   5.3063172e+01   1.2000000e+02   2.0000000e+00
   5.3063172e+01   1.2000000e+02   5.3819892e+01   1.2000000e+02   2.0000000e+00
   5.3819892e+01   1.2000000e+02   5.4576613e+01   1.2000000e+02   2.0000000e+00
   5.4576613e+01   1.2000000e+02   5.5333333e+01   1.2000000e+02   2.0000000e+00
   5.5333333e+01   1.2000000e+02   5.6111111e+01   1.2000000e+02   2.0000000e+00
   5.6111111e+01   1.2000000e+02   5.6888889e+01   1.2000000e+02   2.0000000e+00
   5.6888889e+01   1.2000000e+02   5.7666667e+01   1.2000000e+02   2.0000000e+00
   5.7666667e+01   1.2000000e+02   5.8444444e+01   1.2000000e+02   2.0000000e+00
   5.8444444e+01   1.2000000e+02   5.9222222e+01   1.2000000e+02   2.0000000e+00
   5.9222222e+01   1.2000000e+02   6.0000000e+01   1.2000000e+02   2.0000000e+00
   3.2000000e+01   1.6500000e+02   3.2687708e+01   1.6500000e+02  -1.0000000e+00
   3.2687708e+01   1.6500000e+02   3.3375415e+01   1.6500000e+02  -1.0000000e+00
   3.3375415e+01   1.6500000e+02   3.4063123e+01   1.6500000e+02  -1.0000000e+00
   3.4063123e+01   1.6500000e+02   3.4750831e+01   1.6500000e+02  -1.0000000e+00
   3.4750831e+01   1.6500000e+02   3.5438538e+01   1.6500000e+02  -1.0000000e+00
   3.5438538e+01   1.6500000e+02   3.6126246e+01   1.6500000e+02  -1.0000000e+00
   3.6126246e+01   1.6500000e+02   3.6813953e+01   1.6500000e+02  -1.0000000e+00
   3.6813953e+01   1.6500000e+02   3.7558140e+01   1.6500000e+02  -1.0000000e+00
   3.7558140e+01   1.6500000e+02   3.8302326e+01   1.6500000e+02  -1.0000000e+00
   3.8302326e+01   1.6500000e+02   3.9046512e+01   1.6500000e+02  -1.0000000e+00
   3.9046512e+01   1.6500000e+02   3.9790698e+01   1.6500000e+02  -1.0000000e+00
   3.9790698e+01   1.6500000e+02   4.0534884e+01   1.6500000e+02  -1.0000000e+00
   4.0534884e+01   1.6500000e+02   4.1279070e+01   1.6500000e+02  -1.0000000e+00
   4.1279070e+01   1.6500000e+02   4.2023256e+01   1.6500000e+02  -1.0000000e+00
   4.2023256e+01   1.6500000e+02   4.2767442e+01   1.6500000e+02  -1.0000000e+00
   4.2767442e+01   1.6500000e+02   4.3511628e+01   1.6500000e+02  -1.0000000e+00
   4.3511628e+01   1.6500000e+02   4.4255814e+01   1.6500000e+02  -1.0000000e+00
   4.4255814e+01   1.6500000e+02   4.5000000e+01   1.6500000e+02  -1.0000000e+00
   3.0000000e+01   1.3300000e+02   3.0758721e+01   1.3300000e+02  -1.0000000e+00
   3.0758721e+01   1.3300000e+02   3.1517442e+01   1.3300000e+02  -1.0000000e+00
   3.1517442e+01   1.3300000e+02   3.2276163e+01   1.3300000e+02  -1.0000000e+00
   3.2276163e+01   1.3300000e+02   3.3034884e+01   1.3300000e+02  -1.0000000e+00
   3.3034884e+01   1.3300000e+02   3.3793605e+01   1.3300000e+02  -1.0000000e+00
   3.3793605e+01   1.3300000e+02   3.4552326e+01   1.3300000e+02  -1.0000000e+00
   3.4552326e+01   1.3300000e+02   3.5311047e+01   1.3300000e+02  -1.0000000e+00
   3.5311047e+01   1.3300000e+02   3.6069767e+01   1.3300000e+02  -1.0000000e+00
   3.6069767e+01   1.3300000e+02   3.6827307e+01   1.3300000e+02  -1.0000000e+00
   3.6827307e+01   1.3300000e+02   3.7584846e+01   1.3300000e+02   2.0000000e+00
   3.7584846e+01   1.3300000e+02   3.8342386e+01   1.3300000e+02   2.0000000e+00
   3.8342386e+01   1.3300000e+02   3.9099925e+01   1.3300000e+02   2.0000000e+00
   3.9099925e+01   1.3300000e+02   3.9857464e+01   1.3300000e+02   2.0000000e+00
   3.9857464e+01   1.3300000e+02   4.0615004e+01   1.3300000e+02   2.0000000e+00
   4.0615004e+01   1.3300000e+02   4.1372543e+01   1.3300000e+02   2.0000000e+00
   4.1372543e+01   1.3300000e+02   4.2130083e+01   1.3300000e+02   2.0000000e+00
   4.2130083e+01   1.3300000e+02   4.2887622e+01   1.3300000e+02   2.0000000e+00
   4.2887622e+01   1.3300000e+02   4.3645161e+01   1.3300000e+02   2.0000000e+00
   4.3645161e+01   1.3300000e+02   4.4000000e+01   1.3300000e+02   2.0000000e+00
   5.2000000e+01   1.2500000e+02   5.2733333e+01   1.2500000e+02   2.0000000e+00
   5.2733333e+01   1.2500000e+02   5.3466667e+01   1.2500000e+02   2.0000000e+00
   5.3466667e+01   1.2500000e+02   5.4200000e+01   1.2500000e+02   2.0000000e+00
   5.4200000e+01   1.2500000e+02   5.4933333e+01   1.2500000e+02   2.0000000e+00
   5.4933333e+01   1.2500000e+02   5.5666667e+01   1.2500000e+02   2.0000000e+00
   5.5666667e+01   1.2500000e+02   5.6407407e+01   1.2500000e+02   2.0000000e+00
   5.6407407e+01   1.2500000e+02   5.7148148e+01   1.2500000e+02   2.0000000e+00
   5.7148148e+01   1.2500000e+02   5.7888889e+01   1.2500000e+02   2.0000000e+00
   5.7888889e+01   1.2500000e+02   5.8629630e+01   1.2500000e+02   2.0000000e+00
   5.8629630e+01   1.2500000e+02   5.9370370e+01   1.2500000e+02   2.0000000e+00
   5.9370370e+01   1.2500000e+02   6.0111111e+01   1.2500000e+02   2.0000000e+00
   6.0111111e+01   1.2500000e+02   6.0851852e+01   1.2500000e+02   2.0000000e+00
   6.0851852e+01   1.2500000e+02   6.1592593e+01   1.2500000e+02   2.0000000e+00
   6.1592593e+01   1.2500000e+02   6.2333333e+01   1.2500000e+02   2.0000000e+00
   6.2333333e+01   1.2500000e+02   6.3000000e+01   1.2500000e+02   2.0000000e+00
   6.3000000e+01   1.2500000e+02   6.3666667e+01   1.2500000e+02   2.0000000e+00
   6.3666667e+01   1.2500000e+02   6.4333333e+01   1.2500000e+02   2.0000000e+00
   6.4333333e+01   1.2500000e+02   6.5000000e+01   1.2500000e+02   2.0000000e+00
   5.6000000e+01   1.4300000e+02   5.6688406e+01   1.4300000e+02  -1.0000000e+00
   5.6688406e+01   1.4300000e+02   5.7376812e+01   1.4300000e+02  -1.0000000e+00
   5.7376812e+01   1.4300000e+02   5.8065217e+01   1.4300000e+02  -1.0000000e+00
   5.8065217e+01   1.4300000e+02   5.8753623e+01   1.4300000e+02  -1.0000000e+00
   5.8753623e+01   1.4300000e+02   5.9442029e+01   1.4300000e+02  -1.0000000e+00
   5.9442029e+01   1.4300000e+02   6.0130435e+01   1.4300000e+02  -1.0000000e+00
   6.0130435e+01   1.4300000e+02   6.0831159e+01   1.4300000e+02  -1.0000000e+00
   6.0831159e+01   1.4300000e+02   6.1531884e+01   1.4300000e+02  -1.0000000e+00
   6.1531884e+01   1.4300000e+02   6.2232609e+01   1.4300000e+02  -1.0000000e+00
   6.2232609e+01   1.4300000e+02   6.2933333e+01   1.4300000e+02  -1.0000000e+00
   6.2933333e+01   1.4300000e+02   6.3466667e+01   1.4300000e+02  -1.0000000e+00
   6.3466667e+01   1.4300000e+02   6.4000000e+01   1.4300000e+02  -1.0000000e+00
   2.5000000e+01   7.0000000e+01   2.5765625e+01   7.0000000e+01  -1.0000000e+00
   2.5765625e+01   7.0000000e+01   2.6531250e+01   7.0000000e+01  -1.0000000e+00
   2.6531250e+01   7.0000000e+01   2.7296875e+01   7.0000000e+01  -1.0000000e+00
   2.7296875e+01   7.0000000e+01   2.8062500e+01   7.0000000e+01  -1.0000000e+00
   2.8062500e+01   7.0000000e+01   2.8828125e+01   7.0000000e+01  -1.0000000e+00
   2.8828125e+01   7.0000000e+01   2.9593750e+01   7.0000000e+01  -1.0000000e+00
   2.9593750e+01   7.0000000e+01   3.0359375e+01   7.0000000e+01  -1.0000000e+00
   3.0359375e+01   7.0000000e+01   3.1125000e+01   7.0000000e+01  -1.0000000e+00
   3.1125000e+01   7.0000000e+01   3.1890625e+01   7.0000000e+01  -1.0000000e+00
   3.1890625e+01   7.0000000e+01   3.2656250e+01   7.0000000e+01  -1.0000000e+00
   3.2656250e+01   7.0000000e+01   3.3421875e+01   7.0000000e+01  -1.0000000e+00
   3.3421875e+01   7.0000000e+01   3.4187500e+01   7.0000000e+01  -1.0000000e+00
   3.4187500e+01   7.0000000e+01   3.4953125e+01   7.0000000e+01  -1.0000000e+00
   3.4953125e+01   7.0000000e+01   3.5718750e+01   7.0000000e+01   2.0000000e+00
   3.5718750e+01   7.0000000e+01   3.6484375e+01   7.0000000e+01   2.0000000e+00
   3.6484375e+01   7.0000000e+01   3.7250000e+01   7.0000000e+01   2.0000000e+00
   3.7250000e+01   7.0000000e+01   3.7998913e+01   7.0000000e+01   2.0000000e+00
   3.7998913e+01   7.0000000e+01   3.8747826e+01   7.0000000e+01   2.0000000e+00
   3.8747826e+01   7.0000000e+01   3.9496739e+01   7.0000000e+01   2.0000000e+00
   3.9496739e+01   7.0000000e+01   4.0245652e+01   7.0000000e+01   2.0000000e+00
   4.0245652e+01   7.0000000e+01   4.0994565e+01   7.0000000e+01   2.0000000e+00
   4.0994565e+01   7.0000000e+01   4.1743478e+01   7.0000000e+01   2.0000000e+00
   4.1743478e+01   7.0000000e+01   4.2492391e+01   7.0000000e+01   2.0000000e+00
   4.2492391e+01   7.0000000e+01   4.3241304e+01   7.0000000e+01   2.0000000e+00
   4.3241304e+01   7.0000000e+01   4.3990217e+01   7.0000000e+01   2.0000000e+00
   4.3990217e+01   7.0000000e+01   4.4739130e+01   7.0000000e+01   2.0000000e+00
   4.4739130e+01   7.0000000e+01   4.5492754e+01   7.0000000e+01   2.0000000e+00
   4.5492754e+01   7.0000000e+01   4.6246377e+01   7.0000000e+01   2.0000000e+00
   4.6246377e+01   7.0000000e+01   4.7000000e+01   7.0000000e+01   2.0000000e+00
   2.8000000e+01   4.2000000e+01   2.8744444e+01   4.2000000e+01  -1.0000000e+00
   2.8744444e+01   4.2000000e+01   2.9488889e+01   4.2000000e+01  -1.0000000e+00
   2.9488889e+01   4.2000000e+01   3.0233333e+01   4.2000000e+01  -1.0000000e+00
   3.0233333e+01   4.2000000e+01   3.0977778e+01   4.2000000e+01  -1.0000000e+00
   3.0977778e+01   4.2000000e+01   3.1722222e+01   4.2000000e+01  -1.0000000e+00
   3.1722222e+01   4.2000000e+01   3.2466667e+01   4.2000000e+01  -1.0000000e+00
   3.2466667e+01   4.2000000e+01   3.3244251e+01   4.2000000e+01  -1.0000000e+00
   3.3244251e+01   4.2000000e+01   3.4021836e+01   4.2000000e+01  -1.0000000e+00
   3.4021836e+01   4.2000000e+01   3.4799420e+01   4.2000000e+01  -1.0000000e+00
   3.4799420e+01   4.2000000e+01   3.5577005e+01   4.2000000e+01  -1.0000000e+00
   3.5577005e+01   4.2000000e+01   3.6354589e+01   4.2000000e+01  -1.0000000e+00
   3.6354589e+01   4.2000000e+01   3.7132174e+01   4.2000000e+01  -1.0000000e+00
   3.7132174e+01   4.2000000e+01   3.7909758e+01   4.2000000e+01  -1.0000000e+00
   3.7909758e+01   4.2000000e+01   3.8687343e+01   4.2000000e+01  -1.0000000e+00
   3.8687343e+01   4.2000000e+01   3.9464928e+01   4.2000000e+01  -1.0000000e+00
   3.9464928e+01   4.2000000e+01   4.0242512e+01   4.2000000e+01  -1.0000000e+00
   4.0242512e+01   4.2000000e+01   4.1020097e+01   4.2000000e+01  -1.0000000e+00
   4.1020097e+01   4.2000000e+01   4.1797681e+01   4.2000000e+01  -1.0000000e+00
   4.1797681e+01   4.2000000e+01   4.2575266e+01   4.2000000e+01  -1.0000000e+00
   4.2575266e+01   4.2000000e+01   4.3352850e+01   4.2000000e+01  -1.0000000e+00
   4.3352850e+01   4.2000000e+01   4.4130435e+01   4.2000000e+01  -1.0000000e+00
   4.4130435e+01   4.2000000e+01   4.4753623e+01   4.2000000e+01  -1.0000000e+00
   4.4753623e+01   4.2000000e+01   4.5376812e+01   4.2000000e+01  -1.0000000e+00
   4.5376812e+01   4.2000000e+01   4.6000000e+01   4.2000000e+01  -1.0000000e+00
   5.4000000e+01   5.0000000e+01   5.4744186e+01   5.0000000e+01  -1.0000000e+00
   5.4744186e+01   5.0000000e+01   5.5488372e+01   5.0000000e+01  -1.0000000e+00
   5.5488372e+01   5.0000000e+01   5.6232558e+01   5.0000000e+01  -1.0000000e+00
   5.6232558e+01   5.0000000e+01   5.7017054e+01   5.0000000e+01  -1.0000000e+00
   5.7017054e+01   5.0000000e+01   5.7801550e+01   5.0000000e+01  -1.0000000e+00
   5.7801550e+01   5.0000000e+01   5.8586047e+01   5.0000000e+01  -1.0000000e+00
   5.8586047e+01   5.0000000e+01   5.9370543e+01   5.0000000e+01  -1.0000000e+00
   5.9370543e+01   5.0000000e+01   6.0155039e+01   5.0000000e+01  -1.0000000e+00
   6.0155039e+01   5.0000000e+01   6.0939535e+01   5.0000000e+01  -1.0000000e+00
   6.0939535e+01   5.0000000e+01   6.1724031e+01   5.0000000e+01  -1.0000000e+00
   6.1724031e+01   5.0000000e+01   6.2508527e+01   5.0000000e+01  -1.0000000e+00
   6.2508527e+01   5.0000000e+01   6.3293023e+01   5.0000000e+01  -1.0000000e+00
   6.3293023e+01   5.0000000e+01   6.4077519e+01   5.0000000e+01  -1.0000000e+00
   6.4077519e+01   5.0000000e+01   6.4862016e+01   5.0000000e+01  -1.0000000e+00
   6.4862016e+01   5.0000000e+01   6.5646512e+01   5.0000000e+01  -1.0000000e+00
   6.5646512e+01   5.0000000e+01   6.6431008e+01   5.0000000e+01  -1.0000000e+00
   6.6431008e+01   5.0000000e+01   6.7215504e+01   5.0000000e+01  -1.0000000e+00
   6.7215504e+01   5.0000000e+01   6.8000000e+01   5.0000000e+01  -1.0000000e+00
   3.6000000e+01   1.3000000e+02   3.6017442e+01   1.3075000e+02  -1.0000000e+00
   3.6017442e+01   1.3075000e+02   3.6034884e+01   1.3150000e+02  -1.0000000e+00
   3.6034884e+01   1.3150000e+02   3.6052326e+01   1.3225000e+02  -1.0000000e+00
   3.6052326e+01   1.3225000e+02   3.6069767e+01   1.3300000e+02  -1.0000000e+00
   3.6069767e+01   1.3300000e+02   3.6087918e+01   1.3378049e+02  -1.0000000e+00
   3.6087918e+01   1.3378049e+02   3.6106069e+01   1.3456098e+02  -1.0000000e+00
   3.6106069e+01   1.3456098e+02   3.6124220e+01   1.3534146e+02  -1.0000000e+00
   3.6124220e+01   1.3534146e+02   3.6142371e+01   1.3612195e+02  -1.0000000e+00
   3.6142371e+01   1.3612195e+02   3.6160522e+01   1.3690244e+02  -1.0000000e+00
   3.6160522e+01   1.3690244e+02   3.6178673e+01   1.3768293e+02  -1.0000000e+00
   3.6178673e+01   1.3768293e+02   3.6196824e+01   1.3846341e+02  -1.0000000e+00
   3.6196824e+01   1.3846341e+02   3.6214974e+01   1.3924390e+02  -1.0000000e+00
   3.6214974e+01   1.3924390e+02   3.6233125e+01   1.4002439e+02  -1.0000000e+00
   3.6233125e+01   1.4002439e+02   3.6251276e+01   1.4080488e+02  -1.0000000e+00
   3.6251276e+01   1.4080488e+02   3.6269427e+01   1.4158537e+02  -1.0000000e+00
   3.6269427e+01   1.4158537e+02   3.6287578e+01   1.4236585e+02  -1.0000000e+00
   3.6287578e+01   1.4236585e+02   3.6305729e+01   1.4314634e+02  -1.0000000e+00
   3.6305729e+01   1.4314634e+02   3.6323880e+01   1.4392683e+02  -1.0000000e+00
   3.6323880e+01   1.4392683e+02   3.6342031e+01   1.4470732e+02  -1.0000000e+00
   3.6342031e+01   1.4470732e+02   3.6360182e+01   1.4548780e+02  -1.0000000e+00
   3.6360182e+01   1.4548780e+02   3.6378332e+01   1.4626829e+02  -1.0000000e+00
   3.6378332e+01   1.4626829e+02   3.6396483e+01   1.4704878e+02  -1.0000000e+00
   3.6396483e+01   1.4704878e+02   3.6414634e+01   1.4782927e+02  -1.0000000e+00
   3.6414634e+01   1.4782927e+02   3.6432785e+01   1.4860976e+02  -1.0000000e+00
   3.6432785e+01   1.4860976e+02   3.6450936e+01   1.4939024e+02  -1.0000000e+00
   3.6450936e+01   1.4939024e+02   3.6469087e+01   1.5017073e+02  -1.0000000e+00
   3.6469087e+01   1.5017073e+02   3.6487238e+01   1.5095122e+02  -1.0000000e+00
   3.6487238e+01   1.5095122e+02   3.6505389e+01   1.5173171e+02  -1.0000000e+00
   3.6505389e+01   1.5173171e+02   3.6523539e+01   1.5251220e+02  -1.0000000e+00
   3.6523539e+01   1.5251220e+02   3.6541690e+01   1.5329268e+02  -1.0000000e+00
   3.6541690e+01   1.5329268e+02   3.6559841e+01   1.5407317e+02  -1.0000000e+00
   3.6559841e+01   1.5407317e+02   3.6577992e+01   1.5485366e+02  -1.0000000e+00
   3.6577992e+01   1.5485366e+02   3.6596143e+01   1.5563415e+02  -1.0000000e+00
   3.6596143e+01   1.5563415e+02   3.6614294e+01   1.5641463e+02  -1.0000000e+00
   3.6614294e+01   1.5641463e+02   3.6632445e+01   1.5719512e+02  -1.0000000e+00
   3.6632445e+01   1.5719512e+02   3.6650596e+01   1.5797561e+02  -1.0000000e+00
   3.6650596e+01   1.5797561e+02   3.6668746e+01   1.5875610e+02  -1.0000000e+00
   3.6668746e+01   1.5875610e+02   3.6686897e+01   1.5953659e+02  -1.0000000e+00
   3.6686897e+01   1.5953659e+02   3.6705048e+01   1.6031707e+02  -1.0000000e+00
   3.6705048e+01   1.6031707e+02   3.6723199e+01   1.6109756e+02  -1.0000000e+00
   3.6723199e+01   1.6109756e+02   3.6741350e+01   1.6187805e+02  -1.0000000e+00
   3.6741350e+01   1.6187805e+02   3.6759501e+01   1.6265854e+02  -1.0000000e+00
   3.6759501e+01   1.6265854e+02   3.6777652e+01   1.6343902e+02  -1.0000000e+00
   3.6777652e+01   1.6343902e+02   3.6795803e+01   1.6421951e+02  -1.0000000e+00
   3.6795803e+01   1.6421951e+02   3.6813953e+01   1.6500000e+02  -1.0000000e+00
   3.6813953e+01   1.6500000e+02   3.6830867e+01   1.6572727e+02  -1.0000000e+00
   3.6830867e+01   1.6572727e+02   3.6847780e+01   1.6645455e+02  -1.0000000e+00
   3.6847780e+01   1.6645455e+02   3.6864693e+01   1.6718182e+02  -1.0000000e+00
   3.6864693e+01   1.6718182e+02   3.6881607e+01   1.6790909e+02  -1.0000000e+00
   3.6881607e+01   1.6790909e+02   3.6898520e+01   1.6863636e+02  -1.0000000e+00
   3.6898520e+01   1.6863636e+02   3.6915433e+01   1.6936364e+02  -1.0000000e+00
   3.6915433e+01   1.6936364e+02   3.6932347e+01   1.7009091e+02  -1.0000000e+00
   3.6932347e+01   1.7009091e+02   3.6949260e+01   1.7081818e+02  -1.0000000e+00
   3.6949260e+01   1.7081818e+02   3.6966173e+01   1.7154545e+02  -1.0000000e+00
   3.6966173e+01   1.7154545e+02   3.6983087e+01   1.7227273e+02  -1.0000000e+00
   3.6983087e+01   1.7227273e+02   3.7000000e+01   1.7300000e+02  -1.0000000e+00
   3.2000000e+01   3.5000000e+01   3.2051852e+01   3.5777778e+01  -1.0000000e+00
   3.2051852e+01   3.5777778e+01   3.2103704e+01   3.6555556e+01  -1.0000000e+00
   3.2103704e+01   3.6555556e+01   3.2155556e+01   3.7333333e+01  -1.0000000e+00
   3.2155556e+01   3.7333333e+01   3.2207407e+01   3.8111111e+01  -1.0000000e+00
   3.2207407e+01   3.8111111e+01   3.2259259e+01   3.8888889e+01  -1.0000000e+00
   3.2259259e+01   3.8888889e+01   3.2311111e+01   3.9666667e+01  -1.0000000e+00
   3.2311111e+01   3.9666667e+01   3.2362963e+01   4.0444444e+01  -1.0000000e+00
   3.2362963e+01   4.0444444e+01   3.2414815e+01   4.1222222e+01  -1.0000000e+00
   3.2414815e+01   4.1222222e+01   3.2466667e+01   4.2000000e+01  -1.0000000e+00
   3.2466667e+01   4.2000000e+01   3.2515152e+01   4.2727273e+01  -1.0000000e+00
   3.2515152e+01   4.2727273e+01   3.2563636e+01   4.3454545e+01  -1.0000000e+00
   3.2563636e+01   4.3454545e+01   3.2612121e+01   4.4181818e+01  -1.0000000e+00
   3.2612121e+01   4.4181818e+01   3.2660606e+01   4.4909091e+01  -1.0000000e+00
   3.2660606e+01   4.4909091e+01   3.2709091e+01   4.5636364e+01  -1.0000000e+00
   3.2709091e+01   4.5636364e+01   3.2757576e+01   4.6363636e+01  -1.0000000e+00
   3.2757576e+01   4.6363636e+01   3.2806061e+01   4.7090909e+01  -1.0000000e+00
   3.2806061e+01   4.7090909e+01   3.2854545e+01   4.7818182e+01  -1.0000000e+00
   3.2854545e+01   4.7818182e+01   3.2903030e+01   4.8545455e+01  -1.0000000e+00
   3.2903030e+01   4.8545455e+01   3.2951515e+01   4.9272727e+01  -1.0000000e+00
   3.2951515e+01   4.9272727e+01   3.3000000e+01   5.0000000e+01  -1.0000000e+00
   4.3000000e+01   1.1300000e+02   4.3025090e+01   1.1377778e+02   2.0000000e+00
   4.3025090e+01   1.1377778e+02   4.3050179e+01   1.1455556e+02   2.0000000e+00
   4.3050179e+01   1.1455556e+02   4.3075269e+01   1.1533333e+02   2.0000000e+00
   4.3075269e+01   1.1533333e+02   4.3100358e+01   1.1611111e+02   2.0000000e+00
   4.3100358e+01   1.1611111e+02   4.3125448e+01   1.1688889e+02   2.0000000e+00
   4.3125448e+01   1.1688889e+02   4.3150538e+01   1.1766667e+02   2.0000000e+00
   4.3150538e+01   1.1766667e+02   4.3175627e+01   1.1844444e+02   2.0000000e+00
   4.3175627e+01   1.1844444e+02   4.3200717e+01   1.1922222e+02   2.0000000e+00
   4.3200717e+01   1.1922222e+02   4.3225806e+01   1.2000000e+02   2.0000000e+00
   4.3225806e+01   1.2000000e+02   4.3250474e+01   1.2076471e+02   2.0000000e+00
   4.3250474e+01   1.2076471e+02   4.3275142e+01   1.2152941e+02   2.0000000e+00
   4.3275142e+01   1.2152941e+02   4.3299810e+01   1.2229412e+02   2.0000000e+00
   4.3299810e+01   1.2229412e+02   4.3324478e+01   1.2305882e+02   2.0000000e+00
   4.3324478e+01   1.2305882e+02   4.3349146e+01   1.2382353e+02   2.0000000e+00
   4.3349146e+01   1.2382353e+02   4.3373814e+01   1.2458824e+02   2.0000000e+00
   4.3373814e+01   1.2458824e+02   4.3398482e+01   1.2535294e+02   2.0000000e+00
   4.3398482e+01   1.2535294e+02   4.3423150e+01   1.2611765e+02   2.0000000e+00
   4.3423150e+01   1.2611765e+02   4.3447818e+01   1.2688235e+02   2.0000000e+00
   4.3447818e+01   1.2688235e+02   4.3472486e+01   1.2764706e+02   2.0000000e+00
   4.3472486e+01   1.2764706e+02   4.3497154e+01   1.2841176e+02   2.0000000e+00
   4.3497154e+01   1.2841176e+02   4.3521822e+01   1.2917647e+02   2.0000000e+00
   4.3521822e+01   1.2917647e+02   4.3546490e+01   1.2994118e+02   2.0000000e+00
   4.3546490e+01   1.2994118e+02   4.3571157e+01   1.3070588e+02   2.0000000e+00
   4.3571157e+01   1.3070588e+02   4.3595825e+01   1.3147059e+02   2.0000000e+00
   4.3595825e+01   1.3147059e+02   4.3620493e+01   1.3223529e+02   2.0000000e+00
   4.3620493e+01   1.3223529e+02   4.3645161e+01   1.3300000e+02   2.0000000e+00
   4.3645161e+01   1.3300000e+02   4.3670507e+01   1.3378571e+02   2.0000000e+00
   4.3670507e+01   1.3378571e+02   4.3695853e+01   1.3457143e+02   2.0000000e+00
   4.3695853e+01   1.3457143e+02   4.3721198e+01   1.3535714e+02   2.0000000e+00
   4.3721198e+01   1.3535714e+02   4.3746544e+01   1.3614286e+02   2.0000000e+00
   4.3746544e+01   1.3614286e+02   4.3771889e+01   1.3692857e+02   2.0000000e+00
   4.3771889e+01   1.3692857e+02   4.3797235e+01   1.3771429e+02   2.0000000e+00
   4.3797235e+01   1.3771429e+02   4.3822581e+01   1.3850000e+02   2.0000000e+00
   4.3822581e+01   1.3850000e+02   4.3847926e+01   1.3928571e+02   2.0000000e+00
   4.3847926e+01   1.3928571e+02   4.3873272e+01   1.4007143e+02   2.0000000e+00
   4.3873272e+01   1.4007143e+02   4.3898618e+01   1.4085714e+02   2.0000000e+00
   4.3898618e+01   1.4085714e+02   4.3923963e+01   1.4164286e+02   2.0000000e+00
   4.3923963e+01   1.4164286e+02   4.3949309e+01   1.4242857e+02   2.0000000e+00
   4.3949309e+01   1.4242857e+02   4.3974654e+01   1.4321429e+02  -1.0000000e+00
   4.3974654e+01   1.4321429e+02   4.4000000e+01   1.4400000e+02  -1.0000000e+00
   5.5000000e+01   1.1500000e+02   5.5047619e+01   1.1571429e+02   2.0000000e+00
   5.5047619e+01   1.1571429e+02   5.5095238e+01   1.1642857e+02   2.0000000e+00
   5.5095238e+01   1.1642857e+02   5.5142857e+01   1.1714286e+02   2.0000000e+00
   5.5142857e+01   1.1714286e+02   5.5190476e+01   1.1785714e+02   2.0000000e+00
   5.5190476e+01   1.1785714e+02   5.5238095e+01   1.1857143e+02   2.0000000e+00
   5.5238095e+01   1.1857143e+02   5.5285714e+01   1.1928571e+02   2.0000000e+00
   5.5285714e+01   1.1928571e+02   5.5333333e+01   1.2000000e+02   2.0000000e+00
   5.5333333e+01   1.2000000e+02   5.5380952e+01   1.2071429e+02   2.0000000e+00
   5.5380952e+01   1.2071429e+02   5.5428571e+01   1.2142857e+02   2.0000000e+00
   5.5428571e+01   1.2142857e+02   5.5476190e+01   1.2214286e+02   2.0000000e+00
   5.5476190e+01   1.2214286e+02   5.5523810e+01   1.2285714e+02   2.0000000e+00
   5.5523810e+01   1.2285714e+02   5.5571429e+01   1.2357143e+02   2.0000000e+00
   5.5571429e+01   1.2357143e+02   5.5619048e+01   1.2428571e+02   2.0000000e+00
   5.5619048e+01   1.2428571e+02   5.5666667e+01   1.2500000e+02   2.0000000e+00
   5.5666667e+01   1.2500000e+02   5.5714286e+01   1.2571429e+02   2.0000000e+00
   5.5714286e+01   1.2571429e+02   5.5761905e+01   1.2642857e+02   2.0000000e+00
   5.5761905e+01   1.2642857e+02   5.5809524e+01   1.2714286e+02   2.0000000e+00
   5.5809524e+01   1.2714286e+02   5.5857143e+01   1.2785714e+02   2.0000000e+00
   5.5857143e+01   1.2785714e+02   5.5904762e+01   1.2857143e+02   2.0000000e+00
   5.5904762e+01   1.2857143e+02   5.5952381e+01   1.2928571e+02   2.0000000e+00
   5.5952381e+01   1.2928571e+02   5.6000000e+01   1.3000000e+02   2.0000000e+00
   6.2000000e+01   1.1500000e+02   6.2025641e+01   1.1576923e+02  -1.0000000e+00
   6.2025641e+01   1.1576923e+02   6.2051282e+01   1.1653846e+02  -1.0000000e+00
   6.2051282e+01   1.1653846e+02   6.2076923e+01   1.1730769e+02  -1.0000000e+00
   6.2076923e+01   1.1730769e+02   6.2102564e+01   1.1807692e+02  -1.0000000e+00
   6.2102564e+01   1.1807692e+02   6.2128205e+01   1.1884615e+02   2.0000000e+00
   6.2128205e+01   1.1884615e+02   6.2153846e+01   1.1961538e+02   2.0000000e+00
   6.2153846e+01   1.1961538e+02   6.2179487e+01   1.2038462e+02   2.0000000e+00
   6.2179487e+01   1.2038462e+02   6.2205128e+01   1.2115385e+02   2.0000000e+00
   6.2205128e+01   1.2115385e+02   6.2230769e+01   1.2192308e+02   2.0000000e+00
   6.2230769e+01   1.2192308e+02   6.2256410e+01   1.2269231e+02   2.0000000e+00
   6.2256410e+01   1.2269231e+02   6.2282051e+01   1.2346154e+02   2.0000000e+00
   6.2282051e+01   1.2346154e+02   6.2307692e+01   1.2423077e+02   2.0000000e+00
   6.2307692e+01   1.2423077e+02   6.2333333e+01   1.2500000e+02   2.0000000e+00
   6.2333333e+01   1.2500000e+02   6.2359420e+01   1.2578261e+02   2.0000000e+00
   6.2359420e+01   1.2578261e+02   6.2385507e+01   1.2656522e+02   2.0000000e+00
   6.2385507e+01   1.2656522e+02   6.2411594e+01   1.2734783e+02   2.0000000e+00
   6.2411594e+01   1.2734783e+02   6.2437681e+01   1.2813043e+02   2.0000000e+00
   6.2437681e+01   1.2813043e+02   6.2463768e+01   1.2891304e+02   2.0000000e+00
   6.2463768e+01   1.2891304e+02   6.2489855e+01   1.2969565e+02   2.0000000e+00
   6.2489855e+01   1.2969565e+02   6.2515942e+01   1.3047826e+02   2.0000000e+00
   6.2515942e+01   1.3047826e+02   6.2542029e+01   1.3126087e+02   2.0000000e+00
   6.2542029e+01   1.3126087e+02   6.2568116e+01   1.3204348e+02   2.0000000e+00
   6.2568116e+01   1.3204348e+02   6.2594203e+01   1.3282609e+02  -1.0000000e+00
   6.2594203e+01   1.3282609e+02   6.2620290e+01   1.3360870e+02  -1.0000000e+00
   6.2620290e+01   1.3360870e+02   6.2646377e+01   1.3439130e+02  -1.0000000e+00
   6.2646377e+01   1.3439130e+02   6.2672464e+01   1.3517391e+02  -1.0000000e+00
   6.2672464e+01   1.3517391e+02   6.2698551e+01   1.3595652e+02  -1.0000000e+00
   6.2698551e+01   1.3595652e+02   6.2724638e+01   1.3673913e+02  -1.0000000e+00
   6.2724638e+01   1.3673913e+02   6.2750725e+01   1.3752174e+02  -1.0000000e+00
   6.2750725e+01   1.3752174e+02   6.2776812e+01   1.3830435e+02  -1.0000000e+00
   6.2776812e+01   1.3830435e+02   6.2802899e+01   1.3908696e+02  -1.0000000e+00
   6.2802899e+01   1.3908696e+02   6.2828986e+01   1.3986957e+02  -1.0000000e+00
   6.2828986e+01   1.3986957e+02   6.2855072e+01   1.4065217e+02  -1.0000000e+00
   6.2855072e+01   1.4065217e+02   6.2881159e+01   1.4143478e+02  -1.0000000e+00
   6.2881159e+01   1.4143478e+02   6.2907246e+01   1.4221739e+02  -1.0000000e+00
   6.2907246e+01   1.4221739e+02   6.2933333e+01   1.4300000e+02  -1.0000000e+00
   6.2933333e+01   1.4300000e+02   6.2955556e+01   1.4366667e+02  -1.0000000e+00
   6.2955556e+01   1.4366667e+02   6.2977778e+01   1.4433333e+02  -1.0000000e+00
   6.2977778e+01   1.4433333e+02   6.3000000e+01   1.4500000e+02  -1.0000000e+00
   6.0000000e+01   1.4000000e+02   6.0032609e+01   1.4075000e+02  -1.0000000e+00
   6.0032609e+01   1.4075000e+02   6.0065217e+01   1.4150000e+02  -1.0000000e+00
   6.0065217e+01   1.4150000e+02   6.0097826e+01   1.4225000e+02  -1.0000000e+00
   6.0097826e+01   1.4225000e+02   6.0130435e+01   1.4300000e+02  -1.0000000e+00
   6.0130435e+01   1.4300000e+02   6.0163880e+01   1.4376923e+02  -1.0000000e+00
   6.0163880e+01   1.4376923e+02   6.0197324e+01   1.4453846e+02  -1.0000000e+00
   6.0197324e+01   1.4453846e+02   6.0230769e+01   1.4530769e+02  -1.0000000e+00
   6.0230769e+01   1.4530769e+02   6.0264214e+01   1.4607692e+02  -1.0000000e+00
   6.0264214e+01   1.4607692e+02   6.0297659e+01   1.4684615e+02  -1.0000000e+00
   6.0297659e+01   1.4684615e+02   6.0331104e+01   1.4761538e+02  -1.0000000e+00
   6.0331104e+01   1.4761538e+02   6.0364548e+01   1.4838462e+02  -1.0000000e+00
   6.0364548e+01   1.4838462e+02   6.0397993e+01   1.4915385e+02  -1.0000000e+00
   6.0397993e+01   1.4915385e+02   6.0431438e+01   1.4992308e+02  -1.0000000e+00
   6.0431438e+01   1.4992308e+02   6.0464883e+01   1.5069231e+02  -1.0000000e+00
   6.0464883e+01   1.5069231e+02   6.0498328e+01   1.5146154e+02  -1.0000000e+00
   6.0498328e+01   1.5146154e+02   6.0531773e+01   1.5223077e+02  -1.0000000e+00
   6.0531773e+01   1.5223077e+02   6.0565217e+01   1.5300000e+02  -1.0000000e+00
   6.0565217e+01   1.5300000e+02   6.0598662e+01   1.5376923e+02  -1.0000000e+00
   6.0598662e+01   1.5376923e+02   6.0632107e+01   1.5453846e+02  -1.0000000e+00
   6.0632107e+01   1.5453846e+02   6.0665552e+01   1.5530769e+02  -1.0000000e+00
   6.0665552e+01   1.5530769e+02   6.0698997e+01   1.5607692e+02  -1.0000000e+00
   6.0698997e+01   1.5607692e+02   6.0732441e+01   1.5684615e+02  -1.0000000e+00
   6.0732441e+01   1.5684615e+02   6.0765886e+01   1.5761538e+02  -1.0000000e+00
   6.0765886e+01   1.5761538e+02   6.0799331e+01   1.5838462e+02  -1.0000000e+00
   6.0799331e+01   1.5838462e+02   6.0832776e+01   1.5915385e+02  -1.0000000e+00
   6.0832776e+01   1.5915385e+02   6.0866221e+01   1.5992308e+02  -1.0000000e+00
   6.0866221e+01   1.5992308e+02   6.0899666e+01   1.6069231e+02  -1.0000000e+00
   6.0899666e+01   1.6069231e+02   6.0933110e+01   1.6146154e+02  -1.0000000e+00
   6.0933110e+01   1.6146154e+02   6.0966555e+01   1.6223077e+02  -1.0000000e+00
   6.0966555e+01   1.6223077e+02   6.1000000e+01   1.6300000e+02  -1.0000000e+00
   3.5000000e+01   9.0000000e+01   3.5687500e+01   9.0000000e+01  -1.0000000e+00
   3.5687500e+01   9.0000000e+01   3.6375000e+01   9.0000000e+01  -1.0000000e+00
   3.6375000e+01   9.0000000e+01   3.7062500e+01   9.0000000e+01  -1.0000000e+00
   3.7062500e+01   9.0000000e+01   3.7750000e+01   9.0000000e+01  -1.0000000e+00
   3.7750000e+01   9.0000000e+01   3.8500000e+01   9.0000000e+01  -1.0000000e+00
   3.8500000e+01   9.0000000e+01   3.9250000e+01   9.0000000e+01  -1.0000000e+00
   3.9250000e+01   9.0000000e+01   4.0000000e+01   9.0000000e+01  -1.0000000e+00
   3.7000000e+01   6.0000000e+01   3.7019231e+01   6.0769231e+01  -1.0000000e+00
   3.7019231e+01   6.0769231e+01   3.7038462e+01   6.1538462e+01  -1.0000000e+00
   3.7038462e+01   6.1538462e+01   3.7057692e+01   6.2307692e+01  -1.0000000e+00
   3.7057692e+01   6.2307692e+01   3.7076923e+01   6.3076923e+01  -1.0000000e+00
   3.7076923e+01   6.3076923e+01   3.7096154e+01   6.3846154e+01  -1.0000000e+00
   3.7096154e+01   6.3846154e+01   3.7115385e+01   6.4615385e+01  -1.0000000e+00
   3.7115385e+01   6.4615385e+01   3.7134615e+01   6.5384615e+01  -1.0000000e+00
   3.7134615e+01   6.5384615e+01   3.7153846e+01   6.6153846e+01  -1.0000000e+00
   3.7153846e+01   6.6153846e+01   3.7173077e+01   6.6923077e+01   2.0000000e+00
   3.7173077e+01   6.6923077e+01   3.7192308e+01   6.7692308e+01   2.0000000e+00
   3.7192308e+01   6.7692308e+01   3.7211538e+01   6.8461538e+01   2.0000000e+00
   3.7211538e+01   6.8461538e+01   3.7230769e+01   6.9230769e+01   2.0000000e+00
   3.7230769e+01   6.9230769e+01   3.7250000e+01   7.0000000e+01   2.0000000e+00
   3.7250000e+01   7.0000000e+01   3.7269231e+01   7.0769231e+01   2.0000000e+00
   3.7269231e+01   7.0769231e+01   3.7288462e+01   7.1538462e+01   2.0000000e+00
   3.7288462e+01   7.1538462e+01   3.7307692e+01   7.2307692e+01   2.0000000e+00
   3.7307692e+01   7.2307692e+01   3.7326923e+01   7.3076923e+01   2.0000000e+00
   3.7326923e+01   7.3076923e+01   3.7346154e+01   7.3846154e+01   2.0000000e+00
   3.7346154e+01   7.3846154e+01   3.7365385e+01   7.4615385e+01  -1.0000000e+00
   3.7365385e+01   7.4615385e+01   3.7384615e+01   7.5384615e+01  -1.0000000e+00
   3.7384615e+01   7.5384615e+01   3.7403846e+01   7.6153846e+01  -1.0000000e+00
   3.7403846e+01   7.6153846e+01   3.7423077e+01   7.6923077e+01  -1.0000000e+00
   3.7423077e+01   7.6923077e+01   3.7442308e+01   7.7692308e+01  -1.0000000e+00
   3.7442308e+01   7.7692308e+01   3.7461538e+01   7.8461538e+01  -1.0000000e+00
   3.7461538e+01   7.8461538e+01   3.7480769e+01   7.9230769e+01  -1.0000000e+00
   3.7480769e+01   7.9230769e+01   3.7500000e+01   8.0000000e+01  -1.0000000e+00
   3.7500000e+01   8.0000000e+01   3.7519231e+01   8.0769231e+01  -1.0000000e+00
   3.7519231e+01   8.0769231e+01   3.7538462e+01   8.1538462e+01  -1.0000000e+00
   3.7538462e+01   8.1538462e+01   3.7557692e+01   8.2307692e+01  -1.0000000e+00
   3.7557692e+01   8.2307692e+01   3.7576923e+01   8.3076923e+01  -1.0000000e+00
   3.7576923e+01   8.3076923e+01   3.7596154e+01   8.3846154e+01  -1.0000000e+00
   3.7596154e+01   8.3846154e+01   3.7615385e+01   8.4615385e+01  -1.0000000e+00
   3.7615385e+01   8.4615385e+01   3.7634615e+01   8.5384615e+01  -1.0000000e+00
   3.7634615e+01   8.5384615e+01   3.7653846e+01   8.6153846e+01  -1.0000000e+00
   3.7653846e+01   8.6153846e+01   3.7673077e+01   8.6923077e+01  -1.0000000e+00
   3.7673077e+01   8.6923077e+01   3.7692308e+01   8.7692308e+01  -1.0000000e+00
   3.7692308e+01   8.7692308e+01   3.7711538e+01   8.8461538e+01  -1.0000000e+00
   3.7711538e+01   8.8461538e+01   3.7730769e+01   8.9230769e+01  -1.0000000e+00
   3.7730769e+01   8.9230769e+01   3.7750000e+01   9.0000000e+01  -1.0000000e+00
   3.7750000e+01   9.0000000e+01   3.7769231e+01   9.0769231e+01  -1.0000000e+00
   3.7769231e+01   9.0769231e+01   3.7788462e+01   9.1538462e+01  -1.0000000e+00
   3.7788462e+01   9.1538462e+01   3.7807692e+01   9.2307692e+01  -1.0000000e+00
   3.7807692e+01   9.2307692e+01   3.7826923e+01   9.3076923e+01  -1.0000000e+00
   3.7826923e+01   9.3076923e+01   3.7846154e+01   9.3846154e+01  -1.0000000e+00
   3.7846154e+01   9.3846154e+01   3.7865385e+01   9.4615385e+01  -1.0000000e+00
   3.7865385e+01   9.4615385e+01   3.7884615e+01   9.5384615e+01  -1.0000000e+00
   3.7884615e+01   9.5384615e+01   3.7903846e+01   9.6153846e+01  -1.0000000e+00
   3.7903846e+01   9.6153846e+01   3.7923077e+01   9.6923077e+01  -1.0000000e+00
   3.7923077e+01   9.6923077e+01   3.7942308e+01   9.7692308e+01  -1.0000000e+00
   3.7942308e+01   9.7692308e+01   3.7961538e+01   9.8461538e+01  -1.0000000e+00
   3.7961538e+01   9.8461538e+01   3.7980769e+01   9.9230769e+01  -1.0000000e+00
   3.7980769e+01   9.9230769e+01   3.8000000e+01   1.0000000e+02  -1.0000000e+00
   5.6000000e+01   4.0000000e+01   5.6017889e+01   4.0769231e+01  -1.0000000e+00
   5.6017889e+01   4.0769231e+01   5.6035778e+01   4.1538462e+01  -1.0000000e+00
   5.6035778e+01   4.1538462e+01   5.6053667e+01   4.2307692e+01  -1.0000000e+00
   5.6053667e+01   4.2307692e+01   5.6071556e+01   4.3076923e+01  -1.0000000e+00
   5.6071556e+01   4.3076923e+01   5.6089445e+01   4.3846154e+01  -1.0000000e+00
   5.6089445e+01   4.3846154e+01   5.6107335e+01   4.4615385e+01  -1.0000000e+00
   5.6107335e+01   4.4615385e+01   5.6125224e+01   4.5384615e+01  -1.0000000e+00
   5.6125224e+01   4.5384615e+01   5.6143113e+01   4.6153846e+01  -1.0000000e+00
   5.6143113e+01   4.6153846e+01   5.6161002e+01   4.6923077e+01  -1.0000000e+00
   5.6161002e+01   4.6923077e+01   5.6178891e+01   4.7692308e+01  -1.0000000e+00
   5.6178891e+01   4.7692308e+01   5.6196780e+01   4.8461538e+01  -1.0000000e+00
   5.6196780e+01   4.8461538e+01   5.6214669e+01   4.9230769e+01  -1.0000000e+00
   5.6214669e+01   4.9230769e+01   5.6232558e+01   5.0000000e+01  -1.0000000e+00
   5.6232558e+01   5.0000000e+01   5.6250918e+01   5.0789474e+01  -1.0000000e+00
   5.6250918e+01   5.0789474e+01   5.6269278e+01   5.1578947e+01  -1.0000000e+00
   5.6269278e+01   5.1578947e+01   5.6287638e+01   5.2368421e+01  -1.0000000e+00
   5.6287638e+01   5.2368421e+01   5.6305998e+01   5.3157895e+01  -1.0000000e+00
   5.6305998e+01   5.3157895e+01   5.6324357e+01   5.3947368e+01  -1.0000000e+00
   5.6324357e+01   5.3947368e+01   5.6342717e+01   5.4736842e+01  -1.0000000e+00
   5.6342717e+01   5.4736842e+01   5.6361077e+01   5.5526316e+01  -1.0000000e+00
   5.6361077e+01   5.5526316e+01   5.6379437e+01   5.6315789e+01  -1.0000000e+00
   5.6379437e+01   5.6315789e+01   5.6397797e+01   5.7105263e+01  -1.0000000e+00
   5.6397797e+01   5.7105263e+01   5.6416157e+01   5.7894737e+01   2.0000000e+00
   5.6416157e+01   5.7894737e+01   5.6434517e+01   5.8684211e+01   2.0000000e+00
   5.6434517e+01   5.8684211e+01   5.6452876e+01   5.9473684e+01   2.0000000e+00
   5.6452876e+01   5.9473684e+01   5.6471236e+01   6.0263158e+01   2.0000000e+00
   5.6471236e+01   6.0263158e+01   5.6489596e+01   6.1052632e+01   2.0000000e+00
   5.6489596e+01   6.1052632e+01   5.6507956e+01   6.1842105e+01   2.0000000e+00
   5.6507956e+01   6.1842105e+01   5.6526316e+01   6.2631579e+01   2.0000000e+00
   5.6526316e+01   6.2631579e+01   5.6544676e+01   6.3421053e+01   2.0000000e+00
   5.6544676e+01   6.3421053e+01   5.6563035e+01   6.4210526e+01   2.0000000e+00
   5.6563035e+01   6.4210526e+01   5.6581395e+01   6.5000000e+01   2.0000000e+00
   5.6581395e+01   6.5000000e+01   5.6599755e+01   6.5789474e+01   2.0000000e+00
   5.6599755e+01   6.5789474e+01   5.6618115e+01   6.6578947e+01   2.0000000e+00
   5.6618115e+01   6.6578947e+01   5.6636475e+01   6.7368421e+01   2.0000000e+00
   5.6636475e+01   6.7368421e+01   5.6654835e+01   6.8157895e+01   2.0000000e+00
   5.6654835e+01   6.8157895e+01   5.6673195e+01   6.8947368e+01   2.0000000e+00
   5.6673195e+01   6.8947368e+01   5.6691554e+01   6.9736842e+01   2.0000000e+00
   5.6691554e+01   6.9736842e+01   5.6709914e+01   7.0526316e+01   2.0000000e+00
   5.6709914e+01   7.0526316e+01   5.6728274e+01   7.1315789e+01   2.0000000e+00
   5.6728274e+01   7.1315789e+01   5.6746634e+01   7.2105263e+01   2.0000000e+00
   5.6746634e+01   7.2105263e+01   5.6764994e+01   7.2894737e+01   2.0000000e+00
   5.6764994e+01   7.2894737e+01   5.6783354e+01   7.3684211e+01   2.0000000e+00
   5.6783354e+01   7.3684211e+01   5.6801714e+01   7.4473684e+01   2.0000000e+00
   5.6801714e+01   7.4473684e+01   5.6820073e+01   7.5263158e+01   2.0000000e+00
   5.6820073e+01   7.5263158e+01   5.6838433e+01   7.6052632e+01   2.0000000e+00
   5.6838433e+01   7.6052632e+01   5.6856793e+01   7.6842105e+01   2.0000000e+00
   5.6856793e+01   7.6842105e+01   5.6875153e+01   7.7631579e+01   2.0000000e+00
   5.6875153e+01   7.7631579e+01   5.6893513e+01   7.8421053e+01   2.0000000e+00
   5.6893513e+01   7.8421053e+01   5.6911873e+01   7.9210526e+01   2.0000000e+00
   5.6911873e+01   7.9210526e+01   5.6930233e+01   8.0000000e+01   2.0000000e+00
   5.6930233e+01   8.0000000e+01   5.6947674e+01   8.0750000e+01   2.0000000e+00
   5.6947674e+01   8.0750000e+01   5.6965116e+01   8.1500000e+01   2.0000000e+00
   5.6965116e+01   8.1500000e+01   5.6982558e+01   8.2250000e+01   2.0000000e+00
   5.6982558e+01   8.2250000e+01   5.7000000e+01   8.3000000e+01   2.0000000e+00
   5.0000000e+01   9.6800000e+01   5.0000000e+01   9.7600000e+01   1.0000000e+00
   5.0000000e+01   1.0240000e+02   5.0000000e+01   1.0320000e+02   1.0000000e+00
   5.0000000e+01   9.6000000e+01   5.0000000e+01   9.6800000e+01   1.0000000e+00
   5.0000000e+01   1.0320000e+02   5.0000000e+01   1.0400000e+02   1.0000000e+00
   5.0000000e+01   9.5200000e+01   5.0000000e+01   9.6000000e+01   1.0000000e+00
   5.0000000e+01   1.0400000e+02   5.0000000e+01   1.0480000e+02   1.0000000e+00
   5.0000000e+01   9.4400000e+01   5.0000000e+01   9.5200000e+01   1.0000000e+00
   5.0000000e+01   1.0480000e+02   5.0000000e+01   1.0560000e+02   1.0000000e+00
   5.0000000e+01   9.3600000e+01   5.0000000e+01   9.4400000e+01   1.0000000e+00
   5.0000000e+01   1.0560000e+02   5.0000000e+01   1.0640000e+02   1.0000000e+00
   5.0000000e+01   9.2800000e+01   5.0000000e+01   9.3600000e+01   1.0000000e+00
   5.0000000e+01   1.0640000e+02   5.0000000e+01   1.0720000e+02   1.0000000e+00
   5.0000000e+01   9.2000000e+01   5.0000000e+01   9.2800000e+01   1.0000000e+00
   5.0000000e+01   1.0720000e+02   5.0000000e+01   1.0800000e+02   1.0000000e+00
   5.0000000e+01   9.1200000e+01   5.0000000e+01   9.2000000e+01   1.0000000e+00
   5.0000000e+01   1.0800000e+02   5.0000000e+01   1.0880000e+02   1.0000000e+00
   5.0000000e+01   9.0400000e+01   5.0000000e+01   9.1200000e+01   1.0000000e+00
   5.0000000e+01   1.0880000e+02   5.0000000e+01   1.0960000e+02   1.0000000e+00
   5.0000000e+01   8.9600000e+01   5.0000000e+01   9.0400000e+01   1.0000000e+00
   5.0000000e+01   1.0960000e+02   5.0000000e+01   1.1040000e+02   1.0000000e+00
   5.0000000e+01   8.8800000e+01   5.0000000e+01   8.9600000e+01   1.0000000e+00
   5.0000000e+01   1.1040000e+02   5.0000000e+01   1.1120000e+02   1.0000000e+00
   5.0000000e+01   8.8000000e+01   5.0000000e+01   8.8800000e+01   1.0000000e+00
   5.0000000e+01   1.1120000e+02   5.0000000e+01   1.1200000e+02   1.0000000e+00
   5.0000000e+01   8.7200000e+01   5.0000000e+01   8.8000000e+01   1.0000000e+00
   5.0000000e+01   1.1200000e+02   5.0000000e+01   1.1280000e+02   1.0000000e+00
   5.0000000e+01   8.6400000e+01   5.0000000e+01   8.7200000e+01   1.0000000e+00
   5.0000000e+01   1.1280000e+02   5.0000000e+01   1.1360000e+02   1.0000000e+00
   5.0000000e+01   8.5600000e+01   5.0000000e+01   8.6400000e+01   1.0000000e+00
   5.0000000e+01   1.1360000e+02   5.0000000e+01   1.1440000e+02   1.0000000e+00
   5.0000000e+01   8.4800000e+01   5.0000000e+01   8.5600000e+01   1.0000000e+00
   5.0000000e+01   1.1440000e+02   5.0000000e+01   1.1520000e+02   1.0000000e+00
   5.0000000e+01   8.4000000e+01   5.0000000e+01   8.4800000e+01   1.0000000e+00
   5.0000000e+01   1.1520000e+02   5.0000000e+01   1.1600000e+02   1.0000000e+00
   5.0000000e+01   8.3200000e+01   5.0000000e+01   8.4000000e+01   1.0000000e+00
   5.0000000e+01   1.1600000e+02   5.0000000e+01   1.1680000e+02   1.0000000e+00
   5.0000000e+01   8.2400000e+01   5.0000000e+01   8.3200000e+01   1.0000000e+00
   5.0000000e+01   1.1680000e+02   5.0000000e+01   1.1760000e+02   1.0000000e+00
   5.0000000e+01   8.1600000e+01   5.0000000e+01   8.2400000e+01   1.0000000e+00
   5.0000000e+01   1.1760000e+02   5.0000000e+01   1.1840000e+02   1.0000000e+00
   5.0000000e+01   8.0800000e+01   5.0000000e+01   8.1600000e+01   1.0000000e+00
   5.0000000e+01   8.0533333e+01   5.0000000e+01   8.0800000e+01   1.0000000e+00
   5.0000000e+01   8.0266667e+01   5.0000000e+01   8.0533333e+01   1.0000000e+00
   5.0000000e+01   8.0000000e+01   5.0000000e+01   8.0266667e+01   1.0000000e+00
   4.9298506e+01   8.0000000e+01   4.9649253e+01   8.0000000e+01   2.0000000e+00
   4.9649253e+01   8.0000000e+01   5.0000000e+01   8.0000000e+01   2.0000000e+00
   5.0181418e+01   8.0000000e+01   5.0362836e+01   8.0000000e+01   2.0000000e+00
   5.0362836e+01   8.0000000e+01   5.0544253e+01   8.0000000e+01   2.0000000e+00
   5.0000000e+01   1.1840000e+02   5.0000000e+01   1.1920000e+02   1.0000000e+00
   5.0000000e+01   1.1920000e+02   5.0000000e+01   1.1946667e+02   1.0000000e+00
   5.0000000e+01   1.1946667e+02   5.0000000e+01   1.1973333e+02   1.0000000e+00
   5.0000000e+01   1.1973333e+02   5.0000000e+01   1.2000000e+02   1.0000000e+00
   4.9519713e+01   1.2000000e+02   4.9759857e+01   1.2000000e+02   2.0000000e+00
   4.9759857e+01   1.2000000e+02   5.0000000e+01   1.2000000e+02   2.0000000e+00
   5.0264337e+01   1.2000000e+02   5.0528674e+01   1.2000000e+02   2.0000000e+00
   5.0528674e+01   1.2000000e+02   5.0793011e+01   1.2000000e+02   2.0000000e+00
   5.0000000e+01   1.2000000e+02   5.0000000e+01   1.2080000e+02   1.0000000e+00
   5.0000000e+01   7.9200000e+01   5.0000000e+01   8.0000000e+01   1.0000000e+00
   4.9991623e+01   1.2159996e+02   5.0000000e+01   1.2080000e+02   1.0000000e+00
   5.0000000e+01   7.9200000e+01   4.9981431e+01   7.8400216e+01   1.0000000e+00
   4.9972147e+01   7.8000323e+01   4.9981431e+01   7.8400216e+01   1.0000000e+00
   4.9991623e+01   1.2159996e+02   4.9980313e+01   1.2239988e+02   1.0000000e+00
   4.9972147e+01   7.8000323e+01   4.9954556e+01   7.7200517e+01   1.0000000e+00
   4.9974659e+01   1.2279984e+02   4.9980313e+01   1.2239988e+02   1.0000000e+00
   4.9974659e+01   1.2279984e+02   4.9963349e+01   1.2359976e+02   1.0000000e+00
   4.9945760e+01   7.6800613e+01   4.9954556e+01   7.7200517e+01   1.0000000e+00
   4.9945760e+01   7.6800613e+01   4.9930262e+01   7.6000764e+01   1.0000000e+00
   4.9957695e+01   1.2399972e+02   4.9963349e+01   1.2359976e+02   1.0000000e+00
   4.9957695e+01   1.2399972e+02   4.9946385e+01   1.2479964e+02   1.0000000e+00
   4.9922513e+01   7.5600839e+01   4.9930262e+01   7.6000764e+01   1.0000000e+00
   4.9922513e+01   7.5600839e+01   4.9909808e+01   7.4800940e+01   1.0000000e+00
   4.9940730e+01   1.2519960e+02   4.9946385e+01   1.2479964e+02   1.0000000e+00
   4.9940730e+01   1.2519960e+02   4.9928723e+01   1.2599951e+02   1.0000000e+00
   4.9903455e+01   7.4400990e+01   4.9909808e+01   7.4800940e+01   1.0000000e+00
   4.9903455e+01   7.4400990e+01   4.9892006e+01   7.3601072e+01   1.0000000e+00
   4.9922719e+01   1.2639946e+02   4.9928723e+01   1.2599951e+02   1.0000000e+00
   4.9922719e+01   1.2639946e+02   4.9910572e+01   1.2719937e+02   1.0000000e+00
   4.9886282e+01   7.3201113e+01   4.9892006e+01   7.3601072e+01   1.0000000e+00
   4.9886282e+01   7.3201113e+01   4.9877346e+01   7.2401163e+01   1.0000000e+00
   4.9904499e+01   1.2759932e+02   4.9910572e+01   1.2719937e+02   1.0000000e+00
   4.9904499e+01   1.2759932e+02   4.9892491e+01   1.2839923e+02   1.0000000e+00
   4.9872878e+01   7.2001188e+01   4.9877346e+01   7.2401163e+01   1.0000000e+00
   4.9872878e+01   7.2001188e+01   4.9867712e+01   7.1201204e+01   1.0000000e+00
   4.9886488e+01   1.2879919e+02   4.9892491e+01   1.2839923e+02   1.0000000e+00
   4.9886488e+01   1.2879919e+02   4.9876156e+01   1.2959912e+02   1.0000000e+00
   4.9865129e+01   7.0801213e+01   4.9867712e+01   7.1201204e+01   1.0000000e+00
   4.9865129e+01   7.0801213e+01   4.9862755e+01   7.0001216e+01   1.0000000e+00
   4.9870990e+01   1.2999909e+02   4.9876156e+01   1.2959912e+02   1.0000000e+00
   4.9870990e+01   1.2999909e+02   4.9862333e+01   1.3079904e+02   1.0000000e+00
   4.9861568e+01   6.9601218e+01   4.9862755e+01   7.0001216e+01   1.0000000e+00
   4.9861568e+01   6.9601218e+01   4.9860591e+01   6.8801219e+01   1.0000000e+00
   4.9858005e+01   1.3119902e+02   4.9862333e+01   1.3079904e+02   1.0000000e+00
   4.9858005e+01   1.3119902e+02   4.9850884e+01   1.3199899e+02   1.0000000e+00
   4.9860102e+01   6.8401219e+01   4.9860591e+01   6.8801219e+01   1.0000000e+00
   4.9860102e+01   6.8401219e+01   4.9860102e+01   6.7601219e+01   1.0000000e+00
   4.9847323e+01   1.3239897e+02   4.9850884e+01   1.3199899e+02   1.0000000e+00
   4.9847323e+01   1.3239897e+02   4.9841040e+01   1.3319895e+02   1.0000000e+00
   4.9860102e+01   6.7601219e+01   4.9860102e+01   6.7201219e+01   1.0000000e+00
   4.9860102e+01   6.7201219e+01   4.9861498e+01   6.6401220e+01   1.0000000e+00
   4.9837899e+01   1.3359893e+02   4.9841040e+01   1.3319895e+02   1.0000000e+00
   4.9837899e+01   1.3359893e+02   4.9833151e+01   1.3439892e+02   1.0000000e+00
   4.9861498e+01   6.6401220e+01   4.9862197e+01   6.6001221e+01   1.0000000e+00
   4.9862197e+01   6.6001221e+01   4.9864989e+01   6.5201226e+01   1.0000000e+00
   4.9830778e+01   1.3479891e+02   4.9833151e+01   1.3439892e+02   1.0000000e+00
   4.9830778e+01   1.3479891e+02   4.9828264e+01   1.3559891e+02   1.0000000e+00
   4.9864989e+01   6.5201226e+01   4.9866385e+01   6.4801228e+01   1.0000000e+00
   4.9866385e+01   6.4801228e+01   4.9870435e+01   6.4001238e+01   1.0000000e+00
   4.9827008e+01   1.3599891e+02   4.9828264e+01   1.3559891e+02   1.0000000e+00
   4.9827008e+01   1.3599891e+02   4.9826729e+01   1.3679891e+02   1.0000000e+00
   4.9870435e+01   6.4001238e+01   4.9872459e+01   6.3601243e+01   1.0000000e+00
   4.9872459e+01   6.3601243e+01   4.9878742e+01   6.2801268e+01   1.0000000e+00
   4.9826589e+01   1.3719891e+02   4.9826729e+01   1.3679891e+02   1.0000000e+00
   4.9826589e+01   1.3719891e+02   4.9827147e+01   1.3799891e+02   1.0000000e+00
   4.9878742e+01   6.2801268e+01   4.9881884e+01   6.2401280e+01   1.0000000e+00
   4.9881884e+01   6.2401280e+01   4.9890122e+01   6.1601323e+01   1.0000000e+00
   4.9827147e+01   1.3799891e+02   4.9827427e+01   1.3839891e+02   1.0000000e+00
   4.9827427e+01   1.3839891e+02   4.9827846e+01   1.3919891e+02   1.0000000e+00
   4.9890122e+01   6.1601323e+01   4.9894241e+01   6.1201344e+01   1.0000000e+00
   4.9894241e+01   6.1201344e+01   4.9904154e+01   6.0401405e+01   1.0000000e+00
   4.9827846e+01   1.3919891e+02   4.9828055e+01   1.3959891e+02   1.0000000e+00
   4.9828055e+01   1.3959891e+02   4.9830289e+01   1.4039890e+02   1.0000000e+00
   4.9904154e+01   6.0401405e+01   4.9909110e+01   6.0001436e+01   1.0000000e+00
   4.9909110e+01   6.0001436e+01   4.9920001e+01   5.9201510e+01   1.0000000e+00
   4.9830289e+01   1.4039890e+02   4.9831406e+01   1.4079890e+02   1.0000000e+00
   4.9831406e+01   1.4079890e+02   4.9835874e+01   1.4159889e+02   1.0000000e+00
   4.9920001e+01   5.9201510e+01   4.9925446e+01   5.8801547e+01   1.0000000e+00
   4.9925446e+01   5.8801547e+01   4.9937593e+01   5.8001640e+01   1.0000000e+00
   4.9835874e+01   1.4159889e+02   4.9838108e+01   1.4199888e+02   1.0000000e+00
   4.9838108e+01   1.4199888e+02   4.9844810e+01   1.4279885e+02   1.0000000e+00
   4.9937593e+01   5.8001640e+01   4.9943667e+01   5.7601686e+01   1.0000000e+00
   4.9943667e+01   5.7601686e+01   4.9956512e+01   5.6801789e+01   1.0000000e+00
   4.9844810e+01   1.4279885e+02   4.9848161e+01   1.4319884e+02   1.0000000e+00
   4.9848161e+01   1.4319884e+02   4.9856259e+01   1.4399880e+02   1.0000000e+00
   4.9956512e+01   5.6801789e+01   4.9962934e+01   5.6401840e+01   1.0000000e+00
   4.9962934e+01   5.6401840e+01   4.9976896e+01   5.5601962e+01   1.0000000e+00
   4.9856259e+01   1.4399880e+02   4.9860308e+01   1.4439878e+02   1.0000000e+00
   4.9860308e+01   1.4439878e+02   4.9869244e+01   1.4519873e+02   1.0000000e+00
   4.9976896e+01   5.5601962e+01   4.9983877e+01   5.5202023e+01   1.0000000e+00
   4.9983877e+01   5.5202023e+01   4.9998677e+01   5.4402160e+01   1.0000000e+00
   4.9869244e+01   1.4519873e+02   4.9873712e+01   1.4559870e+02   1.0000000e+00
   4.9998677e+01   5.4402160e+01   5.0006076e+01   5.4002229e+01   1.0000000e+00
   4.9873712e+01   1.4559870e+02   4.9884882e+01   1.4639863e+02   1.0000000e+00
   5.0006076e+01   5.4002229e+01   5.0022412e+01   5.3202395e+01   1.0000000e+00
   4.9884882e+01   1.4639863e+02   4.9890467e+01   1.4679859e+02   1.0000000e+00
   5.0022412e+01   5.3202395e+01   5.0030579e+01   5.2802479e+01   1.0000000e+00
   4.9890467e+01   1.4679859e+02   4.9903172e+01   1.4759849e+02   1.0000000e+00
   5.0030579e+01   5.2802479e+01   5.0049148e+01   5.2002694e+01   1.0000000e+00
   4.9903172e+01   1.4759849e+02   4.9909525e+01   1.4799844e+02   1.0000000e+00
   5.0049148e+01   5.2002694e+01   5.0058432e+01   5.1602802e+01   1.0000000e+00
   4.9909525e+01   1.4799844e+02   4.9922789e+01   1.4879833e+02   1.0000000e+00
   5.0058432e+01   5.1602802e+01   5.0077420e+01   5.0803027e+01   1.0000000e+00
   4.9922789e+01   1.4879833e+02   4.9929421e+01   1.4919827e+02   1.0000000e+00
   5.0077420e+01   5.0803027e+01   5.0086913e+01   5.0403140e+01   1.0000000e+00
   4.9929421e+01   1.4919827e+02   4.9943383e+01   1.4999815e+02   1.0000000e+00
   5.0086913e+01   5.0403140e+01   5.0106319e+01   4.9603375e+01   1.0000000e+00
   4.9943383e+01   1.4999815e+02   4.9950364e+01   1.5039809e+02   1.0000000e+00
   5.0106319e+01   4.9603375e+01   5.0116022e+01   4.9203493e+01   1.0000000e+00
   4.9950364e+01   1.5039809e+02   4.9997809e+01   1.5119668e+02   1.0000000e+00
   5.0116022e+01   4.9203493e+01   5.0135708e+01   4.8403735e+01   1.0000000e+00
   5.0044836e+01   1.5199530e+02   4.9997809e+01   1.5119668e+02   1.0000000e+00
   5.0135708e+01   4.8403735e+01   5.0145550e+01   4.8003857e+01   1.0000000e+00
   5.0145550e+01   4.8003857e+01   5.0198709e+01   4.7205625e+01   1.0000000e+00
   5.0044836e+01   1.5199530e+02   5.0068349e+01   1.5239460e+02   1.0000000e+00
   5.0106592e+01   1.5319369e+02   5.0068349e+01   1.5239460e+02   1.0000000e+00
   5.0251310e+01   4.6407356e+01   5.0198709e+01   4.7205625e+01   1.0000000e+00
   5.0106592e+01   1.5319369e+02   5.0125714e+01   1.5359323e+02   1.0000000e+00
   5.0251310e+01   4.6407356e+01   5.0277611e+01   4.6008221e+01   1.0000000e+00
   5.0159354e+01   1.5439252e+02   5.0125714e+01   1.5359323e+02   1.0000000e+00
   5.0322407e+01   4.5209477e+01   5.0277611e+01   4.6008221e+01   1.0000000e+00
   5.0159354e+01   1.5439252e+02   5.0176174e+01   1.5479217e+02   1.0000000e+00
   5.0322407e+01   4.5209477e+01   5.0344806e+01   4.4810104e+01   1.0000000e+00
   5.0205070e+01   1.5559165e+02   5.0176174e+01   1.5479217e+02   1.0000000e+00
   5.0384722e+01   4.4011101e+01   5.0344806e+01   4.4810104e+01   1.0000000e+00
   5.0205070e+01   1.5559165e+02   5.0219518e+01   1.5599139e+02   1.0000000e+00
   5.0384722e+01   4.4011101e+01   5.0404680e+01   4.3611599e+01   1.0000000e+00
   5.0243810e+01   1.5679102e+02   5.0219518e+01   1.5599139e+02   1.0000000e+00
   5.0440552e+01   4.2812403e+01   5.0404680e+01   4.3611599e+01   1.0000000e+00
   5.0243810e+01   1.5679102e+02   5.0255955e+01   1.5719083e+02   1.0000000e+00
   5.0440552e+01   4.2812403e+01   5.0458488e+01   4.2412806e+01   1.0000000e+00
   5.0275780e+01   1.5799059e+02   5.0255955e+01   1.5719083e+02   1.0000000e+00
   5.0490733e+01   4.1613456e+01   5.0458488e+01   4.2412806e+01   1.0000000e+00
   5.0275780e+01   1.5799059e+02   5.0285693e+01   1.5839047e+02   1.0000000e+00
   5.0490733e+01   4.1613456e+01   5.0506856e+01   4.1213781e+01   1.0000000e+00
   5.0300492e+01   1.5919033e+02   5.0285693e+01   1.5839047e+02   1.0000000e+00
   5.0535054e+01   4.0414278e+01   5.0506856e+01   4.1213781e+01   1.0000000e+00
   5.0300492e+01   1.5919033e+02   5.0307892e+01   1.5959026e+02   1.0000000e+00
   5.0535054e+01   4.0414278e+01   5.0549154e+01   4.0014527e+01   1.0000000e+00
   5.0318782e+01   1.6039019e+02   5.0307892e+01   1.5959026e+02   1.0000000e+00
   5.0572887e+01   3.9214879e+01   5.0549154e+01   4.0014527e+01   1.0000000e+00
   5.0318782e+01   1.6039019e+02   5.0324228e+01   1.6079015e+02   1.0000000e+00
   5.0572887e+01   3.9214879e+01   5.0584753e+01   3.8815055e+01   1.0000000e+00
   5.0332466e+01   1.6159011e+02   5.0324228e+01   1.6079015e+02   1.0000000e+00
   5.0604857e+01   3.8015307e+01   5.0584753e+01   3.8815055e+01   1.0000000e+00
   5.0604857e+01   3.8015307e+01   5.0614909e+01   3.7615434e+01   1.0000000e+00
   5.0332466e+01   1.6159011e+02   5.0336584e+01   1.6199009e+02   1.0000000e+00
   5.0631524e+01   3.6815606e+01   5.0614909e+01   3.7615434e+01   1.0000000e+00
   5.0342030e+01   1.6279007e+02   5.0336584e+01   1.6199009e+02   1.0000000e+00
   5.0631524e+01   3.6815606e+01   5.0639831e+01   3.6415693e+01   1.0000000e+00
   5.0342030e+01   1.6279007e+02   5.0344753e+01   1.6319006e+02   1.0000000e+00
   5.0652257e+01   3.5615789e+01   5.0639831e+01   3.6415693e+01   1.0000000e+00
   5.0348243e+01   1.6399005e+02   5.0344753e+01   1.6319006e+02   1.0000000e+00
   5.0652257e+01   3.5615789e+01   5.0658470e+01   3.5215837e+01   1.0000000e+00
   5.0348243e+01   1.6399005e+02   5.0349989e+01   1.6439005e+02   1.0000000e+00
   5.0667825e+01   3.4415892e+01   5.0658470e+01   3.5215837e+01   1.0000000e+00
   5.0351524e+01   1.6519005e+02   5.0349989e+01   1.6439005e+02   1.0000000e+00
   5.0667825e+01   3.4415892e+01   5.0672502e+01   3.4015919e+01   1.0000000e+00
   5.0351524e+01   1.6519005e+02   5.0352292e+01   1.6559004e+02   1.0000000e+00
   5.0679484e+01   3.3215950e+01   5.0672502e+01   3.4015919e+01   1.0000000e+00
   5.0351873e+01   1.6639004e+02   5.0352292e+01   1.6559004e+02   1.0000000e+00
   5.0679484e+01   3.3215950e+01   5.0682974e+01   3.2815965e+01   1.0000000e+00
   5.0351664e+01   1.6679004e+02   5.0351873e+01   1.6639004e+02   1.0000000e+00
   5.0687442e+01   3.2015978e+01   5.0682974e+01   3.2815965e+01   1.0000000e+00
   5.0349849e+01   1.6759004e+02   5.0351664e+01   1.6679004e+02   1.0000000e+00
   5.0687442e+01   3.2015978e+01   5.0689676e+01   3.1615984e+01   1.0000000e+00
   5.0348941e+01   1.6799004e+02   5.0349849e+01   1.6759004e+02   1.0000000e+00
   5.0692050e+01   3.0815987e+01   5.0689676e+01   3.1615984e+01   1.0000000e+00
   5.0345171e+01   1.6879003e+02   5.0348941e+01   1.6799004e+02   1.0000000e+00
   5.0692050e+01   3.0815987e+01   5.0693237e+01   3.0415989e+01   1.0000000e+00
   5.0343286e+01   1.6919003e+02   5.0345171e+01   1.6879003e+02   1.0000000e+00
   5.0693795e+01   2.9615989e+01   5.0693237e+01   3.0415989e+01   1.0000000e+00
   5.0338679e+01   1.6999001e+02   5.0343286e+01   1.6919003e+02   1.0000000e+00
   5.0693795e+01   2.9615989e+01   5.0694074e+01   2.9215989e+01   1.0000000e+00
   5.0336375e+01   1.7039001e+02   5.0338679e+01   1.6999001e+02   1.0000000e+00
   5.0692678e+01   2.8415991e+01   5.0694074e+01   2.9215989e+01   1.0000000e+00
   5.0330511e+01   1.7118999e+02   5.0336375e+01   1.7039001e+02   1.0000000e+00
   5.0691980e+01   2.8015991e+01   5.0692678e+01   2.8415991e+01   1.0000000e+00
   5.0327579e+01   1.7158998e+02   5.0330511e+01   1.7118999e+02   1.0000000e+00
   5.0689048e+01   2.7215997e+01   5.0691980e+01   2.8015991e+01   1.0000000e+00
   5.0286825e+01   1.7238894e+02   5.0327579e+01   1.7158998e+02   1.0000000e+00
   5.0687582e+01   2.6815999e+01   5.0689048e+01   2.7215997e+01   1.0000000e+00
   5.0286825e+01   1.7238894e+02   5.0248861e+01   1.7318804e+02   1.0000000e+00
   5.0652547e+01   2.6016767e+01   5.0687582e+01   2.6815999e+01   1.0000000e+00
   5.0229879e+01   1.7358758e+02   5.0248861e+01   1.7318804e+02   1.0000000e+00
   5.0652547e+01   2.6016767e+01   5.0618907e+01   2.5217474e+01   1.0000000e+00
   5.0229879e+01   1.7358758e+02   5.0200285e+01   1.7438704e+02   1.0000000e+00
   5.0602087e+01   2.4817828e+01   5.0618907e+01   2.5217474e+01   1.0000000e+00
   5.0602087e+01   2.4817828e+01   5.0575284e+01   2.4018277e+01   1.0000000e+00
   5.0185488e+01   1.7478676e+02   5.0200285e+01   1.7438704e+02   1.0000000e+00
   5.0185488e+01   1.7478676e+02   5.0160360e+01   1.7558637e+02   1.0000000e+00
   5.0561882e+01   2.3618502e+01   5.0575284e+01   2.4018277e+01   1.0000000e+00
   5.0561882e+01   2.3618502e+01   5.0539684e+01   2.2818810e+01   1.0000000e+00
   5.0147795e+01   1.7598617e+02   5.0160360e+01   1.7558637e+02   1.0000000e+00
   5.0147795e+01   1.7598617e+02   5.0126993e+01   1.7678590e+02   1.0000000e+00
   5.0528585e+01   2.2418964e+01   5.0539684e+01   2.2818810e+01   1.0000000e+00
   5.0528585e+01   2.2418964e+01   5.0509598e+01   2.1619189e+01   1.0000000e+00
   5.0116592e+01   1.7718577e+02   5.0126993e+01   1.7678590e+02   1.0000000e+00
   5.0116592e+01   1.7718577e+02   5.0099699e+01   1.7798559e+02   1.0000000e+00
   5.0500104e+01   2.1219302e+01   5.0509598e+01   2.1619189e+01   1.0000000e+00
   5.0500104e+01   2.1219302e+01   5.0549500e+01   2.0420828e+01   1.0000000e+00
   5.0091252e+01   1.7838550e+02   5.0099699e+01   1.7798559e+02   1.0000000e+00
   5.0091252e+01   1.7838550e+02   5.0139951e+01   1.7918401e+02   1.0000000e+00
