   2.2290171e-03
   2.2285108e-03
   2.2289558e-03
   2.2274360e-03
   2.2284251e-03
   2.2258894e-03
   2.2274647e-03
   2.2239089e-03
   2.2261002e-03
   2.2215187e-03
   2.2243506e-03
   2.2187364e-03
   2.2222315e-03
   2.2155759e-03
   2.2197557e-03
   2.2120485e-03
   2.2169345e-03
   2.2081639e-03
   2.2137776e-03
   2.2039306e-03
   2.2102943e-03
   2.1993563e-03
   2.2064930e-03
   2.1944479e-03
   2.2023817e-03
   2.1892121e-03
   2.1979681e-03
   2.1836555e-03
   2.1932603e-03
   2.1777847e-03
   2.1882668e-03
   2.1716064e-03
   2.1829975e-03
   2.1651281e-03
   2.1774656e-03
   2.1583576e-03
   2.1716910e-03
   2.1513034e-03
   2.1657104e-03
   2.1439769e-03
   2.1596016e-03
   2.1364023e-03
   2.1535518e-03
   2.1286478e-03
   2.1480488e-03
   2.1209142e-03
   2.1443374e-03
   2.1444673e-03
   2.1455027e-03
   2.1482476e-03
   2.1138389e-03
   2.1105741e-03
   2.1089306e-03
   2.1085182e-03
   1.0801039e-05
   1.0604952e-05
   1.0470619e-05
   9.4871654e-06
   9.3922853e-06
   9.2722608e-06
   2.0863929e-03
   1.1021037e-05
   1.0828125e-05
   1.0574089e-05
   8.7426150e-06
   8.9275843e-06
   8.9278887e-06
   2.1023543e-03
   1.0159396e-05
   9.6718579e-06
   9.1879424e-06
   8.7090161e-06
   9.0541230e-06
   8.7024389e-06
   8.3042718e-06
   7.8689327e-06
   8.9636407e-06
   8.8840369e-06
   8.6382565e-06
   8.3235313e-06
   1.0095973e-05
   9.5054100e-06
   8.9692965e-06
   8.4515294e-06
   2.0737240e-03
   2.1132183e-03
   8.2298849e-06
   7.7467459e-06
   7.2581452e-06
   6.7644272e-06
   7.9755895e-06
   7.6073042e-06
   7.2253053e-06
   6.8371904e-06
   7.4050904e-06
   6.9202009e-06
   6.8042594e-06
   7.8679338e-06
   7.8034158e-06
   6.7669114e-06
   7.9360523e-06
   7.7965970e-06
   8.9602907e-06
   9.0332307e-06
   7.7203641e-06
   7.6587872e-06
   2.0879616e-03
   2.0724858e-03
   2.1084706e-03
   2.0566059e-03
   2.0576178e-03
   2.0797317e-03
   2.1017469e-03
   8.9579755e-06
   8.9464229e-06
   8.5831664e-06
   8.2687481e-06
   7.9537335e-06
   7.6374635e-06
   2.0404230e-03
   7.8295599e-06
   7.7781352e-06
   7.7373563e-06
   7.7077183e-06
   7.5015293e-06
   7.1836128e-06
   6.8686675e-06
   6.5580044e-06
   2.0424424e-03
   2.0714020e-03
   6.6299934e-06
   6.5918307e-06
   6.5616003e-06
   6.5401642e-06
   7.5509394e-06
   7.5215880e-06
   2.0909551e-03
   6.7316121e-06
   6.7136349e-06
   6.7015138e-06
   6.6990223e-06
   7.7048163e-06
   7.7716352e-06
   2.0233781e-03
   6.7332861e-06
   6.7109423e-06
   6.6984188e-06
   6.6961318e-06
   2.0266615e-03
   2.0601203e-03
   7.6078097e-06
   7.5711143e-06
   7.5455963e-06
   7.5314271e-06
   2.0785652e-03
   2.0057471e-03
   7.4016112e-06
   7.2745775e-06
   7.1619053e-06
   7.0651816e-06
   7.2622109e-06
   7.0194716e-06
   6.7868885e-06
   6.5650685e-06
   2.0105101e-03
   2.0469277e-03
   7.7434865e-06
   7.7157886e-06
   7.7019470e-06
   7.4589096e-06
   7.2007353e-06
   6.9495707e-06
   6.7068884e-06
   2.0661992e-03
   1.9879298e-03
   1.9944357e-03
   7.2703706e-06
   6.9761526e-06
   6.6893581e-06
   6.4061495e-06
   2.0350137e-03
   6.2711217e-06
   5.9638802e-06
   5.8603559e-06
   5.1740519e-06
   5.1596200e-06
   5.7801087e-06
   2.0507956e-03
   7.6907276e-06
   7.6824815e-06
   1.9707287e-03
   1.9774032e-03
   2.0210907e-03
   2.0327501e-03
   6.5245368e-06
   1.9534405e-03
   1.9589589e-03
   2.0039218e-03
   2.0134827e-03
   1.9350381e-03
   1.9388930e-03
   1.9848289e-03
   6.3311168e-06
   6.1257107e-06
   5.9320589e-06
   5.7505025e-06
   1.9928964e-03
   6.9878557e-06
   6.9268113e-06
   6.8848997e-06
   6.8627392e-06
   1.9149545e-03
   6.5020745e-06
   6.2834014e-06
   6.0756581e-06
   5.8794599e-06
   1.9179308e-03
   1.9641909e-03
   1.9724335e-03
   6.0656425e-06
   5.7906070e-06
   5.5243950e-06
   5.2667592e-06
   1.8938753e-03
   1.8963625e-03
   1.9441206e-03
   1.9488461e-03
   5.1356365e-06
   5.0983981e-06
   5.0731238e-06
   5.0600261e-06
   5.0072324e-06
   4.8594763e-06
   4.7197804e-06
   4.5874481e-06
   1.8727145e-03
   1.8732773e-03
   1.9212681e-03
   1.9252931e-03
   1.8504887e-03
   1.8484352e-03
   1.8984246e-03
   1.8996667e-03
   5.7498459e-06
   5.6984779e-06
   5.6596487e-06
   5.6335625e-06
   1.8263627e-03
   1.8223982e-03
   1.8740577e-03
   1.8726228e-03
   1.8006491e-03
   1.7956058e-03
   1.8481556e-03
   5.5719735e-06
   5.4102396e-06
   5.2595640e-06
   5.1195967e-06
   1.8441993e-03
   1.7743026e-03
   5.7118196e-06
   5.5444735e-06
   5.3901814e-06
   5.2489111e-06
   1.7679940e-03
   1.8207925e-03
   1.8144423e-03
   1.7477641e-03
   5.1573171e-06
   5.0427095e-06
   4.9386961e-06
   4.8447787e-06
   4.5833541e-06
   4.5942898e-06
   1.7387504e-03
   1.7919625e-03
   1.7836933e-03
   1.7197004e-03
   1.7082390e-03
   1.7621023e-03
   1.7518469e-03
   4.4665323e-06
   4.3459288e-06
   4.2303935e-06
   4.1190249e-06
   1.6902259e-03
   1.6765525e-03
   1.7310941e-03
   1.7190346e-03
   1.6594179e-03
   1.6438042e-03
   1.6992075e-03
   5.6253732e-06
   1.6849625e-03
   1.6275061e-03
   1.6660649e-03
   1.6098032e-03
   1.6497547e-03
   1.5941911e-03
   1.6317230e-03
   1.5747753e-03
   4.4868744e-06
   4.4037622e-06
   4.3270497e-06
   4.2558826e-06
   4.5635899e-06
   4.5469091e-06
   4.9906391e-06
   4.8701928e-06
   4.7587248e-06
   4.6554053e-06
   1.6132797e-03
   1.5595849e-03
   5.1218862e-06
   5.0067567e-06
   4.9038580e-06
   4.8126259e-06
   1.5959141e-03
   1.5381084e-03
   1.5758353e-03
   1.5230580e-03
   1.5589481e-03
   1.4987815e-03
   1.5367329e-03
   1.4809163e-03
   1.5200296e-03
   1.4433080e-03
   1.4948002e-03
   1.4412059e-03
   1.4753518e-03
   1.4366821e-03
   4.0935537e-06
   4.0869641e-06
   4.0829742e-06
   4.0814392e-06
   4.5226078e-06
   4.5237974e-06
   1.4080315e-03
   1.4062799e-03
   1.4312936e-03
   4.7612528e-06
   4.6846430e-06
   4.6158136e-06
   4.5541483e-06
   1.3752905e-03
   1.3974225e-03
   1.3708838e-03
   1.3938398e-03
   1.3401700e-03
   1.3619418e-03
   1.3346894e-03
   1.3562673e-03
   4.1888827e-06
   4.1250731e-06
   4.0629750e-06
   4.0016434e-06
   1.3045863e-03
   1.3245556e-03
   1.2962315e-03
   1.3176983e-03
   4.6172599e-06
   4.5616672e-06
   4.5144667e-06
   4.4751940e-06
   4.1438901e-06
   4.1568097e-06
   1.2667150e-03
   1.2860483e-03
   4.7325913e-06
   4.6623185e-06
   4.6006508e-06
   4.5457342e-06
   1.2564204e-03
   1.2777947e-03
   1.2275522e-03
   1.2463183e-03
   1.2143406e-03
   1.2365578e-03
   1.1860725e-03
   1.2055386e-03
   1.1700960e-03
   1.1933103e-03
   1.1420429e-03
   1.1627610e-03
   1.1239023e-03
   1.1480181e-03
   4.4752715e-06
   4.4324226e-06
   4.3942467e-06
   4.3610787e-06
   4.4801508e-06
   4.4401213e-06
   4.4046714e-06
   4.3741381e-06
   1.1177063e-03
   1.0957924e-03
   1.1009659e-03
   1.0757982e-03
   4.1019837e-06
   4.0645595e-06
   4.0327729e-06
   4.0065754e-06
   1.0708992e-03
   4.4984132e-06
   4.4496688e-06
   4.4070723e-06
   4.3706872e-06
   1.0475137e-03
   1.0516127e-03
   1.0254954e-03
   1.0217204e-03
   9.9683266e-04
   9.9981995e-04
   9.7320400e-04
   3.9420148e-06
   3.9303341e-06
   4.3180453e-06
   4.3189587e-06
   3.9376365e-06
   3.9428223e-06
   9.6975498e-04
   9.4405285e-04
   9.4582498e-04
   9.1841012e-04
   9.1534240e-04
   8.8862958e-04
   4.4958062e-06
   4.4478686e-06
   4.4011352e-06
   4.3560646e-06
   8.8935891e-04
   8.6110329e-04
   8.5829064e-04
   4.4432254e-06
   4.4180969e-06
   4.3929074e-06
   4.3402364e-06
   8.3048819e-04
   8.3010915e-04
   8.0089081e-04
   7.9820454e-04
   7.6921941e-04
   7.6781875e-04
   7.3737263e-04
   7.3477825e-04
   7.0428851e-04
   3.9864005e-06
   3.9714069e-06
   3.9620732e-06
   3.9584501e-06
   7.0195972e-04
   6.6967514e-04
   6.6736378e-04
   6.3408483e-04
   6.3165589e-04
   5.9338552e-04
   5.9442192e-04
   5.4993835e-04
   5.5320795e-04
   4.3335711e-06
   4.3121805e-06
   4.2973712e-06
   4.2893432e-06
   4.3405965e-06
   4.3174803e-06
   4.3015811e-06
   4.2932397e-06
   5.0882342e-04
   4.3491492e-06
   4.3300270e-06
   4.3174768e-06
   4.3119587e-06
   5.0564539e-04
   4.7105069e-04
   4.6229385e-04
   4.2066764e-04
   4.2776542e-04
   3.8553840e-04
   3.7375785e-04
   3.2619700e-04
   3.3810667e-04
   2.8980561e-04
   4.2849939e-06
   4.2568277e-06
   4.2361496e-06
   4.2249973e-06
   4.2878296e-06
   4.2615806e-06
   4.2428176e-06
   4.2336480e-06
   2.7225625e-04
   2.1468127e-04
   4.3149559e-06
   4.2810074e-06
   4.2573203e-06
   4.2459060e-06
   2.3530679e-04
   1.7667955e-04
   1.4549339e-04
   6.1324977e-05
   1.0514211e-04
   1.0869743e-05
   4.2184810e-06
   4.1736238e-06
   4.1641476e-06
   4.1624750e-06
