   2.5264529e+01
   2.5264548e+01
   2.5263367e+01
   2.5263423e+01
   2.5262210e+01
   2.5262301e+01
   2.5261058e+01
   2.5261182e+01
   2.5259909e+01
   2.5260066e+01
   2.5258764e+01
   2.5258951e+01
   2.5257622e+01
   2.5257838e+01
   2.5256481e+01
   2.5256725e+01
   2.5255343e+01
   2.5255613e+01
   2.5254205e+01
   2.5254501e+01
   2.5253069e+01
   2.5253387e+01
   2.5251933e+01
   2.5252273e+01
   2.5250796e+01
   2.5251157e+01
   2.5249659e+01
   2.5250039e+01
   2.5248521e+01
   2.5248919e+01
   2.5247382e+01
   2.5247795e+01
   2.5246241e+01
   2.5246668e+01
   2.5245098e+01
   2.5245538e+01
   2.5243952e+01
   2.5244403e+01
   2.5242804e+01
   2.5243264e+01
   2.5241653e+01
   2.5242119e+01
   2.5240499e+01
   2.5240970e+01
   2.5239342e+01
   2.5239815e+01
   2.5238185e+01
   2.5237417e+01
   2.5237033e+01
   2.5236652e+01
   2.5238655e+01
   2.5237882e+01
   2.5237494e+01
   2.5237107e+01
   2.5237106e+01
   2.5093508e+01
   2.4945542e+01
   2.5237106e+01
   2.5031852e+01
   2.4821650e+01
   2.5236319e+01
   2.5236651e+01
   2.5032279e+01
   2.4819858e+01
   2.5236652e+01
   2.5111259e+01
   2.4988266e+01
   2.5235860e+01
   2.4622926e+01
   2.4099783e+01
   2.3525332e+01
   2.2892985e+01
   2.4397879e+01
   2.3732837e+01
   2.3010160e+01
   2.2215986e+01
   2.4657506e+01
   2.4113791e+01
   2.3550961e+01
   2.2954068e+01
   2.4444600e+01
   2.3874706e+01
   2.3239989e+01
   2.2535906e+01
   2.5235121e+01
   2.5234662e+01
   2.2194769e+01
   2.1420359e+01
   2.0556457e+01
   1.9586282e+01
   2.2314148e+01
   2.1623761e+01
   2.0875297e+01
   2.0060942e+01
   2.1333832e+01
   2.0343768e+01
   2.0070946e+01
   2.0067065e+01
   1.9951705e+01
   1.9956611e+01
   2.1753875e+01
   2.1541490e+01
   2.1446035e+01
   2.1559372e+01
   2.1437414e+01
   2.1347647e+01
   2.5233764e+01
   2.5233919e+01
   2.5232865e+01
   2.5233015e+01
   2.5232102e+01
   2.5231968e+01
   2.5231069e+01
   2.1535499e+01
   2.1523438e+01
   2.0963734e+01
   2.0459712e+01
   1.9936668e+01
   1.9393448e+01
   2.5231187e+01
   1.9956711e+01
   1.9862279e+01
   1.9784871e+01
   1.9725679e+01
   1.9391068e+01
   1.8800759e+01
   1.8176942e+01
   1.7516917e+01
   2.5230263e+01
   2.5230171e+01
   1.9324549e+01
   1.9248838e+01
   1.9191100e+01
   1.9152219e+01
   1.9277433e+01
   1.9225763e+01
   2.5229268e+01
   1.9844696e+01
   1.9772486e+01
   1.9723673e+01
   1.9699112e+01
   1.9738448e+01
   1.9844357e+01
   2.5229337e+01
   1.9862458e+01
   1.9790245e+01
   1.9741361e+01
   1.9716706e+01
   2.5228401e+01
   2.5228366e+01
   2.1273769e+01
   2.1217133e+01
   2.1178800e+01
   2.1159463e+01
   2.5227456e+01
   2.5227463e+01
   1.9022015e+01
   1.8785348e+01
   1.8571966e+01
   1.8386110e+01
   1.8760273e+01
   1.8288426e+01
   1.7812477e+01
   1.7334391e+01
   2.5226514e+01
   2.5226547e+01
   1.9780484e+01
   1.9737317e+01
   1.9715557e+01
   1.9257148e+01
   1.8768270e+01
   1.8272244e+01
   1.7771013e+01
   2.5225631e+01
   2.5225562e+01
   2.5224601e+01
   1.8824767e+01
   1.8229436e+01
   1.7612073e+01
   1.6971714e+01
   2.5224715e+01
   1.6819782e+01
   1.6082108e+01
   1.5818438e+01
   1.5839793e+01
   1.5756462e+01
   1.5613861e+01
   2.5223790e+01
   1.9685661e+01
   1.9665486e+01
   2.5223637e+01
   2.5222662e+01
   2.5222865e+01
   2.5221928e+01
   1.9132672e+01
   2.5221685e+01
   2.5220695e+01
   2.5220990e+01
   2.5220038e+01
   2.5219703e+01
   2.5218696e+01
   2.5219084e+01
   1.6854584e+01
   1.6374400e+01
   1.5897317e+01
   1.5425583e+01
   2.5218115e+01
   1.8231845e+01
   1.8112733e+01
   1.8031607e+01
   1.7990509e+01
   2.5217685e+01
   1.7268945e+01
   1.6769393e+01
   1.6273306e+01
   1.5783611e+01
   2.5216659e+01
   2.5217143e+01
   2.5216156e+01
   1.6300064e+01
   1.5592437e+01
   1.4852540e+01
   1.4077191e+01
   2.5215629e+01
   2.5214582e+01
   2.5215166e+01
   2.5214158e+01
   1.5695862e+01
   1.5585833e+01
   1.5511319e+01
   1.5473698e+01
   1.5236721e+01
   1.4720505e+01
   1.4207472e+01
   1.3697068e+01
   2.5213532e+01
   2.5212462e+01
   2.5213145e+01
   2.5212114e+01
   2.5211388e+01
   2.5210293e+01
   2.5211078e+01
   2.5210021e+01
   1.5438624e+01
   1.5295786e+01
   1.5186563e+01
   1.5112708e+01
   2.5209192e+01
   2.5208067e+01
   2.5208959e+01
   2.5207873e+01
   2.5206936e+01
   2.5205779e+01
   2.5206780e+01
   1.4960666e+01
   1.4504087e+01
   1.4057971e+01
   1.3623745e+01
   2.5205662e+01
   2.5204616e+01
   1.5304689e+01
   1.4840323e+01
   1.4392646e+01
   1.3964685e+01
   2.5203425e+01
   2.5204535e+01
   2.5203381e+01
   2.5202226e+01
   1.3766821e+01
   1.3399451e+01
   1.3053336e+01
   1.2729132e+01
   1.3774712e+01
   1.3844636e+01
   2.5200997e+01
   2.5202217e+01
   2.5201023e+01
   2.5199760e+01
   2.5198488e+01
   2.5199818e+01
   2.5198580e+01
   1.3188575e+01
   1.2680084e+01
   1.2168247e+01
   1.1649745e+01
   2.5197207e+01
   2.5195888e+01
   2.5197330e+01
   2.5196044e+01
   2.5194558e+01
   2.5193187e+01
   2.5194745e+01
   1.5075460e+01
   2.5193406e+01
   2.5191803e+01
   2.5192052e+01
   2.5190375e+01
   2.5190654e+01
   2.5188931e+01
   2.5189241e+01
   2.5187438e+01
   1.3395646e+01
   1.3035137e+01
   1.2692500e+01
   1.2365162e+01
   1.3771797e+01
   1.3734953e+01
   1.3202627e+01
   1.2795494e+01
   1.2402888e+01
   1.2025296e+01
   2.5187777e+01
   2.5185927e+01
   1.3559354e+01
   1.3179248e+01
   1.2826453e+01
   1.2502560e+01
   2.5186296e+01
   2.5184361e+01
   2.5184760e+01
   2.5182775e+01
   2.5183204e+01
   2.5181124e+01
   2.5181587e+01
   2.5179443e+01
   2.5179946e+01
   2.5177656e+01
   2.5178233e+01
   2.5175234e+01
   2.5176488e+01
   2.5174626e+01
   1.1514757e+01
   1.1478555e+01
   1.1454770e+01
   1.1442979e+01
   1.1476505e+01
   1.1475631e+01
   2.5173393e+01
   2.5171484e+01
   2.5172092e+01
   1.2427024e+01
   1.2146723e+01
   1.1887599e+01
   1.1649122e+01
   2.5169555e+01
   2.5170162e+01
   2.5167550e+01
   2.5168152e+01
   2.5165522e+01
   2.5166120e+01
   2.5163411e+01
   2.5164003e+01
   1.2049031e+01
   1.1738813e+01
   1.1428890e+01
   1.1114642e+01
   2.5161274e+01
   2.5161859e+01
   2.5159040e+01
   2.5159621e+01
   1.1881887e+01
   1.1670556e+01
   1.1486735e+01
   1.1331392e+01
   1.1884501e+01
   1.1954692e+01
   2.5156775e+01
   2.5157354e+01
   1.2208305e+01
   1.1943045e+01
   1.1704057e+01
   1.1486079e+01
   2.5154401e+01
   2.5154981e+01
   2.5151990e+01
   2.5152575e+01
   2.5149451e+01
   2.5150049e+01
   2.5146868e+01
   2.5147488e+01
   2.5144135e+01
   2.5144787e+01
   2.5141347e+01
   2.5142045e+01
   2.5138382e+01
   2.5139140e+01
   1.1295061e+01
   1.1128331e+01
   1.0977802e+01
   1.0845665e+01
   1.1289402e+01
   1.1118314e+01
   1.0963672e+01
   1.0827655e+01
   2.5136185e+01
   2.5135351e+01
   2.5133041e+01
   2.5132110e+01
   1.1661083e+01
   1.1462888e+01
   1.1290561e+01
   1.1144919e+01
   2.5129839e+01
   1.1431001e+01
   1.1233479e+01
   1.1057579e+01
   1.0905046e+01
   2.5128789e+01
   2.5126412e+01
   2.5125216e+01
   2.5122915e+01
   2.5121543e+01
   2.5119146e+01
   2.5117565e+01
   1.0794018e+01
   1.0722787e+01
   1.0678544e+01
   1.0678323e+01
   1.0750285e+01
   1.0767391e+01
   2.5115290e+01
   2.5113465e+01
   2.5111103e+01
   2.5108986e+01
   2.5106810e+01
   2.5104354e+01
   1.1281630e+01
   1.1082880e+01
   1.0885052e+01
   1.0690111e+01
   2.5102107e+01
   2.5099244e+01
   2.5097270e+01
   1.1205016e+01
   1.1104235e+01
   1.1002335e+01
   1.0782595e+01
   2.5093940e+01
   2.5091915e+01
   2.5088017e+01
   2.5086385e+01
   2.5081843e+01
   2.5080181e+01
   2.5074843e+01
   2.5073742e+01
   2.5067507e+01
   1.1026879e+01
   1.0937378e+01
   1.0877207e+01
   1.0846964e+01
   2.5066391e+01
   2.5059019e+01
   2.5058709e+01
   2.5050048e+01
   2.5049724e+01
   2.5039266e+01
   2.5040223e+01
   2.5023243e+01
   2.5028625e+01
   1.0734671e+01
   1.0647842e+01
   1.0588045e+01
   1.0557531e+01
   1.0778254e+01
   1.0679893e+01
   1.0612581e+01
   1.0578371e+01
   2.5009867e+01
   1.0713138e+01
   1.0623360e+01
   1.0561426e+01
   1.0529786e+01
   2.5011116e+01
   2.4993064e+01
   2.4996097e+01
   2.4976258e+01
   2.4975058e+01
   2.4951029e+01
   2.4954048e+01
   2.4921321e+01
   2.4924987e+01
   2.4886115e+01
   1.0539263e+01
   1.0418927e+01
   1.0330064e+01
   1.0282829e+01
   1.0538243e+01
   1.0417273e+01
   1.0327980e+01
   1.0280524e+01
   2.4882050e+01
   2.4807621e+01
   1.0507989e+01
   1.0353795e+01
   1.0242438e+01
   1.0184334e+01
   2.4843168e+01
   2.4759258e+01
   2.4699426e+01
   2.4133890e+01
   2.4658914e+01
   2.3733387e+01
   1.0250949e+01
   1.0048958e+01
   1.0007212e+01
   1.0001193e+01
