   9.7002087e-05
   8.3775846e-05
   1.1031719e-04
   7.0607727e-05
   1.2375278e-04
   5.7467454e-05
   1.3734178e-04
   4.4324831e-05
   1.5111886e-04
   3.1149345e-05
   1.6512104e-04
   1.7909768e-05
   1.7938822e-04
   4.5737146e-06
   1.9396398e-04
  -8.8928264e-06
   2.0889640e-04
  -2.2526028e-05
   2.2423920e-04
  -3.6364832e-05
   2.4005304e-04
  -5.0451656e-05
   2.5640733e-04
  -6.4833232e-05
   2.7338247e-04
  -7.9561645e-05
   2.9107292e-04
  -9.4695722e-05
   3.0959142e-04
  -1.1030304e-04
   3.2907489e-04
  -1.2646302e-04
   3.4969313e-04
  -1.4327173e-04
   3.7166206e-04
  -1.6084876e-04
   3.9526472e-04
  -1.7934608e-04
   4.2088628e-04
  -1.9895906e-04
   4.4907442e-04
  -2.1994283e-04
   4.8064190e-04
  -2.4264115e-04
   5.1679406e-04
  -2.6751866e-04
   5.5877259e-04
   5.9176906e-04
   6.1712369e-04
   6.4371560e-04
  -2.9492426e-04
  -3.1531991e-04
  -3.3078806e-04
  -3.4718830e-04
  -2.2539095e-05
  -1.9299224e-05
  -1.8009800e-05
   1.0412578e-06
   2.0512648e-06
   4.5932903e-07
  -3.6937610e-04
   4.7449246e-05
   4.4446793e-05
   4.4308348e-05
  -5.7007278e-06
  -3.2770972e-06
   6.3490420e-07
   6.8349000e-04
  -1.6907820e-05
  -1.2337527e-06
  -1.5222793e-06
   1.1374506e-06
  -1.5496318e-06
   1.7227512e-06
  -5.0769113e-08
  -1.2773332e-06
   9.1852273e-07
  -1.7533765e-06
  -1.0611713e-06
  -1.5189203e-07
   3.9275876e-05
  -1.4166548e-06
  -3.7228761e-06
  -2.1633294e-06
  -4.3463713e-04
   6.3520138e-04
   3.6114605e-06
  -2.6593759e-06
  -2.2590199e-07
   6.4402108e-07
   1.3623715e-06
   1.1587287e-06
   4.4819448e-07
   5.6235940e-07
   1.0182265e-07
   7.4484103e-07
   3.5895088e-07
  -2.5236058e-07
  -8.5131375e-07
  -1.4916269e-06
   6.3643858e-07
  -1.4498756e-06
   7.2842246e-07
  -6.1978833e-07
   1.3423662e-06
  -1.5540928e-07
   7.2609294e-04
  -3.9422716e-04
   6.3140453e-04
  -4.5651841e-04
  -4.1203506e-04
   7.2323368e-04
   6.1250764e-04
  -4.2940390e-07
   9.8640674e-09
  -9.7754383e-07
   1.8603862e-06
  -1.0124557e-06
  -1.7227572e-06
  -4.7547385e-04
  -2.2159589e-08
  -1.8197263e-06
  -2.1017490e-08
   7.2761930e-07
  -7.9757017e-07
   6.0802108e-07
  -3.2414533e-08
  -2.4548427e-06
  -4.2338134e-04
   7.0618306e-04
  -1.8050957e-07
  -7.0664160e-07
   1.6218464e-07
  -1.2554179e-06
  -1.1346470e-06
  -8.5945596e-07
   5.9935449e-04
  -3.7201753e-07
  -5.3631274e-07
   5.7620218e-07
  -4.0301881e-07
   1.8072487e-06
   3.7031973e-07
  -4.9078399e-04
   1.0951299e-06
   5.9951749e-08
   1.5913887e-07
  -1.8085405e-06
  -4.2850124e-04
   6.9119765e-04
  -8.6446605e-07
   6.1558856e-07
  -1.6257397e-06
   6.8628295e-07
   5.8091500e-04
  -5.0012390e-04
  -3.6122932e-07
  -6.4450763e-08
   1.0081814e-06
  -3.8094108e-07
   1.7493715e-06
  -6.7436074e-07
  -2.8146480e-07
   4.8051977e-07
  -4.2723125e-04
   6.7216007e-04
  -2.0018170e-06
  -5.4886782e-08
  -2.0524726e-07
  -1.1651440e-07
  -3.8777726e-07
  -6.8110263e-07
   1.2504697e-07
   5.5041058e-04
  -5.0202455e-04
  -4.1457093e-04
  -2.6013344e-07
   7.8843445e-07
   1.1299981e-07
  -1.1011619e-06
   6.3912702e-04
  -1.1830529e-07
  -1.3050529e-06
   2.4338432e-07
   5.9441280e-07
  -1.4535502e-07
  -3.2794992e-07
   5.2526956e-04
  -1.5652510e-07
   1.3986002e-06
  -4.9144678e-04
  -3.9799449e-04
   6.0790218e-04
   5.0545148e-04
   1.7841598e-07
  -4.7374725e-04
  -3.8009641e-04
   5.8350702e-04
   4.8352745e-04
  -4.5373254e-04
  -3.6293954e-04
   5.5951307e-04
  -7.5733610e-07
  -3.9682666e-07
  -4.3073809e-07
  -4.9169236e-07
   4.5941181e-04
   8.0175028e-07
  -4.1503774e-07
  -3.6006890e-08
  -1.0680677e-06
  -4.3433667e-04
  -1.9313708e-07
   9.6829040e-08
   4.2771572e-07
   2.3633053e-07
  -3.4026457e-04
   5.3384440e-04
   4.2356013e-04
   2.8541610e-07
  -7.4237867e-07
   7.4387226e-07
   1.1144484e-06
  -4.1044611e-04
  -3.0958068e-04
   4.9653494e-04
   3.9549378e-04
  -8.3814911e-07
   1.7847926e-07
   4.0226855e-07
   1.2095780e-06
  -7.2142103e-07
   3.0911354e-08
   3.4325342e-07
   9.1140373e-08
  -3.7751198e-04
  -2.7861049e-04
   4.6422959e-04
   3.5561077e-04
  -3.4220722e-04
  -2.5118210e-04
   4.2177241e-04
   3.1806762e-04
   1.4680639e-07
   2.4888565e-07
  -1.0139850e-06
   1.1486515e-06
  -3.1049759e-04
  -2.2202149e-04
   3.7893482e-04
   2.7974575e-04
  -2.7925661e-04
  -1.8474793e-04
   3.3586221e-04
  -6.1111485e-07
  -2.1567512e-07
   6.5867766e-07
   7.6178798e-07
   2.4134290e-04
  -2.4028547e-04
   1.6454193e-07
  -1.6147330e-08
  -7.3046087e-08
  -1.2747923e-06
  -1.3856726e-04
   2.9292584e-04
   2.0324406e-04
  -1.8991445e-04
   1.9912824e-06
  -1.9935819e-07
  -9.3862987e-08
   5.9096110e-07
   1.1691869e-06
   9.4091178e-07
  -9.4795122e-05
   2.5056510e-04
   1.6254493e-04
  -1.3959231e-04
  -5.0321993e-05
   2.0590919e-04
   1.1976971e-04
   2.8818475e-07
  -1.1051746e-07
   7.6022892e-08
  -5.1062111e-07
  -8.8852380e-05
  -5.5463419e-06
   1.5929866e-04
   7.1683220e-05
  -3.8260234e-05
   4.4979310e-05
   1.0691790e-04
   3.6399983e-07
   2.3126511e-05
   1.8155163e-05
   5.2750503e-05
   9.9768468e-05
  -3.1145141e-05
   8.0756665e-05
  -7.9342064e-06
   1.5354722e-04
  -1.2554175e-06
  -2.2671653e-08
   7.5188129e-07
  -5.5615057e-07
  -1.8118273e-08
  -1.6609811e-07
  -1.9784348e-08
  -8.4357288e-08
   4.4491651e-08
   2.2261294e-07
  -8.4536874e-05
   1.4349780e-04
   7.3522849e-07
  -5.3389557e-08
   5.7099215e-08
  -3.7381484e-07
  -6.9196116e-05
   2.1956385e-04
  -1.3898995e-04
   2.1978681e-04
  -1.3133081e-04
   3.0086867e-04
  -2.0654062e-04
   3.2185378e-04
  -2.0848064e-04
   4.2322468e-04
  -2.9064122e-04
   2.9582817e-04
  -3.1251135e-04
  -4.1443393e-04
  -5.1193838e-08
   6.1105814e-08
   4.3944398e-08
  -3.1647122e-08
  -4.1357819e-08
   8.5713974e-09
   3.7593783e-04
   2.8557940e-04
  -2.9375106e-04
   4.5761094e-07
  -6.9313707e-07
   7.5332617e-08
   1.5619851e-07
   3.5203574e-04
  -3.7381015e-04
   2.6693142e-04
  -2.8797241e-04
   3.2907429e-04
  -3.5518539e-04
   2.4127084e-04
  -2.7479283e-04
  -2.6995684e-08
   4.0914748e-10
   3.6425371e-08
   1.7021199e-07
   2.9894420e-04
  -3.3771945e-04
   2.1927257e-04
  -2.5768339e-04
   5.8878130e-07
  -5.4685059e-08
   2.8541016e-08
  -2.0118058e-07
   2.4691306e-07
   0.0000000e+00
   2.7077782e-04
  -3.1709589e-04
   7.2207164e-08
   1.7018556e-08
  -2.3874413e-07
   1.8736386e-07
   1.9219560e-04
  -2.3755341e-04
   2.3823161e-04
  -2.9300726e-04
   1.6886750e-04
  -2.1354487e-04
   2.0833280e-04
  -2.6428536e-04
   1.4816204e-04
  -1.9068759e-04
   1.8230803e-04
  -2.3581886e-04
   1.2774565e-04
  -1.6802351e-04
   9.1202442e-09
   2.0597137e-08
  -8.2428607e-08
   7.5273156e-08
   1.2022453e-08
   7.6141668e-10
  -4.6453540e-09
   7.4498321e-08
  -2.0812954e-04
   1.5770404e-04
  -1.4222810e-04
   1.0685916e-04
   1.0359447e-07
  -5.3501903e-08
   2.5248051e-09
  -3.7693975e-08
  -1.7754855e-04
  -5.1810666e-11
   1.8396336e-10
   1.6084351e-10
  -8.2969371e-09
   1.3296659e-04
  -1.1870507e-04
   8.7831930e-05
  -1.4844355e-04
   1.1035869e-04
  -9.8299439e-05
   6.5670183e-05
  -2.1402508e-10
   4.6827067e-08
   9.4278576e-08
   9.1313836e-08
   2.9109726e-08
   3.4869890e-08
  -1.2320722e-04
   8.5185883e-05
  -7.6704981e-05
   4.5799026e-05
  -9.7807033e-05
   6.1622845e-05
  -9.1952034e-08
   3.6054897e-08
  -1.5845423e-09
   4.0501716e-08
  -5.4921667e-05
   2.4154630e-05
  -7.2159576e-05
   1.4597590e-10
   1.7118462e-10
  -2.4938776e-10
   1.4370799e-08
   3.6694260e-05
  -3.4186397e-05
   2.1739169e-06
  -4.7487104e-05
   1.0784897e-05
  -1.2599259e-05
  -2.1300844e-05
  -2.1957305e-05
  -1.7394192e-05
  -1.4536134e-10
   7.6180686e-09
   5.7054365e-10
  -7.5985386e-10
   1.0491558e-05
  -5.1376949e-05
   5.9401517e-06
  -5.6112556e-05
   3.6306414e-05
  -9.6852518e-05
   3.9955990e-05
  -3.7439298e-05
   7.4839537e-05
  -5.4603720e-09
   4.4659003e-10
  -4.5748103e-10
  -1.5568904e-10
  -3.7516819e-11
   3.0357566e-12
  -2.7615879e-11
  -2.7802270e-10
  -6.2530079e-05
  -2.8290374e-11
  -5.2339276e-11
   2.0294362e-11
   5.1029398e-11
   2.7141545e-05
  -2.8221642e-05
   4.7755248e-05
   1.7269553e-05
  -4.4039566e-05
  -1.6158495e-05
   3.0225230e-05
   6.4289580e-06
  -2.7102743e-05
  -4.4419783e-06
   0.0000000e+00
   0.0000000e+00
   0.0000000e+00
   0.0000000e+00
   0.0000000e+00
   0.0000000e+00
   0.0000000e+00
   0.0000000e+00
   1.4210635e-05
  -3.7483844e-06
   0.0000000e+00
   0.0000000e+00
   0.0000000e+00
   0.0000000e+00
  -1.0636208e-05
   5.0846578e-06
  -2.2982980e-06
  -1.6348191e-05
   5.0708736e-06
   1.5540419e-05
   0.0000000e+00
   0.0000000e+00
   0.0000000e+00
   0.0000000e+00
