   9.4709535e-01
   9.4709535e-01
   1.1420428e+00
   1.1420428e+00
   1.0753313e+00
   1.0753313e+00
   9.0887688e-01
   9.0887688e-01
   1.0211268e+00
   1.0211268e+00
   1.0430220e+00
   1.0430220e+00
   1.0166084e+00
   1.0166084e+00
   9.6558905e-01
   9.6558905e-01
   9.0387104e-01
   9.0387104e-01
   9.4538696e-01
   9.4538696e-01
   9.6939344e-01
   9.6939344e-01
   9.8537005e-01
   9.8537005e-01
   9.0730881e-01
   9.0730881e-01
   9.3273093e-01
   9.3273093e-01
   9.5765037e-01
   9.5765037e-01
   9.0613004e-01
   9.0613004e-01
   9.4830070e-01
   9.4830070e-01
   9.1968873e-01
   9.1968873e-01
   9.0767050e-01
   9.0767050e-01
   9.0921929e-01
   9.0921929e-01
   9.2311838e-01
   9.2311838e-01
   3.3619291e+00
   9.0156045e-01
   9.8268906e-01
   9.1168797e-01
   9.0582568e-01
   9.0527942e-01
   9.0151175e-01
   9.0084402e-01
   9.0014783e-01
   0.0000000e+00
