   2.5851662e+01
   2.5852233e+01
   2.5852808e+01
   2.5853172e+01
   2.5853318e+01
   2.5853462e+01
   2.5469553e+01
   2.5484633e+01
   2.5516842e+01
   2.5516811e+01
   2.5516029e+01
   2.5515191e+01
   2.5514290e+01
   2.5513324e+01
   2.5512294e+01
   2.5511202e+01
   2.5510047e+01
   2.5508830e+01
   2.5507552e+01
   2.5506213e+01
   2.5504813e+01
   2.5503355e+01
   2.5502142e+01
   2.5500544e+01
   2.5498887e+01
   2.5497165e+01
   2.5495377e+01
   2.5493520e+01
   2.5491593e+01
   2.5489593e+01
   2.5487519e+01
   2.5485366e+01
   2.5483133e+01
   2.5480813e+01
   2.5478405e+01
   2.5475901e+01
   2.5473297e+01
   2.5470586e+01
   2.5467762e+01
   2.5464815e+01
   2.5461737e+01
   2.5458518e+01
   2.5455145e+01
   2.5451604e+01
   2.5447880e+01
   2.5443954e+01
   2.5439804e+01
   2.5435407e+01
   2.5430733e+01
   2.5425749e+01
   2.5420418e+01
   2.5414697e+01
   2.5408539e+01
   2.5401899e+01
   2.5394735e+01
   2.5387023e+01
   2.5378769e+01
   2.5370053e+01
   2.5348885e+01
   2.5191431e+01
   2.4988728e+01
   2.4644639e+01
   2.3536252e+01
   2.1413367e+01
   1.6539805e+01
   1.3983400e+01
   2.5519630e+01
   2.5520176e+01
   2.5520728e+01
   2.5520423e+01
   2.5518754e+01
   2.5516522e+01
   2.5516842e+01
   2.5519155e+01
   2.5576527e+01
   2.5633499e+01
   2.5692240e+01
   2.5751291e+01
   2.5792587e+01
   2.5839098e+01
   2.5376263e+01
   2.4910528e+01
   2.4409943e+01
   2.3870212e+01
   2.3287594e+01
   2.2658216e+01
   2.1978157e+01
   2.1243575e+01
   2.1038727e+01
   2.0953409e+01
   2.0895358e+01
   2.0866009e+01
   1.9928981e+01
   1.9947691e+01
   1.9984902e+01
   2.0040036e+01
   2.0112155e+01
   2.0367821e+01
   2.1314130e+01
   2.2156197e+01
   2.2909780e+01
   2.3587603e+01
   2.4200031e+01
   2.4755693e+01
   2.5262865e+01
   2.5575611e+01
   2.5855709e+01
   2.5873404e+01
   2.5893756e+01
   2.5925317e+01
   2.5970828e+01
   2.5961687e+01
   2.4500984e+01
   2.4500944e+01
   2.4437541e+01
   2.4390399e+01
   2.4358595e+01
   2.4340068e+01
   2.4331809e+01
   0.0000000e+00
   0.0000000e+00
   0.0000000e+00
   0.0000000e+00
   0.0000000e+00
   0.0000000e+00
   0.0000000e+00
   0.0000000e+00
   0.0000000e+00
   0.0000000e+00
   0.0000000e+00
   0.0000000e+00
   0.0000000e+00
   0.0000000e+00
   0.0000000e+00
   0.0000000e+00
   0.0000000e+00
   0.0000000e+00
   0.0000000e+00
   0.0000000e+00
   0.0000000e+00
   0.0000000e+00
   0.0000000e+00
   0.0000000e+00
   0.0000000e+00
   0.0000000e+00
   0.0000000e+00
   1.0323327e+01
   1.0366282e+01
   1.0449399e+01
   1.0567714e+01
   1.0715310e+01
   1.0886704e+01
   1.1077955e+01
   1.1287079e+01
   1.1513668e+01
   1.1515548e+01
   2.4498820e+01
   2.4500012e+01
   2.4500958e+01
   2.4500686e+01
   2.4499674e+01
   2.4499659e+01
   2.3862803e+01
   2.3155225e+01
   2.2372488e+01
   2.1503417e+01
   2.0529584e+01
   1.9423968e+01
   1.8148537e+01
   1.6649254e+01
   1.6213440e+01
   1.6067316e+01
   1.5966776e+01
   1.5915486e+01
   0.0000000e+00
   0.0000000e+00
   0.0000000e+00
   0.0000000e+00
   0.0000000e+00
   0.0000000e+00
   0.0000000e+00
   0.0000000e+00
   0.0000000e+00
   0.0000000e+00
   0.0000000e+00
   0.0000000e+00
   0.0000000e+00
   1.0153839e+01
   1.0221771e+01
   1.0359335e+01
   1.0562818e+01
   1.0818144e+01
   1.1107382e+01
   1.1421392e+01
   1.1764476e+01
   1.2148236e+01
   1.2582786e+01
   1.3071922e+01
   1.3612835e+01
   1.4198043e+01
   1.4817550e+01
   1.5460505e+01
   1.6116433e+01
   1.7945448e+01
   1.9448484e+01
   2.0710768e+01
   2.1789533e+01
   2.2724608e+01
   2.3544673e+01
   2.4271023e+01
   2.4919948e+01
   2.5502765e+01
   2.5502766e+01
   2.5489067e+01
   2.5481928e+01
   0.0000000e+00
   0.0000000e+00
   0.0000000e+00
   0.0000000e+00
   0.0000000e+00
   0.0000000e+00
   0.0000000e+00
   0.0000000e+00
   1.0205092e+01
   1.0576997e+01
   1.1645545e+01
   1.3922391e+01
   1.7476115e+01
   2.1428926e+01
   2.4751524e+01
   2.5144495e+01
   2.5368712e+01
   2.5420652e+01
   2.5425035e+01
   2.5407323e+01
   2.5372427e+01
   2.5368879e+01
   2.5164429e+01
   2.5047300e+01
   0.0000000e+00
   0.0000000e+00
   0.0000000e+00
   0.0000000e+00
   0.0000000e+00
   0.0000000e+00
   0.0000000e+00
   0.0000000e+00
   0.0000000e+00
   0.0000000e+00
   0.0000000e+00
   0.0000000e+00
   0.0000000e+00
   0.0000000e+00
   0.0000000e+00
   0.0000000e+00
   0.0000000e+00
   0.0000000e+00
   0.0000000e+00
   0.0000000e+00
   0.0000000e+00
   0.0000000e+00
   0.0000000e+00
   0.0000000e+00
   0.0000000e+00
   0.0000000e+00
   0.0000000e+00
   0.0000000e+00
   0.0000000e+00
   0.0000000e+00
   0.0000000e+00
   0.0000000e+00
   0.0000000e+00
   0.0000000e+00
   0.0000000e+00
   0.0000000e+00
   0.0000000e+00
   0.0000000e+00
   0.0000000e+00
   0.0000000e+00
   0.0000000e+00
   0.0000000e+00
   0.0000000e+00
   0.0000000e+00
   0.0000000e+00
   0.0000000e+00
   0.0000000e+00
   0.0000000e+00
   0.0000000e+00
   0.0000000e+00
   0.0000000e+00
   0.0000000e+00
   0.0000000e+00
   0.0000000e+00
   0.0000000e+00
   0.0000000e+00
   0.0000000e+00
   0.0000000e+00
   0.0000000e+00
   0.0000000e+00
   0.0000000e+00
   0.0000000e+00
   0.0000000e+00
   0.0000000e+00
   0.0000000e+00
   0.0000000e+00
   0.0000000e+00
   0.0000000e+00
   0.0000000e+00
   0.0000000e+00
   0.0000000e+00
   0.0000000e+00
   0.0000000e+00
   0.0000000e+00
   0.0000000e+00
   0.0000000e+00
   0.0000000e+00
   0.0000000e+00
   0.0000000e+00
   0.0000000e+00
   0.0000000e+00
   0.0000000e+00
   0.0000000e+00
   0.0000000e+00
   0.0000000e+00
   0.0000000e+00
   0.0000000e+00
   0.0000000e+00
   0.0000000e+00
   0.0000000e+00
   0.0000000e+00
   0.0000000e+00
   0.0000000e+00
   0.0000000e+00
   0.0000000e+00
   0.0000000e+00
   0.0000000e+00
   0.0000000e+00
   0.0000000e+00
   0.0000000e+00
   1.0781763e+01
   1.0813187e+01
   1.0874567e+01
   1.0963418e+01
   1.1076472e+01
   1.1210055e+01
   1.1360473e+01
   1.1524563e+01
   1.1718438e+01
   1.2331789e+01
   1.2920448e+01
   1.3489596e+01
   1.4043523e+01
   1.4585415e+01
   1.5117405e+01
   1.5640777e+01
   1.6156204e+01
   1.6663988e+01
   1.7164246e+01
   1.7657054e+01
   1.8142529e+01
   1.8620843e+01
   1.9092201e+01
   1.9556802e+01
   2.0014794e+01
   2.0062878e+01
   1.9797316e+01
   1.9544866e+01
   1.9311980e+01
   1.9105153e+01
   1.8930581e+01
   1.8793858e+01
   1.8699676e+01
   1.8651540e+01
   2.4483771e+01
   2.4490133e+01
   2.4493846e+01
   2.4496192e+01
   2.4497730e+01
   2.4498754e+01
   2.4499449e+01
   2.4499882e+01
   2.4500295e+01
   2.4500566e+01
   2.4500740e+01
   2.4500849e+01
   2.4500913e+01
   2.4500945e+01
   2.4500943e+01
   2.4349836e+01
   2.4228223e+01
   2.4132374e+01
   2.4061470e+01
   2.4014812e+01
   2.3991726e+01
   0.0000000e+00
   0.0000000e+00
   0.0000000e+00
   0.0000000e+00
   0.0000000e+00
   0.0000000e+00
   0.0000000e+00
   0.0000000e+00
   0.0000000e+00
   1.0272516e+01
   1.0338815e+01
   1.0467997e+01
   1.0652575e+01
   1.0881633e+01
   1.1143948e+01
   1.1432444e+01
   1.1746293e+01
   1.2088113e+01
   1.2462908e+01
   1.2875645e+01
   1.3328318e+01
   1.3820264e+01
   1.4348366e+01
   1.4907720e+01
   1.5492522e+01
   1.6096929e+01
   1.6102250e+01
   1.5514836e+01
   1.4937220e+01
   1.4377100e+01
   1.3842804e+01
   1.3342376e+01
   1.2883080e+01
   1.2472556e+01
   1.2119530e+01
   1.1831682e+01
   1.1613639e+01
   1.1467495e+01
   1.1394163e+01
   0.0000000e+00
   0.0000000e+00
   0.0000000e+00
   0.0000000e+00
   0.0000000e+00
   0.0000000e+00
   0.0000000e+00
   0.0000000e+00
   0.0000000e+00
   0.0000000e+00
   0.0000000e+00
   0.0000000e+00
   0.0000000e+00
   0.0000000e+00
   0.0000000e+00
   0.0000000e+00
   0.0000000e+00
   0.0000000e+00
   0.0000000e+00
   0.0000000e+00
   0.0000000e+00
   0.0000000e+00
   0.0000000e+00
   0.0000000e+00
   0.0000000e+00
   0.0000000e+00
   0.0000000e+00
   0.0000000e+00
   0.0000000e+00
   0.0000000e+00
   0.0000000e+00
   0.0000000e+00
   0.0000000e+00
   0.0000000e+00
   0.0000000e+00
   0.0000000e+00
   0.0000000e+00
   0.0000000e+00
   0.0000000e+00
   0.0000000e+00
   0.0000000e+00
   0.0000000e+00
   0.0000000e+00
   0.0000000e+00
   0.0000000e+00
   0.0000000e+00
   0.0000000e+00
   0.0000000e+00
   0.0000000e+00
   0.0000000e+00
   0.0000000e+00
   0.0000000e+00
   0.0000000e+00
   0.0000000e+00
   0.0000000e+00
   0.0000000e+00
   0.0000000e+00
   0.0000000e+00
   0.0000000e+00
   0.0000000e+00
   0.0000000e+00
   0.0000000e+00
   0.0000000e+00
   1.0840125e+01
   1.0910680e+01
   1.1048631e+01
   1.1251532e+01
   1.1516889e+01
   1.1841930e+01
   1.2223694e+01
   1.2658929e+01
   1.3143748e+01
   1.3673102e+01
   1.4240309e+01
   1.4836863e+01
   1.5452592e+01
   1.5461614e+01
   1.4885982e+01
   1.4337840e+01
   1.3826563e+01
   1.3359580e+01
   1.2942157e+01
   1.2577487e+01
   1.2267043e+01
   1.2011019e+01
   1.1808737e+01
   1.1659000e+01
   1.1560394e+01
   1.1511575e+01
   2.0899659e+01
   2.0924902e+01
   2.0973363e+01
   2.1042172e+01
   2.0949502e+01
   2.0504555e+01
   2.0050706e+01
   1.9588249e+01
   1.9118130e+01
   1.8641569e+01
   1.8160058e+01
   1.7675431e+01
   1.7189913e+01
   1.6706117e+01
   1.6226992e+01
   1.5755717e+01
   1.5295572e+01
   1.4849780e+01
   1.4421357e+01
   1.4012969e+01
   1.3626837e+01
   1.3264693e+01
   1.2927799e+01
   1.2617040e+01
   1.2333035e+01
   1.2076217e+01
   1.1846673e+01
   1.1643434e+01
   1.1462766e+01
   1.1295546e+01
   1.1125783e+01
   1.0935284e+01
   1.0718091e+01
   1.0495473e+01
   1.0308000e+01
   1.0183679e+01
   1.0125204e+01
   0.0000000e+00
   0.0000000e+00
   0.0000000e+00
   0.0000000e+00
   0.0000000e+00
   0.0000000e+00
   0.0000000e+00
   0.0000000e+00
   0.0000000e+00
   0.0000000e+00
   0.0000000e+00
   0.0000000e+00
   0.0000000e+00
   0.0000000e+00
   0.0000000e+00
   0.0000000e+00
   0.0000000e+00
   0.0000000e+00
   2.5851094e+01
   2.5853603e+01
   2.5850529e+01
   2.5853740e+01
   2.5849965e+01
   2.5853875e+01
   2.5849403e+01
   2.5854006e+01
   2.5848841e+01
   2.5854134e+01
   2.5848280e+01
   2.5854259e+01
   2.5847719e+01
   2.5854380e+01
   2.5847157e+01
   2.5854498e+01
   2.5846595e+01
   2.5854612e+01
   2.5846032e+01
   2.5854723e+01
   2.5845469e+01
   2.5854829e+01
   2.5844904e+01
   2.5854931e+01
   2.5844339e+01
   2.5855028e+01
   2.5843773e+01
   2.5855121e+01
   2.5843208e+01
   2.5855209e+01
   2.5842643e+01
   2.5855292e+01
   2.5842079e+01
   2.5855369e+01
   2.5841518e+01
   2.5855441e+01
   2.5840960e+01
   2.5855506e+01
   2.5840406e+01
   2.5855565e+01
   2.5839852e+01
   2.5839482e+01
   2.5839295e+01
   2.5839106e+01
   2.5816233e+01
   2.5838340e+01
   2.5744666e+01
   2.5647541e+01
   2.5855616e+01
   2.5855645e+01
   2.5855658e+01
   2.5855671e+01
   2.5719357e+01
   2.5855671e+01
   2.5858652e+01
   2.5862399e+01
   2.4477057e+01
   2.4472641e+01
   2.4468828e+01
   2.4463729e+01
   2.4452479e+01
   2.4430555e+01
   2.4390300e+01
   2.4301469e+01
   2.4017944e+01
