   5.9410731e+01   3.6601404e+01   4.4617497e+01   8.0169285e+01
   4.0603074e+01   7.6579799e+01   5.9396926e+01   8.3420201e+01
   4.0603074e+01   1.1657980e+02   5.9396926e+01   1.2342020e+02
   1.7694626e+01   1.5612981e+02   2.9910630e+01   1.6057607e+02
   2.6759886e+01   1.2537560e+02   3.9915582e+01   1.3016388e+02
   5.0169285e+01   1.2538250e+02   6.2385289e+01   1.2982877e+02
   4.7771692e+01   1.4366505e+02   5.5289233e+01   1.4640121e+02
   2.9927886e+01   6.2052570e+01   5.0601124e+01   6.9577013e+01
   4.2323528e+01   3.6767237e+01   5.9237995e+01   4.2923600e+01
   6.4019375e+01   5.3177302e+01   7.7175071e+01   5.7965584e+01
   3.3424102e+01   1.2460864e+02   1.9656928e+01   1.6535745e+02
   4.8476439e+01   3.1557469e+01   4.4285830e+01   4.5994879e+01
   4.5816293e+01   1.1102801e+02   3.6153361e+01   1.4050050e+02
   5.6408564e+01   1.1701164e+02   5.2217954e+01   1.3144905e+02
   6.2986412e+01   1.1940578e+02   5.3665500e+01   1.4793858e+02
   5.2556523e+01   1.4221405e+02   4.5629753e+01   1.6416900e+02
   3.2484409e+01   8.4266624e+01   3.7182872e+01   8.5976725e+01
   4.4624399e+01   5.6759886e+01   3.1883286e+01   9.4689611e+01
   6.9318961e+01   4.4464416e+01   5.5551788e+01   8.5213219e+01
