   5.0000000e+00   4.7000000e+00   5.0000000e+00   4.8000000e+00   1.0000000e+00
   5.0000000e+00   4.8000000e+00   5.0000000e+00   4.9000000e+00   1.0000000e+00
   5.0000000e+00   4.9000000e+00   5.0000000e+00   5.0000000e+00   1.0000000e+00
   5.0000000e+00   5.0000000e+00   5.0000000e+00   5.1000000e+00   1.0000000e+00
   5.0000000e+00   5.1000000e+00   5.0000000e+00   5.2000000e+00   1.0000000e+00
   5.0000000e+00   5.2000000e+00   5.0000000e+00   5.3000000e+00   1.0000000e+00
   4.5000000e+00   6.0000000e+00   4.6000000e+00   6.0000000e+00   2.0000000e+00
   4.6000000e+00   6.0000000e+00   4.7000000e+00   6.0000000e+00   2.0000000e+00
   4.7000000e+00   6.0000000e+00   4.8000000e+00   6.0000000e+00   2.0000000e+00
   4.8000000e+00   6.0000000e+00   4.9000000e+00   6.0000000e+00   2.0000000e+00
   4.9000000e+00   6.0000000e+00   4.9333333e+00   6.0000000e+00   2.0000000e+00
   5.0000000e+00   6.0000000e+00   5.0333333e+00   6.0000000e+00   2.0000000e+00
   5.1000000e+00   6.0000000e+00   5.2000000e+00   6.0000000e+00   2.0000000e+00
   5.2000000e+00   6.0000000e+00   5.3000000e+00   6.0000000e+00   2.0000000e+00
   5.3000000e+00   6.0000000e+00   5.4000000e+00   6.0000000e+00   2.0000000e+00
   5.4000000e+00   6.0000000e+00   5.5000000e+00   6.0000000e+00   2.0000000e+00
   4.0000000e+00   7.0000000e+00   4.1000000e+00   7.0000000e+00   2.0000000e+00
   4.1000000e+00   7.0000000e+00   4.2000000e+00   7.0000000e+00   2.0000000e+00
   4.2000000e+00   7.0000000e+00   4.3000000e+00   7.0000000e+00   2.0000000e+00
   4.3000000e+00   7.0000000e+00   4.3349473e+00   7.0000000e+00   2.0000000e+00
   4.4048418e+00   7.0000000e+00   4.4365612e+00   7.0000000e+00   2.0000000e+00
   4.5000000e+00   7.0000000e+00   4.6000000e+00   7.0000000e+00   2.0000000e+00
   4.6000000e+00   7.0000000e+00   4.7000000e+00   7.0000000e+00   2.0000000e+00
   4.7000000e+00   7.0000000e+00   4.8000000e+00   7.0000000e+00   2.0000000e+00
   4.8000000e+00   7.0000000e+00   4.9000000e+00   7.0000000e+00   2.0000000e+00
   4.9000000e+00   7.0000000e+00   5.0000000e+00   7.0000000e+00   2.0000000e+00
   5.0000000e+00   7.0000000e+00   5.1000000e+00   7.0000000e+00   2.0000000e+00
   5.1000000e+00   7.0000000e+00   5.2000000e+00   7.0000000e+00   2.0000000e+00
   5.2000000e+00   7.0000000e+00   5.3000000e+00   7.0000000e+00   2.0000000e+00
   5.3000000e+00   7.0000000e+00   5.4000000e+00   7.0000000e+00   2.0000000e+00
   5.4000000e+00   7.0000000e+00   5.5000000e+00   7.0000000e+00   2.0000000e+00
   5.5000000e+00   7.0000000e+00   5.5317194e+00   7.0000000e+00   2.0000000e+00
   5.5951582e+00   7.0000000e+00   5.6301055e+00   7.0000000e+00   2.0000000e+00
   5.7000000e+00   7.0000000e+00   5.8000000e+00   7.0000000e+00   2.0000000e+00
   5.8000000e+00   7.0000000e+00   5.9000000e+00   7.0000000e+00   2.0000000e+00
   5.9000000e+00   7.0000000e+00   6.0000000e+00   7.0000000e+00   2.0000000e+00
   4.5000000e+00   4.0000000e+00   4.6000000e+00   4.0000000e+00   2.0000000e+00
   4.6000000e+00   4.0000000e+00   4.7000000e+00   4.0000000e+00   2.0000000e+00
   4.7000000e+00   4.0000000e+00   4.8000000e+00   4.0000000e+00   2.0000000e+00
   4.8000000e+00   4.0000000e+00   4.9000000e+00   4.0000000e+00   2.0000000e+00
   4.9000000e+00   4.0000000e+00   4.9333333e+00   4.0000000e+00   2.0000000e+00
   5.0000000e+00   4.0000000e+00   5.0333333e+00   4.0000000e+00   2.0000000e+00
   5.1000000e+00   4.0000000e+00   5.2000000e+00   4.0000000e+00   2.0000000e+00
   5.2000000e+00   4.0000000e+00   5.3000000e+00   4.0000000e+00   2.0000000e+00
   5.3000000e+00   4.0000000e+00   5.4000000e+00   4.0000000e+00   2.0000000e+00
   5.4000000e+00   4.0000000e+00   5.5000000e+00   4.0000000e+00   2.0000000e+00
   4.0000000e+00   3.0000000e+00   4.1000000e+00   3.0000000e+00   2.0000000e+00
   4.1000000e+00   3.0000000e+00   4.2000000e+00   3.0000000e+00   2.0000000e+00
   4.2000000e+00   3.0000000e+00   4.3000000e+00   3.0000000e+00   2.0000000e+00
   4.3000000e+00   3.0000000e+00   4.3349473e+00   3.0000000e+00   2.0000000e+00
   4.4048418e+00   3.0000000e+00   4.4365612e+00   3.0000000e+00   2.0000000e+00
   4.5000000e+00   3.0000000e+00   4.6000000e+00   3.0000000e+00   2.0000000e+00
   4.6000000e+00   3.0000000e+00   4.7000000e+00   3.0000000e+00   2.0000000e+00
   4.7000000e+00   3.0000000e+00   4.8000000e+00   3.0000000e+00   2.0000000e+00
   4.8000000e+00   3.0000000e+00   4.9000000e+00   3.0000000e+00   2.0000000e+00
   4.9000000e+00   3.0000000e+00   5.0000000e+00   3.0000000e+00   2.0000000e+00
   5.0000000e+00   3.0000000e+00   5.1000000e+00   3.0000000e+00   2.0000000e+00
   5.1000000e+00   3.0000000e+00   5.2000000e+00   3.0000000e+00   2.0000000e+00
   5.2000000e+00   3.0000000e+00   5.3000000e+00   3.0000000e+00   2.0000000e+00
   5.3000000e+00   3.0000000e+00   5.4000000e+00   3.0000000e+00   2.0000000e+00
   5.4000000e+00   3.0000000e+00   5.5000000e+00   3.0000000e+00   2.0000000e+00
   5.5000000e+00   3.0000000e+00   5.5317194e+00   3.0000000e+00   2.0000000e+00
   5.5951582e+00   3.0000000e+00   5.6301055e+00   3.0000000e+00   2.0000000e+00
   5.7000000e+00   3.0000000e+00   5.8000000e+00   3.0000000e+00   2.0000000e+00
   5.8000000e+00   3.0000000e+00   5.9000000e+00   3.0000000e+00   2.0000000e+00
   5.9000000e+00   3.0000000e+00   6.0000000e+00   3.0000000e+00   2.0000000e+00
   5.0000000e+00   4.6000000e+00   5.0000000e+00   4.7000000e+00   1.0000000e+00
   5.0000000e+00   5.3000000e+00   5.0000000e+00   5.4000000e+00   1.0000000e+00
   5.0000000e+00   4.5000000e+00   5.0000000e+00   4.6000000e+00   1.0000000e+00
   5.0000000e+00   5.4000000e+00   5.0000000e+00   5.5000000e+00   1.0000000e+00
   5.0000000e+00   4.4000000e+00   5.0000000e+00   4.5000000e+00   1.0000000e+00
   5.0000000e+00   5.5000000e+00   5.0000000e+00   5.6000000e+00   1.0000000e+00
   5.0000000e+00   4.3000000e+00   5.0000000e+00   4.4000000e+00   1.0000000e+00
   5.0000000e+00   5.6000000e+00   5.0000000e+00   5.7000000e+00   1.0000000e+00
   5.0000000e+00   4.2000000e+00   5.0000000e+00   4.3000000e+00   1.0000000e+00
   5.0000000e+00   5.7000000e+00   5.0000000e+00   5.8000000e+00   1.0000000e+00
   5.0000000e+00   4.1000000e+00   5.0000000e+00   4.2000000e+00   1.0000000e+00
   5.0000000e+00   4.0666667e+00   5.0000000e+00   4.1000000e+00   1.0000000e+00
   5.0000000e+00   4.0333333e+00   5.0000000e+00   4.0666667e+00   1.0000000e+00
   5.0000000e+00   4.0000000e+00   5.0000000e+00   4.0333333e+00   1.0000000e+00
   4.9333333e+00   4.0000000e+00   4.9666667e+00   4.0000000e+00   2.0000000e+00
   4.9666667e+00   4.0000000e+00   5.0000000e+00   4.0000000e+00   2.0000000e+00
   5.0333333e+00   4.0000000e+00   5.0666667e+00   4.0000000e+00   2.0000000e+00
   5.0666667e+00   4.0000000e+00   5.1000000e+00   4.0000000e+00   2.0000000e+00
   5.0000000e+00   5.8000000e+00   5.0000000e+00   5.9000000e+00   1.0000000e+00
   5.0000000e+00   5.9000000e+00   5.0000000e+00   5.9333333e+00   1.0000000e+00
   5.0000000e+00   5.9333333e+00   5.0000000e+00   5.9666667e+00   1.0000000e+00
   5.0000000e+00   5.9666667e+00   5.0000000e+00   6.0000000e+00   1.0000000e+00
   4.9333333e+00   6.0000000e+00   4.9666667e+00   6.0000000e+00   2.0000000e+00
   4.9666667e+00   6.0000000e+00   5.0000000e+00   6.0000000e+00   2.0000000e+00
   5.0333333e+00   6.0000000e+00   5.0666667e+00   6.0000000e+00   2.0000000e+00
   5.0666667e+00   6.0000000e+00   5.1000000e+00   6.0000000e+00   2.0000000e+00
   4.4776410e+00   6.0974683e+00   4.5000000e+00   6.0000000e+00   1.0000000e+00
   5.5000000e+00   6.0000000e+00   5.5223590e+00   6.0974683e+00   1.0000000e+00
   4.4776410e+00   3.9025317e+00   4.5000000e+00   4.0000000e+00   1.0000000e+00
   5.5000000e+00   4.0000000e+00   5.5223590e+00   3.9025317e+00   1.0000000e+00
   4.4707687e+00   6.1469938e+00   4.4776410e+00   6.0974683e+00   1.0000000e+00
   5.5223590e+00   6.0974683e+00   5.5292313e+00   6.1469938e+00   1.0000000e+00
   4.4707687e+00   3.8530062e+00   4.4776410e+00   3.9025317e+00   1.0000000e+00
   5.5223590e+00   3.9025317e+00   5.5292313e+00   3.8530062e+00   1.0000000e+00
   4.4664283e+00   6.1968050e+00   4.4707687e+00   6.1469938e+00   1.0000000e+00
   5.5292313e+00   6.1469938e+00   5.5335717e+00   6.1968050e+00   1.0000000e+00
   4.4664283e+00   3.8031950e+00   4.4707687e+00   3.8530062e+00   1.0000000e+00
   5.5292313e+00   3.8530062e+00   5.5335717e+00   3.8031950e+00   1.0000000e+00
   4.4620879e+00   6.2466163e+00   4.4664283e+00   6.1968050e+00   1.0000000e+00
   5.5335717e+00   6.1968050e+00   5.5379121e+00   6.2466163e+00   1.0000000e+00
   4.4620879e+00   3.7533837e+00   4.4664283e+00   3.8031950e+00   1.0000000e+00
   5.5335717e+00   3.8031950e+00   5.5379121e+00   3.7533837e+00   1.0000000e+00
   4.4534767e+00   6.3462448e+00   4.4620879e+00   6.2466163e+00   1.0000000e+00
   5.5379121e+00   6.2466163e+00   5.5465233e+00   6.3462448e+00   1.0000000e+00
   4.4534767e+00   3.6537552e+00   4.4620879e+00   3.7533837e+00   1.0000000e+00
   5.5379121e+00   3.7533837e+00   5.5465233e+00   3.6537552e+00   1.0000000e+00
   4.4491711e+00   6.3960591e+00   4.4534767e+00   6.3462448e+00   1.0000000e+00
   5.5465233e+00   6.3462448e+00   5.5508289e+00   6.3960591e+00   1.0000000e+00
   4.4491711e+00   3.6039409e+00   4.4534767e+00   3.6537552e+00   1.0000000e+00
   5.5465233e+00   3.6537552e+00   5.5508289e+00   3.6039409e+00   1.0000000e+00
   4.4414644e+00   6.4957617e+00   4.4491711e+00   6.3960591e+00   1.0000000e+00
   5.5508289e+00   6.3960591e+00   5.5585356e+00   6.4957617e+00   1.0000000e+00
   4.4414644e+00   3.5042383e+00   4.4491711e+00   3.6039409e+00   1.0000000e+00
   5.5508289e+00   3.6039409e+00   5.5585356e+00   3.5042383e+00   1.0000000e+00
   4.4376110e+00   6.5456130e+00   4.4414644e+00   6.4957617e+00   1.0000000e+00
   5.5585356e+00   6.4957617e+00   5.5623890e+00   6.5456130e+00   1.0000000e+00
   4.4376110e+00   3.4543870e+00   4.4414644e+00   3.5042383e+00   1.0000000e+00
   5.5585356e+00   3.5042383e+00   5.5623890e+00   3.4543870e+00   1.0000000e+00
   4.4376110e+00   6.5456130e+00   4.4323426e+00   6.6454741e+00   1.0000000e+00
   5.5676574e+00   6.6454741e+00   5.5623890e+00   6.5456130e+00   1.0000000e+00
   4.4376110e+00   3.4543870e+00   4.4323426e+00   3.3545259e+00   1.0000000e+00
   5.5676574e+00   3.3545259e+00   5.5623890e+00   3.4543870e+00   1.0000000e+00
   4.4278631e+00   6.6952731e+00   4.4323426e+00   6.6454741e+00   1.0000000e+00
   5.5676574e+00   6.6454741e+00   5.5721369e+00   6.6952731e+00   1.0000000e+00
   4.4278631e+00   3.3047269e+00   4.4323426e+00   3.3545259e+00   1.0000000e+00
   5.5676574e+00   3.3545259e+00   5.5721369e+00   3.3047269e+00   1.0000000e+00
   4.4233836e+00   6.7450720e+00   4.4278631e+00   6.6952731e+00   1.0000000e+00
   5.5721369e+00   6.6952731e+00   5.5766164e+00   6.7450720e+00   1.0000000e+00
   4.4233836e+00   3.2549280e+00   4.4278631e+00   3.3047269e+00   1.0000000e+00
   5.5721369e+00   3.3047269e+00   5.5766164e+00   3.2549280e+00   1.0000000e+00
   4.4161294e+00   6.8448085e+00   4.4233836e+00   6.7450720e+00   1.0000000e+00
   5.5766164e+00   6.7450720e+00   5.5838706e+00   6.8448085e+00   1.0000000e+00
   4.4161294e+00   3.1551915e+00   4.4233836e+00   3.2549280e+00   1.0000000e+00
   5.5766164e+00   3.2549280e+00   5.5838706e+00   3.1551915e+00   1.0000000e+00
   4.4125023e+00   6.8946768e+00   4.4161294e+00   6.8448085e+00   1.0000000e+00
   4.4099488e+00   6.9297845e+00   4.4125023e+00   6.8946768e+00   1.0000000e+00
   4.4073953e+00   6.9648923e+00   4.4099488e+00   6.9297845e+00   1.0000000e+00
   4.4048418e+00   7.0000000e+00   4.4073953e+00   6.9648923e+00   1.0000000e+00
   4.3349473e+00   7.0000000e+00   4.3698945e+00   7.0000000e+00   2.0000000e+00
   4.3698945e+00   7.0000000e+00   4.4048418e+00   7.0000000e+00   2.0000000e+00
   4.4365612e+00   7.0000000e+00   4.4682806e+00   7.0000000e+00   2.0000000e+00
   4.4682806e+00   7.0000000e+00   4.5000000e+00   7.0000000e+00   2.0000000e+00
   5.5838706e+00   6.8448085e+00   5.5874977e+00   6.8946768e+00   1.0000000e+00
   5.5874977e+00   6.8946768e+00   5.5900512e+00   6.9297845e+00   1.0000000e+00
   5.5900512e+00   6.9297845e+00   5.5926047e+00   6.9648923e+00   1.0000000e+00
   5.5926047e+00   6.9648923e+00   5.5951582e+00   7.0000000e+00   1.0000000e+00
   5.5317194e+00   7.0000000e+00   5.5634388e+00   7.0000000e+00   2.0000000e+00
   5.5634388e+00   7.0000000e+00   5.5951582e+00   7.0000000e+00   2.0000000e+00
   5.6301055e+00   7.0000000e+00   5.6650527e+00   7.0000000e+00   2.0000000e+00
   5.6650527e+00   7.0000000e+00   5.7000000e+00   7.0000000e+00   2.0000000e+00
   4.4125023e+00   3.1053232e+00   4.4161294e+00   3.1551915e+00   1.0000000e+00
   4.4099488e+00   3.0702155e+00   4.4125023e+00   3.1053232e+00   1.0000000e+00
   4.4073953e+00   3.0351077e+00   4.4099488e+00   3.0702155e+00   1.0000000e+00
   4.4048418e+00   3.0000000e+00   4.4073953e+00   3.0351077e+00   1.0000000e+00
   4.3349473e+00   3.0000000e+00   4.3698945e+00   3.0000000e+00   2.0000000e+00
   4.3698945e+00   3.0000000e+00   4.4048418e+00   3.0000000e+00   2.0000000e+00
   4.4365612e+00   3.0000000e+00   4.4682806e+00   3.0000000e+00   2.0000000e+00
   4.4682806e+00   3.0000000e+00   4.5000000e+00   3.0000000e+00   2.0000000e+00
   5.5838706e+00   3.1551915e+00   5.5874977e+00   3.1053232e+00   1.0000000e+00
   5.5874977e+00   3.1053232e+00   5.5900512e+00   3.0702155e+00   1.0000000e+00
   5.5900512e+00   3.0702155e+00   5.5926047e+00   3.0351077e+00   1.0000000e+00
   5.5926047e+00   3.0351077e+00   5.5951582e+00   3.0000000e+00   1.0000000e+00
   5.5317194e+00   3.0000000e+00   5.5634388e+00   3.0000000e+00   2.0000000e+00
   5.5634388e+00   3.0000000e+00   5.5951582e+00   3.0000000e+00   2.0000000e+00
   5.6301055e+00   3.0000000e+00   5.6650527e+00   3.0000000e+00   2.0000000e+00
   5.6650527e+00   3.0000000e+00   5.7000000e+00   3.0000000e+00   2.0000000e+00
