   1.0000000e+00   3.0000000e+00  -1.1100451e+01
   1.0000000e+00   2.0000000e+00  -3.8548570e+00
   2.0000000e+00   1.0000000e+00   3.8548570e+00
   2.0000000e+00   4.0000000e+00  -1.8775180e+01
   3.0000000e+00   5.0000000e+00  -1.1470291e+01
   3.0000000e+00   1.0000000e+00   1.1100451e+01
   4.0000000e+00   2.0000000e+00   1.8775180e+01
   4.0000000e+00   6.0000000e+00  -1.9039174e+01
   5.0000000e+00   7.0000000e+00  -1.1781130e+01
   5.0000000e+00   3.0000000e+00   1.1470291e+01
   6.0000000e+00   4.0000000e+00   1.9039174e+01
   6.0000000e+00   8.0000000e+00  -1.9171368e+01
   7.0000000e+00   9.0000000e+00  -1.1975848e+01
   7.0000000e+00   5.0000000e+00   1.1781130e+01
   8.0000000e+00   6.0000000e+00   1.9171368e+01
   8.0000000e+00   1.0000000e+01  -1.9114589e+01
   9.0000000e+00   1.1000000e+01  -1.1979986e+01
   9.0000000e+00   7.0000000e+00   1.1975848e+01
   1.0000000e+01   8.0000000e+00   1.9114589e+01
   1.0000000e+01   1.2000000e+01  -1.8804444e+01
   1.1000000e+01   1.3000000e+01  -1.1686994e+01
   1.1000000e+01   9.0000000e+00   1.1979986e+01
   1.2000000e+01   1.0000000e+01   1.8804444e+01
   1.2000000e+01   1.4000000e+01  -1.8175962e+01
   1.3000000e+01   1.5000000e+01  -1.0935064e+01
   1.3000000e+01   1.1000000e+01   1.1686994e+01
   1.4000000e+01   1.2000000e+01   1.8175962e+01
   1.4000000e+01   1.6000000e+01  -1.7191718e+01
   1.5000000e+01   1.7000000e+01  -9.4867070e+00
   1.5000000e+01   1.3000000e+01   1.0935064e+01
   1.6000000e+01   1.4000000e+01   1.7191718e+01
   1.6000000e+01   2.1000000e+01  -1.5921170e+01
   1.7000000e+01   1.8000000e+01  -7.1033131e+00
   1.7000000e+01   1.5000000e+01   9.4867070e+00
   1.8000000e+01   1.9000000e+01  -6.1400976e+00
   1.8000000e+01   1.7000000e+01   7.1033131e+00
   1.9000000e+01   2.0000000e+01  -5.1278736e+00
   1.9000000e+01   1.8000000e+01   6.1400976e+00
   2.0000000e+01   3.9000000e+01  -4.4318042e+00
   2.0000000e+01   1.9000000e+01   5.1278736e+00
   2.0000000e+01   4.6000000e+01   1.0552351e-01
   2.1000000e+01   1.6000000e+01   1.5921170e+01
   2.1000000e+01   2.2000000e+01  -1.4680481e+01
   2.2000000e+01   2.1000000e+01   1.4680481e+01
   2.2000000e+01   2.3000000e+01  -1.4402275e+01
   2.3000000e+01   2.2000000e+01   1.4402275e+01
   2.3000000e+01   2.4000000e+01  -1.4241561e+01
   2.4000000e+01   2.3000000e+01   1.4241561e+01
   2.4000000e+01   2.5000000e+01  -5.3638631e+00
   2.4000000e+01   3.2000000e+01  -8.7349751e+00
   2.5000000e+01   2.6000000e+01  -3.4045957e+00
   2.5000000e+01   3.2000000e+01  -6.8279022e-03
   2.5000000e+01   2.4000000e+01   5.3638631e+00
   2.6000000e+01   2.7000000e+01  -4.2843964e+00
   2.6000000e+01   2.5000000e+01   3.4045957e+00
   2.7000000e+01   2.8000000e+01  -3.8729432e+00
   2.7000000e+01   2.6000000e+01   4.2843964e+00
   2.8000000e+01   2.9000000e+01  -3.7198215e+00
   2.8000000e+01   2.7000000e+01   3.8729432e+00
   2.9000000e+01   3.0000000e+01  -3.6764837e+00
   2.9000000e+01   2.8000000e+01   3.7198215e+00
   3.0000000e+01   3.1000000e+01  -3.6704984e+00
   3.0000000e+01   2.9000000e+01   3.6764837e+00
   3.1000000e+01   5.3000000e+01  -3.8628515e+00
   3.1000000e+01   3.0000000e+01   3.6704984e+00
   3.2000000e+01   2.5000000e+01   6.8279022e-03
   3.2000000e+01   3.3000000e+01  -7.1838053e+00
   3.2000000e+01   2.4000000e+01   8.7349751e+00
   3.3000000e+01   3.2000000e+01   7.1838053e+00
   3.3000000e+01   3.4000000e+01  -7.2555346e+00
   3.4000000e+01   3.3000000e+01   7.2555346e+00
   3.4000000e+01   3.5000000e+01  -5.9697293e+00
   3.5000000e+01   3.4000000e+01   5.9697293e+00
   3.5000000e+01   3.6000000e+01  -3.9593159e+00
   3.6000000e+01   3.5000000e+01   3.9593159e+00
   3.6000000e+01   3.7000000e+01  -3.4848921e+00
   3.7000000e+01   3.6000000e+01   3.4848921e+00
   3.7000000e+01   3.8000000e+01  -3.4320940e+00
   3.8000000e+01   3.7000000e+01   3.4320940e+00
   3.8000000e+01   5.4000000e+01  -3.6081414e+00
   3.9000000e+01   4.0000000e+01  -4.6529533e+00
   3.9000000e+01   4.6000000e+01   3.6580442e-03
   3.9000000e+01   2.0000000e+01   4.4318042e+00
   4.0000000e+01   4.1000000e+01  -6.3785423e+00
   4.0000000e+01   3.9000000e+01   4.6529533e+00
   4.1000000e+01   4.2000000e+01  -4.5891682e+00
   4.1000000e+01   4.0000000e+01   6.3785423e+00
   4.2000000e+01   4.3000000e+01  -3.4801401e+00
   4.2000000e+01   4.1000000e+01   4.5891682e+00
   4.3000000e+01   4.4000000e+01  -3.4826052e+00
   4.3000000e+01   4.2000000e+01   3.4801401e+00
   4.4000000e+01   4.5000000e+01  -3.5173796e+00
   4.4000000e+01   4.3000000e+01   3.4826052e+00
   4.5000000e+01   5.5000000e+01  -3.5825108e+00
   4.5000000e+01   4.4000000e+01   3.5173796e+00
   4.6000000e+01   3.9000000e+01  -3.6580442e-03
   4.6000000e+01   4.7000000e+01  -1.5925299e+00
   4.6000000e+01   2.0000000e+01  -1.0552351e-01
   4.7000000e+01   4.6000000e+01   1.5925299e+00
   4.7000000e+01   4.8000000e+01  -2.5804150e+00
   4.8000000e+01   4.7000000e+01   2.5804150e+00
   4.8000000e+01   4.9000000e+01  -3.1927823e+00
   4.9000000e+01   4.8000000e+01   3.1927823e+00
   4.9000000e+01   5.0000000e+01  -3.4158741e+00
   5.0000000e+01   4.9000000e+01   3.4158741e+00
   5.0000000e+01   5.1000000e+01  -3.5255233e+00
   5.1000000e+01   5.0000000e+01   3.5255233e+00
   5.1000000e+01   5.2000000e+01  -3.5782293e+00
   5.2000000e+01   5.1000000e+01   3.5782293e+00
   5.2000000e+01   5.6000000e+01  -3.5727189e+00
   5.3000000e+01   5.7000000e+01  -1.0475399e+00
   5.3000000e+01   3.1000000e+01   3.8628515e+00
   5.4000000e+01   3.8000000e+01   3.6081414e+00
   5.4000000e+01   5.8000000e+01  -7.0614732e-01
   5.5000000e+01   5.9000000e+01  -2.1411996e+00
   5.5000000e+01   4.5000000e+01   3.5825108e+00
   5.6000000e+01   5.2000000e+01   3.5727189e+00
   5.6000000e+01   6.0000000e+01  -3.1418913e+00
   5.7000000e+01   5.3000000e+01   1.0475399e+00
   5.7000000e+01   6.1000000e+01  -3.1145199e-01
   5.8000000e+01   6.2000000e+01   5.8758506e-02
   5.8000000e+01   5.4000000e+01   7.0614732e-01
   5.9000000e+01   5.5000000e+01   2.1411996e+00
   5.9000000e+01   6.3000000e+01  -1.5291294e+00
   6.0000000e+01   6.4000000e+01  -2.8981237e+00
   6.0000000e+01   5.6000000e+01   3.1418913e+00
   6.1000000e+01   5.7000000e+01   3.1145199e-01
   6.1000000e+01   6.5000000e+01   5.7176409e-02
   6.2000000e+01   6.6000000e+01   4.2202082e-01
   6.2000000e+01   5.8000000e+01  -5.8758506e-02
   6.3000000e+01   5.9000000e+01   1.5291294e+00
   6.3000000e+01   6.7000000e+01  -1.0730707e+00
   6.4000000e+01   6.8000000e+01  -2.6744420e+00
   6.4000000e+01   6.0000000e+01   2.8981237e+00
   6.5000000e+01   6.9000000e+01   2.0997245e-01
   6.5000000e+01   6.1000000e+01  -5.7176409e-02
   6.6000000e+01   6.2000000e+01  -4.2202082e-01
   6.6000000e+01   7.0000000e+01   4.6760366e-01
   6.7000000e+01   6.3000000e+01   1.0730707e+00
   6.7000000e+01   7.1000000e+01  -4.9822253e-01
   6.8000000e+01   7.2000000e+01  -2.3181556e+00
   6.8000000e+01   6.4000000e+01   2.6744420e+00
   6.9000000e+01   7.3000000e+01   1.4887085e-01
   6.9000000e+01   6.5000000e+01  -2.0997245e-01
   7.0000000e+01   6.6000000e+01  -4.6760366e-01
   7.0000000e+01   7.4000000e+01   2.8402404e-01
   7.1000000e+01   7.5000000e+01  -3.7090849e-01
   7.1000000e+01   6.7000000e+01   4.9822253e-01
   7.2000000e+01   6.8000000e+01   2.3181556e+00
   7.2000000e+01   7.6000000e+01  -2.1962737e+00
   7.3000000e+01   7.8000000e+01   1.8971150e-02
   7.3000000e+01   6.9000000e+01  -1.4887085e-01
   7.4000000e+01   7.0000000e+01  -2.8402404e-01
   7.4000000e+01   7.9000000e+01  -2.2248784e-02
   7.5000000e+01   7.7000000e+01  -3.4159201e-01
   7.5000000e+01   7.1000000e+01   3.7090849e-01
   7.6000000e+01   7.2000000e+01   2.1962737e+00
   7.6000000e+01   8.0000000e+01  -2.1091378e+00
   7.7000000e+01   8.1000000e+01  -4.4852785e-01
   7.7000000e+01   7.5000000e+01   3.4159201e-01
   7.8000000e+01   8.2000000e+01  -3.5204955e-01
   7.8000000e+01   7.3000000e+01  -1.8971150e-02
   7.9000000e+01   7.4000000e+01   2.2248784e-02
   7.9000000e+01   8.3000000e+01  -8.5526402e-01
   8.0000000e+01   7.6000000e+01   2.1091378e+00
   8.0000000e+01   8.4000000e+01  -1.9907818e+00
   8.1000000e+01   7.7000000e+01   4.4852785e-01
   8.1000000e+01   8.5000000e+01  -5.4022841e-01
   8.2000000e+01   8.6000000e+01  -5.3870169e-01
   8.2000000e+01   7.8000000e+01   3.5204955e-01
   8.3000000e+01   7.9000000e+01   8.5526402e-01
   8.3000000e+01   8.7000000e+01  -1.3335770e+00
   8.4000000e+01   8.0000000e+01   1.9907818e+00
   8.4000000e+01   8.8000000e+01  -1.8931940e+00
   8.5000000e+01   8.1000000e+01   5.4022841e-01
   8.5000000e+01   8.9000000e+01  -7.5094067e-01
   8.6000000e+01   9.0000000e+01  -8.8358987e-01
   8.6000000e+01   8.2000000e+01   5.3870169e-01
   8.7000000e+01   8.3000000e+01   1.3335770e+00
   8.7000000e+01   9.1000000e+01  -2.3769313e+00
   8.8000000e+01   8.4000000e+01   1.8931940e+00
   8.8000000e+01   9.3000000e+01  -1.7766939e+00
   8.9000000e+01   9.2000000e+01  -8.5345130e-01
   8.9000000e+01   8.5000000e+01   7.5094067e-01
   9.0000000e+01   9.6000000e+01  -1.1640544e+00
   9.0000000e+01   8.6000000e+01   8.8358987e-01
   9.1000000e+01   9.4000000e+01  -2.9253612e+00
   9.1000000e+01   8.7000000e+01   2.3769313e+00
   9.2000000e+01   9.7000000e+01  -9.4250977e-01
   9.2000000e+01   8.9000000e+01   8.5345130e-01
   9.3000000e+01   9.5000000e+01  -1.7028183e+00
   9.3000000e+01   8.8000000e+01   1.7766939e+00
   9.4000000e+01   1.0200000e+02  -4.0820404e+00
   9.4000000e+01   9.1000000e+01   2.9253612e+00
   9.5000000e+01   1.0300000e+02  -1.5054496e+00
   9.5000000e+01   9.3000000e+01   1.7028183e+00
   9.6000000e+01   9.8000000e+01  -1.2470703e+00
   9.6000000e+01   9.0000000e+01   1.1640544e+00
   9.7000000e+01   1.0700000e+02  -1.0563725e+00
   9.7000000e+01   9.2000000e+01   9.4250977e-01
   9.8000000e+01   9.9000000e+01  -1.2739576e+00
   9.8000000e+01   9.6000000e+01   1.2470703e+00
   9.9000000e+01   1.0000000e+02  -1.1972143e+00
   9.9000000e+01   9.8000000e+01   1.2739576e+00
   1.0000000e+02   1.0100000e+02  -9.9910577e-01
   1.0000000e+02   9.9000000e+01   1.1972143e+00
   1.0100000e+02   1.3600000e+02  -2.2062630e-01
   1.0100000e+02   1.0000000e+02   9.9910577e-01
   1.0100000e+02   1.4200000e+02  -2.9478226e-01
   1.0200000e+02   9.4000000e+01   4.0820404e+00
   1.0200000e+02   1.4900000e+02  -4.6657639e+00
   1.0300000e+02   9.5000000e+01   1.5054496e+00
   1.0300000e+02   1.0400000e+02  -1.3337167e+00
   1.0400000e+02   1.0300000e+02   1.3337167e+00
   1.0400000e+02   1.0500000e+02  -1.1369637e+00
   1.0500000e+02   1.0400000e+02   1.1369637e+00
   1.0500000e+02   1.0600000e+02  -8.1627253e-01
   1.0600000e+02   1.0500000e+02   8.1627253e-01
   1.0600000e+02   1.2300000e+02  -1.6697229e-01
   1.0600000e+02   1.3000000e+02  -1.1557552e-01
   1.0700000e+02   1.0800000e+02  -9.5581879e-01
   1.0700000e+02   9.7000000e+01   1.0563725e+00
   1.0800000e+02   1.0900000e+02  -7.3014276e-01
   1.0800000e+02   1.0700000e+02   9.5581879e-01
   1.0900000e+02   1.1000000e+02  -1.0204269e-01
   1.0900000e+02   1.0800000e+02   7.3014276e-01
   1.0900000e+02   1.1600000e+02  -1.8825911e-01
   1.1000000e+02   1.1100000e+02  -1.2337339e-01
   1.1000000e+02   1.1600000e+02  -5.1944812e-02
   1.1000000e+02   1.0900000e+02   1.0204269e-01
   1.1100000e+02   1.1200000e+02  -1.2971606e-01
   1.1100000e+02   1.1000000e+02   1.2337339e-01
   1.1200000e+02   1.1300000e+02  -1.2295119e-01
   1.1200000e+02   1.1100000e+02   1.2971606e-01
   1.1300000e+02   1.1400000e+02  -8.6784288e-02
   1.1300000e+02   1.1200000e+02   1.2295119e-01
   1.1400000e+02   1.1500000e+02  -4.3964065e-02
   1.1400000e+02   1.1300000e+02   8.6784288e-02
   1.1500000e+02   1.1400000e+02   4.3964065e-02
   1.1600000e+02   1.1000000e+02   5.1944812e-02
   1.1600000e+02   1.1700000e+02  -3.1016117e-01
   1.1600000e+02   1.0900000e+02   1.8825911e-01
   1.1700000e+02   1.1600000e+02   3.1016117e-01
   1.1700000e+02   1.1800000e+02  -2.8697588e-01
   1.1800000e+02   1.1700000e+02   2.8697588e-01
   1.1800000e+02   1.1900000e+02  -2.6583578e-01
   1.1900000e+02   1.1800000e+02   2.6583578e-01
   1.1900000e+02   1.2000000e+02  -2.1577490e-01
   1.2000000e+02   1.1900000e+02   2.1577490e-01
   1.2000000e+02   1.2100000e+02  -1.6609539e-01
   1.2100000e+02   1.2000000e+02   1.6609539e-01
   1.2100000e+02   1.2200000e+02  -1.1304719e-01
   1.2200000e+02   1.2100000e+02   1.1304719e-01
   1.2200000e+02   1.5600000e+02  -5.6964125e-02
   1.2300000e+02   1.2400000e+02  -2.7210785e-01
   1.2300000e+02   1.3000000e+02   2.8690053e-02
   1.2300000e+02   1.0600000e+02   1.6697229e-01
   1.2400000e+02   1.2500000e+02  -2.6760695e-01
   1.2400000e+02   1.2300000e+02   2.7210785e-01
   1.2500000e+02   1.2600000e+02  -2.5864839e-01
   1.2500000e+02   1.2400000e+02   2.6760695e-01
   1.2600000e+02   1.2700000e+02  -2.2162605e-01
   1.2600000e+02   1.2500000e+02   2.5864839e-01
   1.2700000e+02   1.2800000e+02  -1.7478335e-01
   1.2700000e+02   1.2600000e+02   2.2162605e-01
   1.2800000e+02   1.2900000e+02  -1.2088739e-01
   1.2800000e+02   1.2700000e+02   1.7478335e-01
   1.2900000e+02   1.5500000e+02  -6.3023100e-02
   1.2900000e+02   1.2800000e+02   1.2088739e-01
   1.3000000e+02   1.2300000e+02  -2.8690053e-02
   1.3000000e+02   1.3100000e+02  -1.3930313e-01
   1.3000000e+02   1.0600000e+02   1.1557552e-01
   1.3100000e+02   1.3000000e+02   1.3930313e-01
   1.3100000e+02   1.3200000e+02  -1.4720945e-01
   1.3200000e+02   1.3100000e+02   1.4720945e-01
   1.3200000e+02   1.3300000e+02  -1.3985482e-01
   1.3300000e+02   1.3200000e+02   1.3985482e-01
   1.3300000e+02   1.3400000e+02  -9.9985004e-02
   1.3400000e+02   1.3300000e+02   9.9985004e-02
   1.3400000e+02   1.3500000e+02  -5.1363203e-02
   1.3500000e+02   1.3400000e+02   5.1363203e-02
   1.3600000e+02   1.3700000e+02  -1.6250149e-01
   1.3600000e+02   1.4200000e+02  -8.4677469e-02
   1.3600000e+02   1.0100000e+02   2.2062630e-01
   1.3700000e+02   1.3800000e+02  -1.6429045e-01
   1.3700000e+02   1.3600000e+02   1.6250149e-01
   1.3800000e+02   1.3900000e+02  -1.5600077e-01
   1.3800000e+02   1.3700000e+02   1.6429045e-01
   1.3900000e+02   1.4000000e+02  -1.0863897e-01
   1.3900000e+02   1.3800000e+02   1.5600077e-01
   1.4000000e+02   1.4100000e+02  -5.4787743e-02
   1.4000000e+02   1.3900000e+02   1.0863897e-01
   1.4100000e+02   1.4000000e+02   5.4787743e-02
   1.4200000e+02   1.3600000e+02   8.4677469e-02
   1.4200000e+02   1.4300000e+02  -4.7491935e-01
   1.4200000e+02   1.0100000e+02   2.9478226e-01
   1.4300000e+02   1.4200000e+02   4.7491935e-01
   1.4300000e+02   1.4400000e+02  -4.7224527e-01
   1.4400000e+02   1.4300000e+02   4.7224527e-01
   1.4400000e+02   1.4500000e+02  -4.6470170e-01
   1.4500000e+02   1.4400000e+02   4.6470170e-01
   1.4500000e+02   1.4600000e+02  -4.3139639e-01
   1.4600000e+02   1.4500000e+02   4.3139639e-01
   1.4600000e+02   1.4700000e+02  -3.8672260e-01
   1.4700000e+02   1.4600000e+02   3.8672260e-01
   1.4700000e+02   1.4800000e+02  -3.3661608e-01
   1.4800000e+02   1.4700000e+02   3.3661608e-01
   1.4800000e+02   1.5700000e+02  -2.8343058e-01
   1.4900000e+02   1.0200000e+02   4.6657639e+00
   1.4900000e+02   1.5000000e+02  -5.2465608e+00
   1.5000000e+02   1.4900000e+02   5.2465608e+00
   1.5000000e+02   1.5100000e+02  -5.6375153e+00
   1.5100000e+02   1.5000000e+02   5.6375153e+00
   1.5100000e+02   1.5200000e+02  -5.9714122e+00
   1.5200000e+02   1.5100000e+02   5.9714122e+00
   1.5200000e+02   1.6400000e+02  -2.6395901e+00
   1.5200000e+02   1.6600000e+02  -3.3600816e+00
   1.5300000e+02   1.2200000e+02   5.6964125e-02
   1.5300000e+02   1.5500000e+02   2.7540376e-03
   1.5400000e+02   1.5600000e+02  -2.7540376e-03
   1.5400000e+02   1.2900000e+02   6.3023100e-02
   1.5500000e+02   1.5600000e+02  -2.7540376e-03
   1.5500000e+02   1.2900000e+02   6.3023100e-02
   1.5600000e+02   1.2200000e+02   5.6964125e-02
   1.5600000e+02   1.5500000e+02   2.7540376e-03
   1.5700000e+02   1.4800000e+02   2.8343058e-01
   1.5700000e+02   1.5800000e+02  -2.2548351e-01
   1.5800000e+02   1.5700000e+02   2.2548351e-01
   1.5800000e+02   1.5900000e+02  -1.5770745e-01
   1.5900000e+02   1.5800000e+02   1.5770745e-01
   1.5900000e+02   1.6000000e+02  -6.9214033e-02
   1.6000000e+02   1.5900000e+02   6.9214033e-02
   1.6000000e+02   1.6100000e+02   6.0719861e-02
   1.6100000e+02   1.6000000e+02  -6.0719861e-02
   1.6100000e+02   1.6200000e+02   2.7119729e-01
   1.6200000e+02   1.6100000e+02  -2.7119729e-01
   1.6200000e+02   1.6300000e+02   6.3761423e-01
   1.6300000e+02   1.6200000e+02  -6.3761423e-01
   1.6300000e+02   1.6500000e+02   8.1776743e-01
   1.6400000e+02   1.6500000e+02  -1.4119491e+00
   1.6400000e+02   1.6600000e+02  -4.5611176e-01
   1.6400000e+02   1.5200000e+02   2.6395901e+00
   1.6500000e+02   1.6300000e+02  -8.1776743e-01
   1.6500000e+02   1.6400000e+02   1.4119491e+00
   1.6600000e+02   1.6400000e+02   4.5611176e-01
   1.6600000e+02   1.6700000e+02  -2.7931890e+00
   1.6600000e+02   1.5200000e+02   3.3600816e+00
   1.6700000e+02   1.6600000e+02   2.7931890e+00
   1.6700000e+02   1.6800000e+02  -2.1099211e+00
   1.6800000e+02   1.6700000e+02   2.1099211e+00
   1.6800000e+02   1.6900000e+02  -1.5935091e+00
   1.6900000e+02   1.6800000e+02   1.5935091e+00
   1.6900000e+02   1.7000000e+02  -7.4456175e-01
   1.7000000e+02   1.6900000e+02   7.4456175e-01
   1.7000000e+02   1.7100000e+02  -2.9362739e-01
   1.7100000e+02   1.7000000e+02   2.9362739e-01
   0.0000000e+00   0.0000000e+00   0.0000000e+00
   0.0000000e+00   0.0000000e+00   0.0000000e+00
   0.0000000e+00   0.0000000e+00   0.0000000e+00
   0.0000000e+00   0.0000000e+00   0.0000000e+00
   0.0000000e+00   0.0000000e+00   0.0000000e+00
   0.0000000e+00   0.0000000e+00   0.0000000e+00
   0.0000000e+00   0.0000000e+00   0.0000000e+00
   0.0000000e+00   0.0000000e+00   0.0000000e+00
   0.0000000e+00   0.0000000e+00   0.0000000e+00
   0.0000000e+00   0.0000000e+00   0.0000000e+00
   0.0000000e+00   0.0000000e+00   0.0000000e+00
   0.0000000e+00   0.0000000e+00   0.0000000e+00
   0.0000000e+00   0.0000000e+00   0.0000000e+00
   0.0000000e+00   0.0000000e+00   0.0000000e+00
   0.0000000e+00   0.0000000e+00   0.0000000e+00
   0.0000000e+00   0.0000000e+00   0.0000000e+00
   0.0000000e+00   0.0000000e+00   0.0000000e+00
   0.0000000e+00   0.0000000e+00   0.0000000e+00
   0.0000000e+00   0.0000000e+00   0.0000000e+00
   0.0000000e+00   0.0000000e+00   0.0000000e+00
   0.0000000e+00   0.0000000e+00   0.0000000e+00
   0.0000000e+00   0.0000000e+00   0.0000000e+00
   0.0000000e+00   0.0000000e+00   0.0000000e+00
   0.0000000e+00   0.0000000e+00   0.0000000e+00
   0.0000000e+00   0.0000000e+00   0.0000000e+00
   0.0000000e+00   0.0000000e+00   0.0000000e+00
   0.0000000e+00   0.0000000e+00   0.0000000e+00
   0.0000000e+00   0.0000000e+00   0.0000000e+00
   0.0000000e+00   0.0000000e+00   0.0000000e+00
   0.0000000e+00   0.0000000e+00   0.0000000e+00
   0.0000000e+00   0.0000000e+00   0.0000000e+00
   0.0000000e+00   0.0000000e+00   0.0000000e+00
   0.0000000e+00   0.0000000e+00   0.0000000e+00
   0.0000000e+00   0.0000000e+00   0.0000000e+00
   0.0000000e+00   0.0000000e+00   0.0000000e+00
   0.0000000e+00   0.0000000e+00   0.0000000e+00
   0.0000000e+00   0.0000000e+00   0.0000000e+00
   0.0000000e+00   0.0000000e+00   0.0000000e+00
   0.0000000e+00   0.0000000e+00   0.0000000e+00
   0.0000000e+00   0.0000000e+00   0.0000000e+00
   0.0000000e+00   0.0000000e+00   0.0000000e+00
   0.0000000e+00   0.0000000e+00   0.0000000e+00
   0.0000000e+00   0.0000000e+00   0.0000000e+00
   0.0000000e+00   0.0000000e+00   0.0000000e+00
   0.0000000e+00   0.0000000e+00   0.0000000e+00
   0.0000000e+00   0.0000000e+00   0.0000000e+00
   0.0000000e+00   0.0000000e+00   0.0000000e+00
   0.0000000e+00   0.0000000e+00   0.0000000e+00
   0.0000000e+00   0.0000000e+00   0.0000000e+00
   0.0000000e+00   0.0000000e+00   0.0000000e+00
   0.0000000e+00   0.0000000e+00   0.0000000e+00
   0.0000000e+00   0.0000000e+00   0.0000000e+00
   0.0000000e+00   0.0000000e+00   0.0000000e+00
   0.0000000e+00   0.0000000e+00   0.0000000e+00
   0.0000000e+00   0.0000000e+00   0.0000000e+00
   0.0000000e+00   0.0000000e+00   0.0000000e+00
   0.0000000e+00   0.0000000e+00   0.0000000e+00
   0.0000000e+00   0.0000000e+00   0.0000000e+00
   0.0000000e+00   0.0000000e+00   0.0000000e+00
   0.0000000e+00   0.0000000e+00   0.0000000e+00
   0.0000000e+00   0.0000000e+00   0.0000000e+00
   0.0000000e+00   0.0000000e+00   0.0000000e+00
   0.0000000e+00   0.0000000e+00   0.0000000e+00
   0.0000000e+00   0.0000000e+00   0.0000000e+00
   0.0000000e+00   0.0000000e+00   0.0000000e+00
   0.0000000e+00   0.0000000e+00   0.0000000e+00
   0.0000000e+00   0.0000000e+00   0.0000000e+00
   0.0000000e+00   0.0000000e+00   0.0000000e+00
   0.0000000e+00   0.0000000e+00   0.0000000e+00
   0.0000000e+00   0.0000000e+00   0.0000000e+00
   0.0000000e+00   0.0000000e+00   0.0000000e+00
   0.0000000e+00   0.0000000e+00   0.0000000e+00
   0.0000000e+00   0.0000000e+00   0.0000000e+00
   0.0000000e+00   0.0000000e+00   0.0000000e+00
   0.0000000e+00   0.0000000e+00   0.0000000e+00
   0.0000000e+00   0.0000000e+00   0.0000000e+00
   0.0000000e+00   0.0000000e+00   0.0000000e+00
   0.0000000e+00   0.0000000e+00   0.0000000e+00
   0.0000000e+00   0.0000000e+00   0.0000000e+00
   0.0000000e+00   0.0000000e+00   0.0000000e+00
   0.0000000e+00   0.0000000e+00   0.0000000e+00
   0.0000000e+00   0.0000000e+00   0.0000000e+00
   0.0000000e+00   0.0000000e+00   0.0000000e+00
   0.0000000e+00   0.0000000e+00   0.0000000e+00
   0.0000000e+00   0.0000000e+00   0.0000000e+00
   0.0000000e+00   0.0000000e+00   0.0000000e+00
   0.0000000e+00   0.0000000e+00   0.0000000e+00
   0.0000000e+00   0.0000000e+00   0.0000000e+00
   0.0000000e+00   0.0000000e+00   0.0000000e+00
   0.0000000e+00   0.0000000e+00   0.0000000e+00
   0.0000000e+00   0.0000000e+00   0.0000000e+00
   0.0000000e+00   0.0000000e+00   0.0000000e+00
   0.0000000e+00   0.0000000e+00   0.0000000e+00
   0.0000000e+00   0.0000000e+00   0.0000000e+00
   0.0000000e+00   0.0000000e+00   0.0000000e+00
   0.0000000e+00   0.0000000e+00   0.0000000e+00
   0.0000000e+00   0.0000000e+00   0.0000000e+00
   0.0000000e+00   0.0000000e+00   0.0000000e+00
   0.0000000e+00   0.0000000e+00   0.0000000e+00
   0.0000000e+00   0.0000000e+00   0.0000000e+00
   0.0000000e+00   0.0000000e+00   0.0000000e+00
   0.0000000e+00   0.0000000e+00   0.0000000e+00
   0.0000000e+00   0.0000000e+00   0.0000000e+00
   0.0000000e+00   0.0000000e+00   0.0000000e+00
   0.0000000e+00   0.0000000e+00   0.0000000e+00
   0.0000000e+00   0.0000000e+00   0.0000000e+00
   0.0000000e+00   0.0000000e+00   0.0000000e+00
   0.0000000e+00   0.0000000e+00   0.0000000e+00
   0.0000000e+00   0.0000000e+00   0.0000000e+00
   0.0000000e+00   0.0000000e+00   0.0000000e+00
   0.0000000e+00   0.0000000e+00   0.0000000e+00
   0.0000000e+00   0.0000000e+00   0.0000000e+00
   0.0000000e+00   0.0000000e+00   0.0000000e+00
   0.0000000e+00   0.0000000e+00   0.0000000e+00
   0.0000000e+00   0.0000000e+00   0.0000000e+00
   0.0000000e+00   0.0000000e+00   0.0000000e+00
   0.0000000e+00   0.0000000e+00   0.0000000e+00
   0.0000000e+00   0.0000000e+00   0.0000000e+00
   0.0000000e+00   0.0000000e+00   0.0000000e+00
   0.0000000e+00   0.0000000e+00   0.0000000e+00
   0.0000000e+00   0.0000000e+00   0.0000000e+00
   0.0000000e+00   0.0000000e+00   0.0000000e+00
   0.0000000e+00   0.0000000e+00   0.0000000e+00
   0.0000000e+00   0.0000000e+00   0.0000000e+00
   0.0000000e+00   0.0000000e+00   0.0000000e+00
   0.0000000e+00   0.0000000e+00   0.0000000e+00
   0.0000000e+00   0.0000000e+00   0.0000000e+00
   0.0000000e+00   0.0000000e+00   0.0000000e+00
   0.0000000e+00   0.0000000e+00   0.0000000e+00
   0.0000000e+00   0.0000000e+00   0.0000000e+00
   0.0000000e+00   0.0000000e+00   0.0000000e+00
   0.0000000e+00   0.0000000e+00   0.0000000e+00
   0.0000000e+00   0.0000000e+00   0.0000000e+00
   0.0000000e+00   0.0000000e+00   0.0000000e+00
   0.0000000e+00   0.0000000e+00   0.0000000e+00
   0.0000000e+00   0.0000000e+00   0.0000000e+00
   0.0000000e+00   0.0000000e+00   0.0000000e+00
   0.0000000e+00   0.0000000e+00   0.0000000e+00
   0.0000000e+00   0.0000000e+00   0.0000000e+00
   0.0000000e+00   0.0000000e+00   0.0000000e+00
   0.0000000e+00   0.0000000e+00   0.0000000e+00
   0.0000000e+00   0.0000000e+00   0.0000000e+00
   0.0000000e+00   0.0000000e+00   0.0000000e+00
   0.0000000e+00   0.0000000e+00   0.0000000e+00
   0.0000000e+00   0.0000000e+00   0.0000000e+00
   0.0000000e+00   0.0000000e+00   0.0000000e+00
   0.0000000e+00   0.0000000e+00   0.0000000e+00
   0.0000000e+00   0.0000000e+00   0.0000000e+00
   0.0000000e+00   0.0000000e+00   0.0000000e+00
   0.0000000e+00   0.0000000e+00   0.0000000e+00
   0.0000000e+00   0.0000000e+00   0.0000000e+00
   0.0000000e+00   0.0000000e+00   0.0000000e+00
   0.0000000e+00   0.0000000e+00   0.0000000e+00
   0.0000000e+00   0.0000000e+00   0.0000000e+00
   0.0000000e+00   0.0000000e+00   0.0000000e+00
   0.0000000e+00   0.0000000e+00   0.0000000e+00
   0.0000000e+00   0.0000000e+00   0.0000000e+00
   0.0000000e+00   0.0000000e+00   0.0000000e+00
   0.0000000e+00   0.0000000e+00   0.0000000e+00
   0.0000000e+00   0.0000000e+00   0.0000000e+00
   0.0000000e+00   0.0000000e+00   0.0000000e+00
   0.0000000e+00   0.0000000e+00   0.0000000e+00
   0.0000000e+00   0.0000000e+00   0.0000000e+00
   0.0000000e+00   0.0000000e+00   0.0000000e+00
   0.0000000e+00   0.0000000e+00   0.0000000e+00
   0.0000000e+00   0.0000000e+00   0.0000000e+00
   0.0000000e+00   0.0000000e+00   0.0000000e+00
   0.0000000e+00   0.0000000e+00   0.0000000e+00
   0.0000000e+00   0.0000000e+00   0.0000000e+00
   0.0000000e+00   0.0000000e+00   0.0000000e+00
   0.0000000e+00   0.0000000e+00   0.0000000e+00
   0.0000000e+00   0.0000000e+00   0.0000000e+00
   0.0000000e+00   0.0000000e+00   0.0000000e+00
   0.0000000e+00   0.0000000e+00   0.0000000e+00
   0.0000000e+00   0.0000000e+00   0.0000000e+00
   0.0000000e+00   0.0000000e+00   0.0000000e+00
   0.0000000e+00   0.0000000e+00   0.0000000e+00
   0.0000000e+00   0.0000000e+00   0.0000000e+00
   0.0000000e+00   0.0000000e+00   0.0000000e+00
   0.0000000e+00   0.0000000e+00   0.0000000e+00
   0.0000000e+00   0.0000000e+00   0.0000000e+00
   0.0000000e+00   0.0000000e+00   0.0000000e+00
   0.0000000e+00   0.0000000e+00   0.0000000e+00
   0.0000000e+00   0.0000000e+00   0.0000000e+00
   0.0000000e+00   0.0000000e+00   0.0000000e+00
   0.0000000e+00   0.0000000e+00   0.0000000e+00
   0.0000000e+00   0.0000000e+00   0.0000000e+00
   0.0000000e+00   0.0000000e+00   0.0000000e+00
   0.0000000e+00   0.0000000e+00   0.0000000e+00
   0.0000000e+00   0.0000000e+00   0.0000000e+00
   0.0000000e+00   0.0000000e+00   0.0000000e+00
   0.0000000e+00   0.0000000e+00   0.0000000e+00
   0.0000000e+00   0.0000000e+00   0.0000000e+00
   0.0000000e+00   0.0000000e+00   0.0000000e+00
   0.0000000e+00   0.0000000e+00   0.0000000e+00
   0.0000000e+00   0.0000000e+00   0.0000000e+00
   0.0000000e+00   0.0000000e+00   0.0000000e+00
   0.0000000e+00   0.0000000e+00   0.0000000e+00
   0.0000000e+00   0.0000000e+00   0.0000000e+00
   0.0000000e+00   0.0000000e+00   0.0000000e+00
   0.0000000e+00   0.0000000e+00   0.0000000e+00
   0.0000000e+00   0.0000000e+00   0.0000000e+00
   0.0000000e+00   0.0000000e+00   0.0000000e+00
   0.0000000e+00   0.0000000e+00   0.0000000e+00
   0.0000000e+00   0.0000000e+00   0.0000000e+00
   0.0000000e+00   0.0000000e+00   0.0000000e+00
   0.0000000e+00   0.0000000e+00   0.0000000e+00
   0.0000000e+00   0.0000000e+00   0.0000000e+00
   0.0000000e+00   0.0000000e+00   0.0000000e+00
   0.0000000e+00   0.0000000e+00   0.0000000e+00
   0.0000000e+00   0.0000000e+00   0.0000000e+00
   0.0000000e+00   0.0000000e+00   0.0000000e+00
   0.0000000e+00   0.0000000e+00   0.0000000e+00
   0.0000000e+00   0.0000000e+00   0.0000000e+00
   0.0000000e+00   0.0000000e+00   0.0000000e+00
   0.0000000e+00   0.0000000e+00   0.0000000e+00
   0.0000000e+00   0.0000000e+00   0.0000000e+00
   0.0000000e+00   0.0000000e+00   0.0000000e+00
   0.0000000e+00   0.0000000e+00   0.0000000e+00
   0.0000000e+00   0.0000000e+00   0.0000000e+00
   0.0000000e+00   0.0000000e+00   0.0000000e+00
   0.0000000e+00   0.0000000e+00   0.0000000e+00
   0.0000000e+00   0.0000000e+00   0.0000000e+00
   0.0000000e+00   0.0000000e+00   0.0000000e+00
   0.0000000e+00   0.0000000e+00   0.0000000e+00
   0.0000000e+00   0.0000000e+00   0.0000000e+00
   0.0000000e+00   0.0000000e+00   0.0000000e+00
   0.0000000e+00   0.0000000e+00   0.0000000e+00
   0.0000000e+00   0.0000000e+00   0.0000000e+00
   0.0000000e+00   0.0000000e+00   0.0000000e+00
   0.0000000e+00   0.0000000e+00   0.0000000e+00
   0.0000000e+00   0.0000000e+00   0.0000000e+00
   0.0000000e+00   0.0000000e+00   0.0000000e+00
   0.0000000e+00   0.0000000e+00   0.0000000e+00
   0.0000000e+00   0.0000000e+00   0.0000000e+00
   0.0000000e+00   0.0000000e+00   0.0000000e+00
   0.0000000e+00   0.0000000e+00   0.0000000e+00
   0.0000000e+00   0.0000000e+00   0.0000000e+00
   0.0000000e+00   0.0000000e+00   0.0000000e+00
   0.0000000e+00   0.0000000e+00   0.0000000e+00
   0.0000000e+00   0.0000000e+00   0.0000000e+00
   0.0000000e+00   0.0000000e+00   0.0000000e+00
   0.0000000e+00   0.0000000e+00   0.0000000e+00
   0.0000000e+00   0.0000000e+00   0.0000000e+00
   0.0000000e+00   0.0000000e+00   0.0000000e+00
   0.0000000e+00   0.0000000e+00   0.0000000e+00
   0.0000000e+00   0.0000000e+00   0.0000000e+00
   0.0000000e+00   0.0000000e+00   0.0000000e+00
   0.0000000e+00   0.0000000e+00   0.0000000e+00
   0.0000000e+00   0.0000000e+00   0.0000000e+00
   0.0000000e+00   0.0000000e+00   0.0000000e+00
   0.0000000e+00   0.0000000e+00   0.0000000e+00
   0.0000000e+00   0.0000000e+00   0.0000000e+00
   0.0000000e+00   0.0000000e+00   0.0000000e+00
   0.0000000e+00   0.0000000e+00   0.0000000e+00
   0.0000000e+00   0.0000000e+00   0.0000000e+00
   0.0000000e+00   0.0000000e+00   0.0000000e+00
   0.0000000e+00   0.0000000e+00   0.0000000e+00
   0.0000000e+00   0.0000000e+00   0.0000000e+00
   0.0000000e+00   0.0000000e+00   0.0000000e+00
   0.0000000e+00   0.0000000e+00   0.0000000e+00
   0.0000000e+00   0.0000000e+00   0.0000000e+00
   0.0000000e+00   0.0000000e+00   0.0000000e+00
   0.0000000e+00   0.0000000e+00   0.0000000e+00
   0.0000000e+00   0.0000000e+00   0.0000000e+00
   0.0000000e+00   0.0000000e+00   0.0000000e+00
   0.0000000e+00   0.0000000e+00   0.0000000e+00
   0.0000000e+00   0.0000000e+00   0.0000000e+00
   0.0000000e+00   0.0000000e+00   0.0000000e+00
   0.0000000e+00   0.0000000e+00   0.0000000e+00
   0.0000000e+00   0.0000000e+00   0.0000000e+00
   0.0000000e+00   0.0000000e+00   0.0000000e+00
   0.0000000e+00   0.0000000e+00   0.0000000e+00
   0.0000000e+00   0.0000000e+00   0.0000000e+00
   0.0000000e+00   0.0000000e+00   0.0000000e+00
   0.0000000e+00   0.0000000e+00   0.0000000e+00
   0.0000000e+00   0.0000000e+00   0.0000000e+00
   0.0000000e+00   0.0000000e+00   0.0000000e+00
   0.0000000e+00   0.0000000e+00   0.0000000e+00
   0.0000000e+00   0.0000000e+00   0.0000000e+00
   0.0000000e+00   0.0000000e+00   0.0000000e+00
   0.0000000e+00   0.0000000e+00   0.0000000e+00
   0.0000000e+00   0.0000000e+00   0.0000000e+00
   0.0000000e+00   0.0000000e+00   0.0000000e+00
   0.0000000e+00   0.0000000e+00   0.0000000e+00
   0.0000000e+00   0.0000000e+00   0.0000000e+00
   0.0000000e+00   0.0000000e+00   0.0000000e+00
   0.0000000e+00   0.0000000e+00   0.0000000e+00
   0.0000000e+00   0.0000000e+00   0.0000000e+00
   0.0000000e+00   0.0000000e+00   0.0000000e+00
   0.0000000e+00   0.0000000e+00   0.0000000e+00
   0.0000000e+00   0.0000000e+00   0.0000000e+00
   0.0000000e+00   0.0000000e+00   0.0000000e+00
   0.0000000e+00   0.0000000e+00   0.0000000e+00
   0.0000000e+00   0.0000000e+00   0.0000000e+00
   0.0000000e+00   0.0000000e+00   0.0000000e+00
   0.0000000e+00   0.0000000e+00   0.0000000e+00
   0.0000000e+00   0.0000000e+00   0.0000000e+00
   0.0000000e+00   0.0000000e+00   0.0000000e+00
   0.0000000e+00   0.0000000e+00   0.0000000e+00
   0.0000000e+00   0.0000000e+00   0.0000000e+00
   0.0000000e+00   0.0000000e+00   0.0000000e+00
   0.0000000e+00   0.0000000e+00   0.0000000e+00
   0.0000000e+00   0.0000000e+00   0.0000000e+00
   0.0000000e+00   0.0000000e+00   0.0000000e+00
   0.0000000e+00   0.0000000e+00   0.0000000e+00
   0.0000000e+00   0.0000000e+00   0.0000000e+00
   0.0000000e+00   0.0000000e+00   0.0000000e+00
   0.0000000e+00   0.0000000e+00   0.0000000e+00
   0.0000000e+00   0.0000000e+00   0.0000000e+00
   0.0000000e+00   0.0000000e+00   0.0000000e+00
   0.0000000e+00   0.0000000e+00   0.0000000e+00
   0.0000000e+00   0.0000000e+00   0.0000000e+00
   0.0000000e+00   0.0000000e+00   0.0000000e+00
   0.0000000e+00   0.0000000e+00   0.0000000e+00
   0.0000000e+00   0.0000000e+00   0.0000000e+00
   0.0000000e+00   0.0000000e+00   0.0000000e+00
   0.0000000e+00   0.0000000e+00   0.0000000e+00
   0.0000000e+00   0.0000000e+00   0.0000000e+00
   0.0000000e+00   0.0000000e+00   0.0000000e+00
   0.0000000e+00   0.0000000e+00   0.0000000e+00
   0.0000000e+00   0.0000000e+00   0.0000000e+00
   0.0000000e+00   0.0000000e+00   0.0000000e+00
   0.0000000e+00   0.0000000e+00   0.0000000e+00
   0.0000000e+00   0.0000000e+00   0.0000000e+00
   0.0000000e+00   0.0000000e+00   0.0000000e+00
   0.0000000e+00   0.0000000e+00   0.0000000e+00
   0.0000000e+00   0.0000000e+00   0.0000000e+00
