   3.2603167e-04
   3.2848488e-04
   3.2982363e-04
   3.2982159e-04
   3.2847875e-04
   3.2602150e-04
   1.7956233e-05
   1.8026081e-05
   1.8183448e-05
   1.8427586e-05
   1.8764530e-05
   1.9205167e-05
   1.9763963e-05
   2.0457936e-05
   2.1305618e-05
   2.2325835e-05
   2.3536328e-05
   2.4952436e-05
   2.6586311e-05
   2.8447412e-05
   3.0545447e-05
   3.2898067e-05
   3.5549214e-05
   3.8616811e-05
   4.2460488e-05
   4.6437298e-05
   6.0841772e-05
   4.2460465e-05
   3.8616803e-05
   3.5549210e-05
   3.2898065e-05
   3.0545445e-05
   2.8447411e-05
   2.6586310e-05
   2.4952435e-05
   2.3536327e-05
   2.2325834e-05
   2.1305618e-05
   2.0457936e-05
   1.9763962e-05
   1.9205167e-05
   1.8764530e-05
   1.8427586e-05
   1.8183448e-05
   1.8026081e-05
   1.7956233e-05
   1.7913138e-05
   1.7981220e-05
   1.8135205e-05
   1.8374920e-05
   1.8706777e-05
   1.9141981e-05
   1.9695331e-05
   2.0384237e-05
   2.1227685e-05
   2.2244990e-05
   2.3454366e-05
   2.4871539e-05
   2.6508890e-05
   2.8375892e-05
   3.0482034e-05
   3.2844537e-05
   3.5506754e-05
   3.8585947e-05
   4.2441155e-05
   4.6425922e-05
   6.0839728e-05
   4.2441151e-05
   3.8585944e-05
   3.5506752e-05
   3.2844536e-05
   3.0482033e-05
   2.8375891e-05
   2.6508889e-05
   2.4871539e-05
   2.3454365e-05
   2.2244989e-05
   2.1227685e-05
   2.0384237e-05
   1.9695331e-05
   1.9141981e-05
   1.8706777e-05
   1.8374920e-05
   1.8135205e-05
   1.7981220e-05
   1.7913138e-05
   3.2254303e-04
   3.2252889e-04
   3.1805852e-04
   3.1804051e-04
   3.1259588e-04
   3.1257416e-04
   3.0615698e-04
   3.0613176e-04
   2.9872990e-04
   2.9870144e-04
   2.9028918e-04
   2.9025780e-04
   2.8079477e-04
   2.8076087e-04
   2.7018966e-04
   2.7015373e-04
   2.5839604e-04
   2.5835865e-04
   2.4530938e-04
   2.4527121e-04
   2.3078955e-04
   2.3075146e-04
   2.1464815e-04
   2.1461114e-04
   1.9663169e-04
   1.9659704e-04
   1.7640907e-04
   1.7637840e-04
   1.5361917e-04
   1.5359466e-04
   1.2836717e-04
   1.1063175e-04
   9.8133982e-05
   8.7300656e-05
   5.0306988e-05
   6.0839742e-05
   5.0306979e-05
   4.6425916e-05
   1.2835188e-04
   1.1062474e-04
   9.8132448e-05
   8.7300522e-05
   5.0314183e-05
   6.0841930e-05
   5.0314086e-05
   4.6437241e-05
