   1.0289931e+00
   1.0289931e+00
   1.5222653e+00
   1.5222653e+00
   1.0538922e+00
   1.0538922e+00
   1.7573676e+00
   1.7573676e+00
   1.8608291e+00
   1.8608291e+00
   1.6741858e+00
   1.6741858e+00
   2.3086075e+00
   2.3086103e+00
   2.3022050e+00
   2.3022049e+00
   9.8561786e-01
   9.8561837e-01
   9.8419842e-01
   9.8419840e-01
   1.3727868e+00
   1.3727872e+00
   1.3714235e+00
   1.3714235e+00
   1.0017121e+00
   1.0017124e+00
   1.0007848e+00
   1.0007848e+00
   9.3988247e-01
   9.3988266e-01
   9.3915727e-01
   9.3915723e-01
   1.3324158e+00
   1.3324159e+00
   1.3319862e+00
   1.3319861e+00
   1.5030892e+00
   1.5030893e+00
   1.5026892e+00
   1.5026892e+00
   1.5102273e+00
   1.5102274e+00
   1.5099829e+00
   1.5099829e+00
   1.1009910e+00
   1.1009911e+00
   1.1007610e+00
   1.1007610e+00
   1.2741494e+00
   1.2741495e+00
   1.2739732e+00
   1.2739732e+00
   1.2109419e+00
   1.2109419e+00
   1.2107723e+00
   1.2107723e+00
   1.3658716e+00
   1.3658717e+00
   1.3657347e+00
   1.3657347e+00
   1.1716692e+00
   1.1716692e+00
   1.1715803e+00
   1.1715803e+00
   0.0000000e+00
