   3.2603167e-04
   3.2848488e-04
   3.2982363e-04
   3.2982159e-04
   3.2847875e-04
   3.2602150e-04
  -0.0000000e+00
  -0.0000000e+00
  -0.0000000e+00
  -0.0000000e+00
  -0.0000000e+00
  -0.0000000e+00
  -0.0000000e+00
  -0.0000000e+00
  -0.0000000e+00
  -0.0000000e+00
  -0.0000000e+00
  -0.0000000e+00
  -0.0000000e+00
  -0.0000000e+00
  -0.0000000e+00
  -0.0000000e+00
  -0.0000000e+00
  -0.0000000e+00
  -0.0000000e+00
  -0.0000000e+00
  -0.0000000e+00
  -0.0000000e+00
  -0.0000000e+00
  -0.0000000e+00
  -0.0000000e+00
  -0.0000000e+00
  -0.0000000e+00
  -0.0000000e+00
  -0.0000000e+00
  -0.0000000e+00
  -0.0000000e+00
  -0.0000000e+00
  -0.0000000e+00
  -0.0000000e+00
  -0.0000000e+00
  -0.0000000e+00
  -0.0000000e+00
  -0.0000000e+00
  -0.0000000e+00
  -0.0000000e+00
  -0.0000000e+00
  -0.0000000e+00
  -0.0000000e+00
  -0.0000000e+00
  -0.0000000e+00
  -0.0000000e+00
  -0.0000000e+00
  -0.0000000e+00
  -0.0000000e+00
  -0.0000000e+00
  -0.0000000e+00
  -0.0000000e+00
  -0.0000000e+00
  -0.0000000e+00
  -0.0000000e+00
  -0.0000000e+00
  -0.0000000e+00
  -0.0000000e+00
  -0.0000000e+00
  -0.0000000e+00
  -0.0000000e+00
  -0.0000000e+00
  -0.0000000e+00
  -0.0000000e+00
  -0.0000000e+00
  -0.0000000e+00
  -0.0000000e+00
  -0.0000000e+00
  -0.0000000e+00
  -0.0000000e+00
  -0.0000000e+00
  -0.0000000e+00
  -0.0000000e+00
  -0.0000000e+00
  -0.0000000e+00
  -0.0000000e+00
  -0.0000000e+00
  -0.0000000e+00
  -0.0000000e+00
  -0.0000000e+00
   3.2254303e-04
   3.2252889e-04
   3.1805852e-04
   3.1804051e-04
   3.1259588e-04
   3.1257416e-04
   3.0615698e-04
   3.0613176e-04
   2.9872990e-04
   2.9870144e-04
   2.9028918e-04
   2.9025780e-04
   2.8079477e-04
   2.8076087e-04
   2.7018966e-04
   2.7015373e-04
   2.5839604e-04
   2.5835865e-04
   2.4530938e-04
   2.4527121e-04
   2.3078955e-04
   2.3075146e-04
   2.1464815e-04
   2.1461114e-04
   1.9663169e-04
   1.9659704e-04
   1.7640907e-04
   1.7637840e-04
   1.5361917e-04
   1.5359466e-04
   1.2836717e-04
   1.1063175e-04
   9.8133982e-05
   8.7300656e-05
  -0.0000000e+00
  -0.0000000e+00
  -0.0000000e+00
  -0.0000000e+00
   1.2835188e-04
   1.1062474e-04
   9.8132448e-05
   8.7300522e-05
  -0.0000000e+00
  -0.0000000e+00
  -0.0000000e+00
  -0.0000000e+00
