   1.4403216e-03
   1.4403513e-03
   1.4345101e-03
   1.4345997e-03
   1.4230121e-03
   1.4231633e-03
   1.4060361e-03
   1.4062517e-03
   1.3839859e-03
   1.3842701e-03
   1.3575904e-03
   1.3579486e-03
   1.3280768e-03
   1.3285156e-03
   1.2973125e-03
   1.2978388e-03
   1.2677030e-03
   1.2486615e-03
   1.2348636e-03
   1.2227936e-03
   1.2683207e-03
   1.2493401e-03
   1.2355847e-03
   1.2235498e-03
   5.4799706e-05
   4.6785700e-05
   3.7025187e-05
   2.2233039e-05
  -0.0000000e+00
  -0.0000000e+00
  -0.0000000e+00
   5.4773630e-05
   4.6763570e-05
   3.7007494e-05
   2.2221749e-05
  -0.0000000e+00
  -0.0000000e+00
  -0.0000000e+00
   5.4943911e-05
   4.6913589e-05
   3.7135078e-05
   2.2315604e-05
  -0.0000000e+00
  -0.0000000e+00
  -0.0000000e+00
   5.4946744e-05
   4.6918210e-05
   3.7141429e-05
   2.2323652e-05
  -0.0000000e+00
  -0.0000000e+00
  -0.0000000e+00
   3.5605807e-04
   3.5538006e-04
   3.5522099e-04
   3.5478012e-04
   3.3470498e-04
   3.3402646e-04
   3.3385687e-04
   3.3341328e-04
   3.1659819e-04
   3.1592313e-04
   3.1574586e-04
   3.1530275e-04
   2.9746212e-04
   2.9680007e-04
   2.9661278e-04
   2.9617723e-04
   2.7416093e-04
   2.7351788e-04
   2.7332170e-04
   2.7289723e-04
   2.5178371e-04
   2.5117957e-04
   2.5097042e-04
   2.5057177e-04
   2.2954070e-04
   2.2898193e-04
   2.2876228e-04
   2.2839462e-04
   2.0692955e-04
   2.0642102e-04
   2.0621137e-04
   2.0587861e-04
   1.8342723e-04
   1.8296200e-04
   1.8278960e-04
   1.8248402e-04
   1.6281392e-04
   1.6242103e-04
   1.6227962e-04
   1.6202612e-04
   1.4513838e-04
   1.4481004e-04
   1.4470958e-04
   1.4450236e-04
   1.2276950e-04
   1.2252579e-04
   1.2249612e-04
   1.2234978e-04
   9.7816507e-05
   7.8426084e-05
   5.9862044e-05
   3.9743867e-05
   9.7671671e-05
   7.8362915e-05
   5.9881475e-05
   3.9869078e-05
   9.7759470e-05
   7.8557248e-05
   6.0193655e-05
   4.0367615e-05
   9.7684230e-05
   7.8539015e-05
   6.0224907e-05
   4.0388201e-05
  -0.0000000e+00
  -0.0000000e+00
  -0.0000000e+00
  -0.0000000e+00
  -0.0000000e+00
  -0.0000000e+00
  -0.0000000e+00
  -0.0000000e+00
  -0.0000000e+00
  -0.0000000e+00
  -0.0000000e+00
  -0.0000000e+00
  -0.0000000e+00
  -0.0000000e+00
  -0.0000000e+00
  -0.0000000e+00
  -0.0000000e+00
  -0.0000000e+00
  -0.0000000e+00
  -0.0000000e+00
  -0.0000000e+00
  -0.0000000e+00
  -0.0000000e+00
  -0.0000000e+00
  -0.0000000e+00
  -0.0000000e+00
  -0.0000000e+00
  -0.0000000e+00
  -0.0000000e+00
  -0.0000000e+00
  -0.0000000e+00
  -0.0000000e+00
  -0.0000000e+00
  -0.0000000e+00
  -0.0000000e+00
  -0.0000000e+00
  -0.0000000e+00
  -0.0000000e+00
  -0.0000000e+00
  -0.0000000e+00
  -0.0000000e+00
  -0.0000000e+00
  -0.0000000e+00
  -0.0000000e+00
  -0.0000000e+00
  -0.0000000e+00
  -0.0000000e+00
  -0.0000000e+00
  -0.0000000e+00
  -0.0000000e+00
  -0.0000000e+00
  -0.0000000e+00
  -0.0000000e+00
  -0.0000000e+00
  -0.0000000e+00
  -0.0000000e+00
