   2.7824065e+01
   2.7825041e+01
   2.7826057e+01
   2.7826058e+01
   2.7825046e+01
   2.7824074e+01
   1.9161921e+01
   2.2778614e+01
   2.5094252e+01
   2.6558470e+01
   2.7289693e+01
   2.7816947e+01
   2.6557534e+01
   2.5092681e+01
   2.2776560e+01
   1.9159213e+01
   1.6072860e+01
   1.6266307e+01
   1.6619112e+01
   1.6937611e+01
   1.7214243e+01
   1.6186707e+01
   1.5409309e+01
   1.4750692e+01
   1.4274805e+01
   1.4029987e+01
   1.4041957e+01
   1.4308152e+01
   1.4798640e+01
   1.5463109e+01
   1.6238110e+01
   1.6793431e+01
   1.7283150e+01
   1.6703101e+01
   1.6376391e+01
   1.6197952e+01
   1.9147401e+01
   2.2775198e+01
   2.5093933e+01
   2.6558913e+01
   2.7290112e+01
   2.7816910e+01
   2.6558441e+01
   2.5093029e+01
   2.2773880e+01
   1.9145535e+01
   1.6361561e+01
   1.6527565e+01
   1.6832213e+01
   1.7109380e+01
   1.7350536e+01
   1.6426760e+01
   1.5733724e+01
   1.5150235e+01
   1.4729924e+01
   1.4512665e+01
   1.4519841e+01
   1.4750098e+01
   1.5179817e+01
   1.5768053e+01
   1.6461408e+01
   1.6961915e+01
   1.7406290e+01
   1.6883741e+01
   1.6592809e+01
   1.6434711e+01
   2.7823118e+01
   2.7823131e+01
   2.7822192e+01
   2.7822209e+01
   2.7821281e+01
   2.7821301e+01
   2.7820379e+01
   2.7820403e+01
   2.7819484e+01
   2.7819512e+01
   2.7818597e+01
   2.7818024e+01
   2.7817731e+01
   2.7817438e+01
   2.7575032e+01
   2.7816910e+01
   2.7574940e+01
   2.7289911e+01
   2.7818629e+01
   2.7818057e+01
   2.7817766e+01
   2.7817473e+01
   2.7574808e+01
   2.7816948e+01
   2.7574579e+01
   2.7289230e+01
   1.9103093e+01
   1.9100054e+01
   1.9088069e+01
   1.9085986e+01
   1.9090821e+01
   1.9087720e+01
   1.9075723e+01
   1.9073601e+01
   1.9081303e+01
   1.9078156e+01
   1.9066157e+01
   1.9064008e+01
   1.9070442e+01
   1.9067247e+01
   1.9055260e+01
   1.9053082e+01
   1.9050607e+01
   1.9047336e+01
   1.9035393e+01
   1.9033169e+01
   1.9028656e+01
   1.9025342e+01
   1.9013518e+01
   1.9011272e+01
   1.8999734e+01
   1.8996394e+01
   1.8984772e+01
   1.8982518e+01
   1.8966998e+01
   1.8963720e+01
   1.8952477e+01
   1.8950282e+01
   1.8920390e+01
   1.8917265e+01
   1.8906692e+01
   1.8904635e+01
   1.8865567e+01
   1.8862824e+01
   1.8853403e+01
   1.8851658e+01
   1.8814954e+01
   1.8812688e+01
   1.8804540e+01
   1.8803190e+01
   1.8701579e+01
   1.8700701e+01
   1.8695992e+01
   1.8695823e+01
   1.8550134e+01
   1.8390681e+01
   1.8128782e+01
   1.7497760e+01
   1.7097621e+01
   1.7240869e+01
   1.6997001e+01
   1.6747866e+01
   1.8551947e+01
   1.8395983e+01
   1.8140874e+01
   1.7529909e+01
   1.7039749e+01
   1.7254452e+01
   1.7148967e+01
   1.6999517e+01
   1.8553581e+01
   1.8405788e+01
   1.8166631e+01
   1.7603398e+01
   1.7249503e+01
   1.7375661e+01
   1.7154020e+01
   1.6929521e+01
   1.8555879e+01
   1.8411361e+01
   1.8178462e+01
   1.7630763e+01
   1.7185151e+01
   1.7380131e+01
   1.7284381e+01
   1.7149565e+01
