0.045000  1  0.000045	
0.090000  1  0.000089	
0.135000  1  0.000132	
0.180000  1  0.000171	
0.225000  1  0.000205	
0.270000  1  0.000230	
0.315000  1  0.000247	
0.360000  1  0.000258	
0.405000  1  0.000263	
0.450000  1  0.000265	
0.495000  1  0.000268	
0.540000  1  0.000271	
0.585000  1  0.000276	
0.630000  1  0.000282	
0.675000  1  0.000289	
0.720000  1  0.000295	
0.765000  1  0.000300	
0.810000  1  0.000305	
0.855000  1  0.000308	
0.900000  1  0.000312	
1.001250  1  0.000319	
1.229063  1  0.000337	
1.380938  1  0.000349	
1.722656  1  0.000373	
1.950469  1  0.000388	
2.463047  1  0.000417	
2.690859  1  0.000431	
3.203438  1  0.000457	
3.292326  1  0.000462	
3.742326  1  0.000482	
4.042326  1  0.000495	
4.492326  1  0.000513	
4.719467  1  0.000523	
5.103295  1  0.000539	
5.597604  1  0.000559	
6.095694  1  0.000580	
