0.030000  0.800000
0.060000  0.800000
0.090000  0.800000
0.120000  0.800000
0.150000  0.800000
0.180000  0.800000
0.210000  0.800000
0.240000  0.800000
0.270000  0.800000
0.300000  0.800000
0.330000  0.800000
0.360000  0.800000
0.390000  0.800000
0.420000  0.800000
0.450000  0.800000
0.480000  0.800000
0.510000  0.800000
0.540000  0.800000
0.570000  0.800000
0.600000  0.800000
0.630000  0.800000
0.660000  0.800000
0.690000  0.800000
1.031719  0.800000
1.061719  0.800000
1.091719  0.800000
1.121719  0.800000
1.151719  0.800000
1.181719  0.800000
1.211719  0.800000
1.241719  0.800000
1.271719  0.800000
1.301719  0.800000
1.331719  0.800000
1.361719  0.800000
1.391719  0.800000
1.421719  0.800000
1.451719  0.800000
1.481719  0.800000
1.511719  0.800000
1.541719  0.800000
1.571719  0.800000
1.601719  0.800000
1.631719  0.800000
1.661719  0.800000
1.691719  0.800000
1.721719  0.800000
1.751719  0.800000
1.781719  0.800000
1.811719  0.800000
1.841719  0.800000
1.871719  0.800000
1.901719  0.800000
1.931719  0.800000
1.961719  0.800000
1.991719  0.800000
2.021719  0.800000
2.051719  0.800000
2.081719  0.800000
2.111719  0.800000
2.141719  0.800000
2.171719  0.800000
2.201719  0.800000
2.231719  0.800000
2.261719  0.800000
2.291719  0.800000
2.321719  0.800000
2.351719  0.800000
2.381719  0.800000
2.411719  0.800000
2.441719  0.800000
2.471719  0.800000
2.501719  0.800000
2.531719  0.800000
2.551719  1.600000
2.581719  1.600000
2.626719  1.600000
2.694219  1.600000
2.795469  1.600000
2.947344  1.600000
3.175156  1.600000
3.516875  1.600000
4.029453  2.400000
4.798320  2.400000
5.951621  3.200000
7.681572  4.000000
9.411523  4.800000
12.006450  5.600000
14.006450  6.400000
17.006450  7.200000
20.006450  8.000000
23.006450  8.800000
26.006450  9.600000
29.006450  10.400000
32.006450  11.200000
35.006450  12.226080
39.506450  14.634428
40.165599  17.442777
41.631915  17.442777
44.028111  18.058583
48.528111  20.448555
49.134520  21.251338
50.620646  23.242981
53.146670  23.242981
55.726108  25.764975
58.375998  25.764975
61.191406  28.146575
64.244941  28.146575
67.465567  29.435310
70.865512  29.835310
74.501482  31.816910
78.379179  36.396106
82.540348  36.396106
86.887377  37.071436
109.668627  45.364804
110.747574  45.564804
113.376132  45.964804
116.095310  45.964804
120.275079  49.368585
124.237380  51.725838
124.995539  51.725838
126.836127  55.337012
129.759504  55.337012
132.466767  55.337012
134.926126  60.354352
137.198829  60.554352
139.278732  60.554352
141.309420  61.275121
143.257875  61.642884
145.153810  61.642884
146.950338  65.414732
148.749516  67.302326
