   9.3837321e-01
   9.3837321e-01
   1.0249007e+00
   1.0249007e+00
   1.5377377e+00
   1.5377377e+00
   1.3096230e+00
   1.3096230e+00
   9.4822147e-01
   9.4822147e-01
   1.4681785e+00
   1.4681785e+00
   9.9088808e-01
   9.9088808e-01
   1.5114692e+00
   1.5114692e+00
   1.6719576e+00
   1.6719576e+00
   1.7035029e+00
   1.7035029e+00
   1.6638476e+00
   1.6638476e+00
   1.5788780e+00
   1.5788780e+00
   1.4634270e+00
   1.4634270e+00
   1.3271278e+00
   1.3271278e+00
   2.4978605e+00
   2.4150053e+00
   1.0747366e+00
   1.4586854e+00
   9.7575469e-01
   9.7962577e-01
   1.5668447e+00
   9.5993442e-01
   0.0000000e+00
