0.030000  1  0.000015	
0.060000  1  0.000030	
0.090000  1  0.000045	
0.120000  1  0.000060	
0.150000  1  0.000075	
0.180000  1  0.000089	
0.210000  1  0.000104	
0.240000  1  0.000119	
0.270000  1  0.000134	
0.300000  1  0.000148	
0.330000  1  0.000163	
0.360000  1  0.000177	
0.390000  1  0.000192	
0.420000  1  0.000206	
0.450000  1  0.000219	
0.480000  1  0.000233	
0.510000  1  0.000246	
0.540000  1  0.000258	
0.570000  1  0.000270	
0.600000  1  0.000282	
0.630000  1  0.000293	
0.660000  1  0.000303	
0.690000  1  0.000313	
1.031719  1  0.000358	
1.061719  1  0.000362	
1.091719  1  0.000364	
1.121719  1  0.000367	
1.151719  1  0.000369	
1.181719  1  0.000371	
1.211719  1  0.000372	
1.241719  1  0.000373	
1.271719  1  0.000374	
1.301719  1  0.000375	
1.331719  1  0.000376	
1.361719  1  0.000377	
1.391719  1  0.000378	
1.421719  1  0.000379	
1.451719  1  0.000380	
1.481719  1  0.000381	
1.511719  1  0.000382	
1.541719  1  0.000384	
1.571719  1  0.000385	
1.601719  1  0.000387	
1.631719  1  0.000389	
1.661719  1  0.000391	
1.691719  1  0.000393	
1.721719  1  0.000396	
1.751719  1  0.000398	
1.781719  1  0.000400	
1.811719  1  0.000403	
1.841719  1  0.000405	
1.871719  1  0.000407	
1.901719  1  0.000410	
1.931719  1  0.000412	
1.961719  1  0.000414	
1.991719  1  0.000417	
2.021719  1  0.000419	
2.051719  1  0.000421	
2.081719  1  0.000423	
2.111719  1  0.000425	
2.141719  1  0.000427	
2.171719  1  0.000428	
2.201719  1  0.000430	
2.231719  1  0.000432	
2.261719  1  0.000433	
2.291719  1  0.000434	
2.321719  1  0.000436	
2.351719  1  0.000437	
2.381719  1  0.000438	
2.411719  1  0.000439	
2.441719  1  0.000440	
2.471719  1  0.000441	
2.501719  1  0.000442	
2.531719  1  0.000443	
2.551719  1  0.000443	
2.581719  1  0.000444	
2.626719  1  0.000446	
2.694219  1  0.000448	
2.795469  1  0.000451	
2.947344  1  0.000458	
3.175156  1  0.000469	
3.516875  1  0.000484	
4.029453  1  0.000502	
4.798320  1  0.000528	
5.951621  1  0.000564	
7.681572  1  0.000611	
9.411523  1  0.000652	
12.006450  1  0.000707	
14.006450  1  0.000746	
17.006450  1  0.000796	
20.006450  1  0.000844	
23.006450  1  0.000887	
26.006450  1  0.000926	
29.006450  1  0.000960	
32.006450  1  0.000991	
35.006450  1  0.001020	
39.506450  1  0.001058	
40.165599  1  0.001063	
41.631915  1  0.001078	
44.028111  1  0.001102	
48.528111  1  0.001150	
49.134520  1  0.001156	
50.620646  1  0.001173	
53.146670  1  0.001205	
55.726108  1  0.001243	
58.375998  1  0.001284	
61.191406  1  0.001327	
64.244941  1  0.001377	
67.465567  1  0.001434	
70.865512  1  0.001494	
74.501482  1  0.001562	
78.379179  1  0.001636	
82.540348  1  0.001712	
86.887377  1  0.001783	
109.668627  1  0.002229	
110.747574  1  0.002221	
113.376132  1  0.002254	
116.095310  1  0.002296	
120.275079  1  0.002369	
124.237380  1  0.002440	
124.995539  1  0.002446	
126.836127  1  0.002476	
129.759504  1  0.002529	
132.466767  1  0.002578	
134.926126  1  0.002620	
137.198829  1  0.002662	
139.278732  1  0.002693	
141.309420  1  0.002724	
143.257875  1  0.002756	
145.153810  1  0.002782	
146.950338  1  0.002805	
148.749516  1  0.002832	
