0.030000  1  0.013250	
0.060000  1  0.013250	
0.090000  1  0.013250	
0.120000  1  0.013250	
0.150000  1  0.013250	
0.180000  1  0.013250	
0.210000  1  0.013250	
0.240000  1  0.013250	
0.270000  1  0.013250	
0.300000  1  0.013250	
0.330000  1  0.013250	
0.360000  1  0.013250	
0.390000  1  0.013250	
0.420000  1  0.013250	
0.450000  1  0.013250	
0.480000  1  0.013250	
0.510000  1  0.013250	
0.540000  1  0.013250	
0.570000  1  0.013250	
0.600000  1  0.013250	
0.630000  1  0.013250	
0.660000  1  0.013250	
0.690000  1  0.013250	
1.031719  1  0.013250	
1.061719  1  0.013250	
1.091719  1  0.013250	
1.121719  1  0.013250	
1.151719  1  0.013250	
1.181719  1  0.013250	
1.211719  1  0.013250	
1.241719  1  0.013250	
1.271719  1  0.013250	
1.301719  1  0.013250	
1.331719  1  0.013250	
1.361719  1  0.013250	
1.391719  1  0.013250	
1.421719  1  0.013250	
1.451719  1  0.013250	
1.481719  1  0.013250	
1.511719  1  0.013250	
1.541719  1  0.013250	
1.571719  1  0.013250	
1.601719  1  0.013250	
1.631719  1  0.013250	
1.661719  1  0.013250	
1.691719  1  0.013250	
1.721719  1  0.013250	
1.751719  1  0.013250	
1.781719  1  0.013250	
1.811719  1  0.013250	
1.841719  1  0.013250	
1.871719  1  0.013250	
1.901719  1  0.013250	
1.931719  1  0.013250	
1.961719  1  0.013250	
1.991719  1  0.013250	
2.021719  1  0.013250	
2.051719  1  0.013250	
2.081719  1  0.013250	
2.111719  1  0.013250	
2.141719  1  0.013250	
2.171719  1  0.013250	
2.201719  1  0.013250	
2.231719  1  0.013250	
2.261719  1  0.013250	
2.291719  1  0.013250	
2.321719  1  0.013250	
2.351719  1  0.013250	
2.381719  1  0.013250	
2.411719  1  0.013250	
2.441719  1  0.013250	
2.471719  1  0.013250	
2.501719  1  0.013250	
2.531719  1  0.013250	
2.551719  1  0.013250	
2.581719  1  0.013250	
2.626719  1  0.013250	
2.694219  1  0.013250	
2.795469  1  0.013250	
2.947344  1  0.013250	
3.175156  1  0.013250	
3.516875  1  0.013250	
4.029453  1  0.013250	
4.798320  1  0.013250	
5.951621  1  0.013250	
7.681572  1  0.013250	
9.411523  1  0.013250	
12.006450  1  0.013250	
14.006450  1  0.013250	
17.006450  1  0.013250	
20.006450  1  0.013250	
23.006450  1  0.013250	
26.006450  1  0.013250	
29.006450  1  0.013250	
32.006450  1  0.013250	
35.006450  1  0.013250	
39.506450  1  0.013250	
40.165599  1  0.013250	
41.631915  1  0.013250	
44.028111  1  0.013250	
48.528111  1  0.013250	
49.134520  1  0.013250	
50.620646  1  0.013250	
53.146670  1  0.013250	
55.726108  1  0.013250	
58.375998  1  0.013250	
61.191406  1  0.013250	
64.244941  1  0.013250	
67.465567  1  0.013250	
70.865512  1  0.013250	
74.501482  1  0.013250	
78.379179  1  0.013250	
82.540348  1  0.013250	
86.887377  1  0.013250	
109.668627  1  0.013250	
110.747574  1  0.013250	
113.376132  1  0.013250	
116.095310  1  0.013250	
120.275079  1  0.013250	
124.237380  1  0.013250	
124.995539  1  0.013250	
126.836127  1  0.013250	
129.759504  1  0.013250	
132.466767  1  0.013250	
134.926126  1  0.013250	
137.198829  1  0.013250	
139.278732  1  0.013250	
141.309420  1  0.013250	
143.257875  1  0.013250	
145.153810  1  0.013250	
146.950338  1  0.013250	
148.749516  1  0.013250	
