0.030000  1  67.619212	
0.060000  1  68.263180	
0.090000  1  68.394744	
0.120000  1  68.526251	
0.150000  1  68.657639	
0.180000  1  68.788813	
0.210000  1  68.919638	
0.240000  1  69.049930	
0.270000  1  69.179453	
0.300000  1  69.307912	
0.330000  1  69.434950	
0.360000  1  69.560157	
0.390000  1  69.683047	
0.420000  1  69.803081	
0.450000  1  69.919666	
0.480000  1  70.032168	
0.510000  1  70.139926	
0.540000  1  70.242265	
0.570000  1  70.338515	
0.600000  1  70.428039	
0.630000  1  70.510234	
0.660000  1  70.584522	
0.690000  1  70.650440	
1.031719  1  70.578167	
1.061719  1  70.564895	
1.091719  1  70.545261	
1.121719  1  70.519994	
1.151719  1  70.489826	
1.181719  1  70.455518	
1.211719  1  70.417846	
1.241719  1  70.377592	
1.271719  1  70.335528	
1.301719  1  70.292404	
1.331719  1  70.248936	
1.361719  1  70.205791	
1.391719  1  70.163577	
1.421719  1  70.122832	
1.451719  1  70.084010	
1.481719  1  70.047482	
1.511719  1  70.013524	
1.541719  1  69.982322	
1.571719  1  69.953973	
1.601719  1  69.928489	
1.631719  1  69.905818	
1.661719  1  69.885844	
1.691719  1  69.868395	
1.721719  1  69.853260	
1.751719  1  69.840203	
1.781719  1  69.828973	
1.811719  1  69.819316	
1.841719  1  69.810980	
1.871719  1  69.803724	
1.901719  1  69.797325	
1.931719  1  69.791576	
1.961719  1  69.786290	
1.991719  1  69.781302	
2.021719  1  69.776469	
2.051719  1  69.771665	
2.081719  1  69.766784	
2.111719  1  69.761737	
2.141719  1  69.756450	
2.171719  1  69.750863	
2.201719  1  69.744929	
2.231719  1  69.738611	
2.261719  1  69.731883	
2.291719  1  69.724725	
2.321719  1  69.717130	
2.351719  1  69.709096	
2.381719  1  69.700627	
2.411719  1  69.691736	
2.441719  1  69.682442	
2.471719  1  69.672770	
2.501719  1  69.662751	
2.531719  1  69.652424	
2.551719  1  69.645409	
2.581719  1  69.634848	
2.626719  1  69.619623	
2.694219  1  69.597045	
2.795469  1  69.566079	
2.947344  1  69.528555	
3.175156  1  69.490432	
3.516875  1  69.449578	
4.029453  1  69.380120	
4.798320  1  69.297379	
5.951621  1  69.203086	
7.681572  1  69.107955	
9.411523  1  69.040684	
12.006450  1  68.963622	
14.006450  1  68.924784	
17.006450  1  68.874621	
20.006450  1  68.839724	
23.006450  1  68.813660	
26.006450  1  68.792630	
29.006450  1  68.775263	
32.006450  1  68.760978	
35.006450  1  68.749430	
39.506450  1  68.731862	
40.165599  1  68.737023	
41.631915  1  68.741627	
44.028111  1  68.744768	
48.528111  1  68.741200	
49.134520  1  68.751427	
50.620646  1  68.762698	
53.146670  1  68.777488	
55.726108  1  68.797675	
58.375998  1  68.812604	
61.191406  1  68.840166	
64.244941  1  68.860637	
67.465567  1  68.898344	
70.865512  1  68.928464	
74.501482  1  68.975733	
78.379179  1  69.029651	
82.540348  1  69.085728	
86.887377  1  69.136884	
109.668627  1  69.404257	
110.747574  1  69.409183	
113.376132  1  69.439405	
116.095310  1  69.478951	
120.275079  1  69.541243	
124.237380  1  69.584171	
124.995539  1  69.605078	
126.836127  1  69.642040	
129.759504  1  69.675841	
132.466767  1  69.726706	
134.926126  1  69.754191	
137.198829  1  69.781209	
139.278732  1  69.820698	
141.309420  1  69.860607	
143.257875  1  69.881233	
145.153810  1  69.917642	
146.950338  1  69.951508	
148.749516  1  69.968739	
