0.101250  0.400000
0.329063  0.400000
0.374063  0.400000
0.419063  0.400000
0.464062  0.400000
0.509062  0.400000
0.554063  0.400000
0.599063  0.400000
0.644063  0.400000
0.689063  0.400000
0.734063  0.400000
0.779063  0.400000
0.824063  0.400000
0.869063  0.400000
0.899063  0.800000
0.966563  0.800000
1.118438  0.800000
1.460156  1.200000
1.972734  1.600000
2.485313  1.600000
2.713125  2.000000
3.225703  2.000000
3.453516  2.400000
3.966094  2.400000
4.193906  2.800000
4.706484  2.800000
4.934297  2.800000
5.035547  3.200000
5.263359  3.200000
5.775938  3.200000
6.003750  3.600000
6.516328  3.600000
6.858047  4.000000
7.626914  4.000000
7.968633  4.400000
8.737500  4.400000
9.079219  4.800000
9.848086  4.800000
10.189805  5.200000
10.958672  5.200000
11.300391  5.600000
12.069258  5.600000
12.410977  6.000000
13.179844  6.000000
13.521563  6.400000
14.290430  6.400000
14.632148  6.800000
15.401016  6.800000
15.913594  7.200000
17.066895  7.200000
17.579473  7.600000
18.732773  8.000000
19.886074  8.400000
21.039375  8.400000
21.551953  8.800000
22.705254  9.200000
23.858555  9.200000
24.371133  9.600000
25.524434  9.600000
26.037012  10.000000
27.190313  10.400000
28.343613  10.400000
28.856191  10.800000
30.009492  10.800000
30.522070  11.200000
31.675371  11.200000
32.187949  11.600000
33.341250  11.600000
33.853828  12.000000
35.007129  12.000000
35.519707  12.400000
36.673008  12.400000
37.185586  13.026080
41.077976  15.033037
41.462530  17.239994
42.084333  17.439994
42.964243  18.844864
44.135603  19.044864
45.445628  19.661369
48.393185  21.852177
48.752549  23.246328
49.345059  23.246328
50.201248  24.968593
51.346879  24.968593
52.542670  26.355712
53.744934  27.753938
54.963990  27.753938
56.204503  27.753938
57.473207  29.141058
58.779752  30.037338
60.130374  30.237338
61.515244  32.984530
62.946161  34.371650
64.412911  34.371650
65.913507  34.371650
67.450269  34.371650
69.046122  37.415552
70.693523  37.615552
72.398841  39.469678
74.147822  39.469678
75.940069  42.201297
77.795485  42.494533
79.699357  45.188076
81.668309  45.910138
83.685029  47.077755
85.692688  47.077755
87.754787  49.613322
89.836411  51.359247
92.056057  51.359247
94.331041  51.359247
96.643630  51.659247
106.768630  53.026125
109.203550  53.126125
111.741693  53.126125
114.309358  53.126125
116.835151  53.490699
129.649604  55.057577
134.775385  55.257577
136.164598  55.257577
137.902611  55.257577
139.560343  55.257577
141.174770  55.257577
142.025991  55.257577
142.851632  55.257577
143.735722  55.257577
145.391192  55.257577
146.950728  55.257577
147.548903  55.257577
149.028034  55.257577
149.925830  57.418392
149.997976  57.418392
150.162931  57.418392
150.727924  59.972081
