   1.1773144e-03
   1.1778305e-03
   1.1705946e-03
   1.1721203e-03
   1.1590636e-03
   1.1615235e-03
   1.1433726e-03
   1.1466306e-03
   1.1237545e-03
   1.1276042e-03
   1.1003469e-03
   1.1044975e-03
   1.0731964e-03
   1.0772539e-03
   1.0422724e-03
   1.0457128e-03
   1.0074746e-03
   1.0096056e-03
   9.6863309e-04
   9.6853839e-04
   9.2550283e-04
   9.2195900e-04
   8.7775025e-04
   8.6909697e-04
   8.2492842e-04
   8.0885752e-04
   7.6643504e-04
   7.3962691e-04
   7.0144017e-04
   6.5889627e-04
   6.2875851e-04
   5.6253476e-04
   5.4661967e-04
   4.4452198e-04
   3.6105177e-04
   3.1493166e-04
   6.7228544e-05
   5.7085661e-05
   5.4342056e-05
   4.9964611e-05
   4.5027646e-05
   4.2302671e-05
   8.5242723e-05
   5.8891119e-05
   5.4185665e-05
   4.7535680e-05
   3.9173368e-05
   3.1938727e-05
   2.6095488e-05
   4.5247235e-04
   2.1742068e-05
   1.8766753e-05
   1.6897075e-05
   1.5834138e-05
   1.5358698e-05
   3.3967042e-04
   2.4084601e-04
   1.5420807e-04
   0.0000000e+00
   0.0000000e+00
   0.0000000e+00
   0.0000000e+00
   0.0000000e+00
   0.0000000e+00
   0.0000000e+00
   0.0000000e+00
   0.0000000e+00
   0.0000000e+00
   0.0000000e+00
   0.0000000e+00
