   9.3837321e-01
   9.3837321e-01
   1.0249007e+00
   1.0249007e+00
   1.5377349e+00
   1.5377349e+00
   1.3096267e+00
   1.3096267e+00
   9.4822600e-01
   9.4822600e-01
   1.4681719e+00
   1.4681719e+00
   9.9088779e-01
   9.9088779e-01
   1.5114682e+00
   1.5114682e+00
   1.6719595e+00
   1.6719595e+00
   1.7035024e+00
   1.7035024e+00
   1.6638467e+00
   1.6638467e+00
   1.5788766e+00
   1.5788766e+00
   1.4634250e+00
   1.4634250e+00
   1.3271245e+00
   1.3271245e+00
   2.4978580e+00
   2.4169540e+00
   2.4004924e+00
   0.0000000e+00
