   5.7453034e-03
   5.7411962e-03
   5.7363810e-03
   5.7240607e-03
   5.7145147e-03
   5.6939867e-03
   5.6801794e-03
   5.6514585e-03
   5.6327372e-03
   5.5958554e-03
   5.5714838e-03
   5.5265041e-03
   5.4954717e-03
   5.4425095e-03
   5.4034738e-03
   5.3427292e-03
   5.2939466e-03
   5.2257534e-03
   5.1649738e-03
   5.0898736e-03
   5.0141745e-03
   4.9330316e-03
   4.8385557e-03
   4.7527439e-03
   4.6342744e-03
   4.5460060e-03
   4.3962458e-03
   4.3092568e-03
   4.1174695e-03
   4.0388143e-03
   3.7877994e-03
   3.7335219e-03
   3.3915439e-03
   3.4037804e-03
   3.1909480e-03
   3.0603529e-03
   4.4024838e-04
   3.4912929e-04
   2.3520662e-04
  -0.0000000e+00
  -0.0000000e+00
  -0.0000000e+00
   7.9778614e-04
   7.2632489e-04
   6.4346281e-04
   5.0554906e-04
  -0.0000000e+00
  -0.0000000e+00
  -0.0000000e+00
   2.9033510e-03
  -0.0000000e+00
  -0.0000000e+00
  -0.0000000e+00
  -0.0000000e+00
  -0.0000000e+00
   2.2639353e-03
   1.6288705e-03
   1.0550632e-03
   5.6221046e-04
   2.6432397e-05
  -0.0000000e+00
  -0.0000000e+00
  -0.0000000e+00
  -0.0000000e+00
  -0.0000000e+00
  -0.0000000e+00
  -0.0000000e+00
  -0.0000000e+00
  -0.0000000e+00
  -0.0000000e+00
  -0.0000000e+00
  -0.0000000e+00
