  -3.6555720e-07
  -3.9168277e-07
  -3.4094670e-07
  -4.1941617e-07
  -3.1777529e-07
  -4.4886535e-07
  -2.9600753e-07
  -4.8016987e-07
  -2.7554407e-07
  -5.1339880e-07
  -2.5629383e-07
  -5.4860240e-07
  -2.3816254e-07
  -5.8577206e-07
  -2.2105144e-07
  -6.2478287e-07
  -2.0485687e-07
  -6.6528395e-07
  -1.8946979e-07
  -7.0647972e-07
  -1.7477455e-07
  -7.4667440e-07
  -1.6064652e-07
  -7.8226899e-07
  -1.4694777e-07
  -8.0538705e-07
  -1.3351980e-07
  -7.9771855e-07
  -1.2017130e-07
  -7.1272028e-07
  -1.0665863e-07
  -4.1908524e-07
  -9.2664419e-08
   4.2452824e-07
   4.6802752e-07
   7.2195122e-07
  -1.1704877e-04
  -7.4842041e-05
  -1.0017580e-14
   1.7341456e-14
  -2.0004829e-14
   1.1473852e-14
   1.4205934e-04
   9.3637871e-05
   0.0000000e+00
   2.2158142e-15
   0.0000000e+00
  -6.8427973e-15
   4.3197638e-15
  -7.7989888e-08
  -6.9464406e-16
   0.0000000e+00
   0.0000000e+00
   0.0000000e+00
   0.0000000e+00
  -6.0782947e-08
  -4.3479910e-08
  -2.8027364e-08
   0.0000000e+00
   0.0000000e+00
   0.0000000e+00
   0.0000000e+00
   0.0000000e+00
   0.0000000e+00
   0.0000000e+00
   0.0000000e+00
   0.0000000e+00
   0.0000000e+00
   0.0000000e+00
   0.0000000e+00
