   5.0000000e+01
   5.0000000e+01
   5.0000000e+01
   5.0000000e+01
   5.0000000e+01
   5.0000000e+01
   5.0000000e+01
   5.0000000e+01
   5.0000000e+01
   5.0000000e+01
   5.0000000e+01
   5.0000000e+01
   5.0000000e+01
   5.0000000e+01
   5.0000000e+01
   5.0000000e+01
   5.0000000e+01
   5.0000000e+01
   5.0000000e+01
   5.0000000e+01
   5.0000000e+01
   5.0000000e+01
   5.0000000e+01
   5.0000000e+01
   5.0000000e+01
   5.0000000e+01
   5.0000000e+01
   5.0000000e+01
   5.0000000e+01
   5.0000000e+01
   5.0000000e+01
   5.0000000e+01
   5.0000000e+01
   5.0000000e+01
   5.0000000e+01
   5.0000000e+01
   4.9870520e+01
   4.9611561e+01
   4.9352602e+01
   4.8823258e+01
   4.8023530e+01
   4.7223802e+01
   5.0137096e+01
   5.0411289e+01
   5.0685482e+01
   5.1222442e+01
   5.2022170e+01
   5.2821898e+01
   5.3621626e+01
   5.0000000e+01
   5.4421354e+01
   5.5221082e+01
   5.6020810e+01
   5.6820538e+01
   5.7620266e+01
   4.9999909e+01
   4.9999793e+01
   4.9999744e+01
   4.6658244e+01
   5.8185824e+01
   4.9908817e+01
   4.9727013e+01
   4.9545208e+01
   4.9057493e+01
   4.8263867e+01
   5.0173359e+01
   5.0520638e+01
   5.0867918e+01
   5.1438370e+01
   5.2231996e+01
   5.3025622e+01
   5.3819248e+01
