   9.9600000e+01
   1.0040000e+02
   9.8800000e+01
   1.0120000e+02
   9.8000000e+01
   1.0200000e+02
   9.7200000e+01
   1.0280000e+02
   9.6400000e+01
   1.0360000e+02
   9.5600000e+01
   1.0440000e+02
   9.4800000e+01
   1.0520000e+02
   9.4000000e+01
   1.0600000e+02
   9.3200000e+01
   1.0680000e+02
   9.2400000e+01
   1.0760000e+02
   9.1600000e+01
   1.0840000e+02
   9.0800000e+01
   1.0920000e+02
   9.0000000e+01
   1.1000000e+02
   8.9200000e+01
   1.1080000e+02
   8.8400000e+01
   1.1160000e+02
   8.7600000e+01
   1.1240000e+02
   8.6800000e+01
   1.1320000e+02
   1.1371304e+02
   1.1393912e+02
   1.1404083e+02
   1.1401818e+02
   1.1399552e+02
   1.1394921e+02
   1.1387924e+02
   1.1380927e+02
   1.1406415e+02
   1.1408814e+02
   1.1411213e+02
   1.1415911e+02
   1.1422908e+02
   1.1429904e+02
   1.1436901e+02
   8.6000000e+01
   1.1443898e+02
   1.1450895e+02
   1.1457891e+02
   1.1464888e+02
   1.1471885e+02
   8.5200000e+01
   8.4692095e+01
   8.4476285e+01
   8.4360423e+01
   8.4344509e+01
   8.4328595e+01
   8.4285921e+01
   8.4216488e+01
   8.4383568e+01
   8.4413943e+01
   8.4444318e+01
   8.4494222e+01
   8.4563656e+01
   8.4633089e+01
   8.4702523e+01
