0.112500  0.800000
0.225000  0.800000
0.337500  0.800000
0.450000  0.800000
0.562500  0.800000
0.675000  0.800000
0.787500  0.800000
0.900000  0.800000
1.012500  0.800000
1.125000  0.800000
1.237500  0.800000
1.350000  0.800000
1.462500  0.800000
1.575000  0.800000
1.687500  0.800000
1.800000  0.800000
1.912500  0.800000
2.025000  0.800000
2.137500  1.600000
2.390625  1.600000
2.960156  1.600000
3.339844  2.400000
4.194141  2.400000
4.763672  3.200000
6.045117  3.200000
6.614648  4.000000
7.896094  4.000000
8.465625  4.800000
9.747070  4.800000
10.316602  5.600000
11.598047  5.600000
12.167578  6.400000
13.449023  6.400000
14.018555  7.200000
15.300000  7.200000
16.154297  8.000000
18.076465  8.000000
18.930762  8.800000
20.852930  8.800000
21.707227  9.600000
23.629395  10.400000
25.551562  10.400000
26.405859  11.200000
28.328027  11.200000
29.182324  12.000000
31.104492  12.000000
