   8.5049185e-04
   8.6320346e-04
   8.7034063e-04
   8.7034063e-04
   8.6320346e-04
   8.5049185e-04
   0.0000000e+00
   0.0000000e+00
   0.0000000e+00
   0.0000000e+00
   0.0000000e+00
   0.0000000e+00
   0.0000000e+00
   0.0000000e+00
   0.0000000e+00
   0.0000000e+00
   0.0000000e+00
   0.0000000e+00
   0.0000000e+00
   0.0000000e+00
   0.0000000e+00
   0.0000000e+00
   0.0000000e+00
   0.0000000e+00
   0.0000000e+00
   0.0000000e+00
   0.0000000e+00
   0.0000000e+00
   0.0000000e+00
   0.0000000e+00
   0.0000000e+00
   0.0000000e+00
   0.0000000e+00
   0.0000000e+00
   0.0000000e+00
   0.0000000e+00
   0.0000000e+00
   0.0000000e+00
   0.0000000e+00
   0.0000000e+00
   0.0000000e+00
   0.0000000e+00
   0.0000000e+00
   0.0000000e+00
   0.0000000e+00
   0.0000000e+00
   0.0000000e+00
   0.0000000e+00
   0.0000000e+00
   0.0000000e+00
   0.0000000e+00
   0.0000000e+00
   0.0000000e+00
   0.0000000e+00
   0.0000000e+00
   0.0000000e+00
   8.3274643e-04
   8.3274643e-04
   8.1023997e-04
   8.1023997e-04
   7.8310189e-04
   7.8310189e-04
   7.5135952e-04
   7.5135952e-04
   7.1495234e-04
   7.1495234e-04
   6.7373202e-04
   6.7373202e-04
   6.2745129e-04
   6.2745129e-04
   5.7573982e-04
   5.7573982e-04
   5.1806089e-04
   5.1806089e-04
   4.5363538e-04
   4.5363538e-04
   3.8130369e-04
   3.8130369e-04
   2.9926365e-04
   2.9926365e-04
   2.0458365e-04
   2.0458365e-04
   9.3173607e-05
   9.3173607e-05
