0.112500  1  25.204981	
0.225000  1  26.130094	
0.337500  1  26.657203	
0.450000  1  27.106378	
0.562500  1  27.429124	
0.675000  1  27.596590	
0.787500  1  27.612540	
0.900000  1  27.508973	
1.012500  1  27.334617	
1.125000  1  27.142309	
1.237500  1  26.974804	
1.350000  1  26.853062	
1.462500  1  26.775808	
1.575000  1  26.729224	
1.687500  1  26.697760	
1.800000  1  26.669808	
1.912500  1  26.638794	
2.025000  1  26.602305	
2.137500  1  26.561034	
2.390625  1  26.482479	
2.960156  1  26.374879	
3.339844  1  26.314535	
4.194141  1  26.217085	
4.763672  1  26.164142	
6.045117  1  26.076859	
6.614648  1  26.044485	
7.896094  1  25.994883	
8.465625  1  25.972447	
9.747070  1  25.935697	
10.316602  1  25.917949	
11.598047  1  25.887679	
12.167578  1  25.873404	
13.449023  1  25.847400	
14.018555  1  25.835879	
15.300000  1  25.813165	
16.154297  1  25.798608	
18.076465  1  25.769314	
18.930762  1  25.756470	
20.852930  1  25.735060	
21.707227  1  25.725219	
23.629395  1  25.708466	
25.551562  1  25.691922	
26.405859  1  25.684080	
28.328027  1  25.668948	
29.182324  1  25.662206	
31.104492  1  25.649245	
