0.112500  1  0.013250	
0.225000  1  0.013250	
0.337500  1  0.013250	
0.450000  1  0.013250	
0.562500  1  0.013250	
0.675000  1  0.013250	
0.787500  1  0.013250	
0.900000  1  0.013250	
1.012500  1  0.013250	
1.125000  1  0.013250	
1.237500  1  0.013250	
1.350000  1  0.013250	
1.462500  1  0.013250	
1.575000  1  0.013250	
1.687500  1  0.013250	
1.800000  1  0.013250	
1.912500  1  0.013250	
2.025000  1  0.013250	
2.137500  1  0.013250	
2.390625  1  0.013250	
2.960156  1  0.013250	
3.339844  1  0.013250	
4.194141  1  0.013250	
4.763672  1  0.013250	
6.045117  1  0.013250	
6.614648  1  0.013250	
7.896094  1  0.013250	
8.465625  1  0.013250	
9.747070  1  0.013250	
10.316602  1  0.013250	
11.598047  1  0.013250	
12.167578  1  0.013250	
13.449023  1  0.013250	
14.018555  1  0.013250	
15.300000  1  0.013250	
16.154297  1  0.013250	
18.076465  1  0.013250	
18.930762  1  0.013250	
20.852930  1  0.013250	
21.707227  1  0.013250	
23.629395  1  0.013250	
25.551562  1  0.013250	
26.405859  1  0.013250	
28.328027  1  0.013250	
29.182324  1  0.013250	
31.104492  1  0.013250	
