0.112500  1  0.000056	
0.225000  1  0.000111	
0.337500  1  0.000164	
0.450000  1  0.000212	
0.562500  1  0.000251	
0.675000  1  0.000279	
0.787500  1  0.000297	
0.900000  1  0.000307	
1.012500  1  0.000311	
1.125000  1  0.000314	
1.237500  1  0.000318	
1.350000  1  0.000324	
1.462500  1  0.000331	
1.575000  1  0.000339	
1.687500  1  0.000347	
1.800000  1  0.000353	
1.912500  1  0.000359	
2.025000  1  0.000364	
2.137500  1  0.000368	
2.390625  1  0.000378	
2.960156  1  0.000401	
3.339844  1  0.000415	
4.194141  1  0.000444	
4.763672  1  0.000462	
6.045117  1  0.000498	
6.614648  1  0.000514	
7.896094  1  0.000547	
8.465625  1  0.000561	
9.747070  1  0.000589	
10.316602  1  0.000601	
11.598047  1  0.000625	
12.167578  1  0.000635	
13.449023  1  0.000657	
14.018555  1  0.000666	
15.300000  1  0.000686	
16.154297  1  0.000698	
18.076465  1  0.000724	
18.930762  1  0.000736	
20.852930  1  0.000761	
21.707227  1  0.000772	
23.629395  1  0.000796	
25.551562  1  0.000818	
26.405859  1  0.000827	
28.328027  1  0.000846	
29.182324  1  0.000855	
31.104492  1  0.000874	
