   9.9600000e+01
   1.0040000e+02
   9.8800000e+01
   1.0120000e+02
   9.8000000e+01
   1.0200000e+02
   9.7200000e+01
   1.0280000e+02
   9.6400000e+01
   1.0360000e+02
   9.5600000e+01
   1.0440000e+02
   9.4800000e+01
   1.0520000e+02
   9.4000000e+01
   1.0600000e+02
   9.3200000e+01
   1.0680000e+02
   9.2400000e+01
   1.0760000e+02
   9.1600000e+01
   1.0840000e+02
   9.0800000e+01
   1.0920000e+02
   9.0000000e+01
   1.1000000e+02
   8.9200000e+01
   1.1080000e+02
   8.8400000e+01
   1.1160000e+02
   8.7600000e+01
   1.1240000e+02
   8.6800000e+01
   1.1320000e+02
