   1.0000000e+00   3.0000000e+00  -2.6150244e+02
   1.0000000e+00   2.0000000e+00   4.5620077e+01
   2.0000000e+00   1.0000000e+00  -4.5620077e+01
   2.0000000e+00   4.0000000e+00  -1.6187426e+02
   3.0000000e+00   5.0000000e+00  -4.8921016e+02
   3.0000000e+00   1.0000000e+00   2.6150244e+02
   4.0000000e+00   2.0000000e+00   1.6187426e+02
   4.0000000e+00   6.0000000e+00  -3.6198380e+02
   5.0000000e+00   7.0000000e+00  -7.6048321e+02
   5.0000000e+00   3.0000000e+00   4.8921016e+02
   6.0000000e+00   4.0000000e+00   3.6198380e+02
   6.0000000e+00   1.1000000e+01  -5.7904350e+02
   7.0000000e+00   8.0000000e+00  -1.0807683e+03
   7.0000000e+00   5.0000000e+00   7.6048321e+02
   8.0000000e+00   9.0000000e+00  -1.1879141e+03
   8.0000000e+00   7.0000000e+00   1.0807683e+03
   9.0000000e+00   1.0000000e+01  -1.2857745e+03
   9.0000000e+00   8.0000000e+00   1.1879141e+03
   1.0000000e+01   2.3000000e+01  -9.6849872e+02
   1.0000000e+01   9.0000000e+00   1.2857745e+03
   1.0000000e+01   2.7000000e+01  -3.9274754e+02
   1.1000000e+01   6.0000000e+00   5.7904350e+02
   1.1000000e+01   1.2000000e+01  -8.0785487e+02
   1.2000000e+01   1.1000000e+01   8.0785487e+02
   1.2000000e+01   1.3000000e+01  -8.7990391e+02
   1.3000000e+01   1.2000000e+01   8.7990391e+02
   1.3000000e+01   1.4000000e+01  -9.5258533e+02
   1.4000000e+01   1.3000000e+01   9.5258533e+02
   1.4000000e+01   1.5000000e+01  -1.0020322e+03
   1.4000000e+01   1.9000000e+01  -7.6074965e+01
   1.5000000e+01   1.6000000e+01  -7.2818531e+00
   1.5000000e+01   1.9000000e+01   1.1264479e+00
   1.5000000e+01   1.4000000e+01   1.0020322e+03
   1.6000000e+01   1.7000000e+01   7.9695840e-01
   1.6000000e+01   1.5000000e+01   7.2818531e+00
   1.7000000e+01   1.8000000e+01  -4.3484732e+00
   1.7000000e+01   1.6000000e+01  -7.9695840e-01
   1.8000000e+01   3.1000000e+01  -1.4049463e-01
   1.8000000e+01   1.7000000e+01   4.3484732e+00
   1.9000000e+01   1.5000000e+01  -1.1264479e+00
   1.9000000e+01   2.0000000e+01  -2.1052742e+01
   1.9000000e+01   1.4000000e+01   7.6074965e+01
   2.0000000e+01   1.9000000e+01   2.1052742e+01
   2.0000000e+01   2.1000000e+01   2.2126388e+00
   2.1000000e+01   2.0000000e+01  -2.2126388e+00
   2.1000000e+01   2.2000000e+01  -3.5776072e+00
   2.2000000e+01   2.1000000e+01   3.5776072e+00
   2.2000000e+01   3.2000000e+01  -4.2585681e+00
   2.3000000e+01   2.4000000e+01  -6.8615959e+00
   2.3000000e+01   2.7000000e+01   8.9132993e-01
   2.3000000e+01   1.0000000e+01   9.6849872e+02
   2.4000000e+01   2.5000000e+01   7.4448782e-01
   2.4000000e+01   2.3000000e+01   6.8615959e+00
   2.5000000e+01   2.6000000e+01  -4.3377900e+00
   2.5000000e+01   2.4000000e+01  -7.4448782e-01
   2.6000000e+01   3.3000000e+01  -2.2560609e+00
   2.6000000e+01   2.5000000e+01   4.3377900e+00
   2.7000000e+01   2.3000000e+01  -8.9132993e-01
   2.7000000e+01   2.8000000e+01  -1.9857742e+01
   2.7000000e+01   1.0000000e+01   3.9274754e+02
   2.8000000e+01   2.7000000e+01   1.9857742e+01
   2.8000000e+01   2.9000000e+01   1.9963186e+00
   2.9000000e+01   2.8000000e+01  -1.9963186e+00
   2.9000000e+01   3.0000000e+01  -3.4977504e+00
   3.0000000e+01   2.9000000e+01   3.4977504e+00
   3.0000000e+01   3.4000000e+01  -3.7895932e+00
   3.1000000e+01   3.5000000e+01  -8.1367789e+00
   3.1000000e+01   1.8000000e+01   1.4049463e-01
   3.2000000e+01   2.2000000e+01   4.2585681e+00
   3.2000000e+01   3.6000000e+01  -9.4708000e-01
   3.3000000e+01   3.7000000e+01  -8.3896306e+00
   3.3000000e+01   2.6000000e+01   2.2560609e+00
   3.4000000e+01   3.0000000e+01   3.7895932e+00
   3.4000000e+01   3.8000000e+01  -3.5947120e+00
   3.5000000e+01   3.1000000e+01   8.1367789e+00
   3.5000000e+01   3.9000000e+01  -1.0596793e+01
   3.6000000e+01   4.0000000e+01  -1.6921941e+00
   3.6000000e+01   3.2000000e+01   9.4708000e-01
   3.7000000e+01   3.3000000e+01   8.3896306e+00
   3.7000000e+01   4.1000000e+01  -1.0315548e+01
   3.8000000e+01   4.2000000e+01  -3.2189618e+00
   3.8000000e+01   3.4000000e+01   3.5947120e+00
   3.9000000e+01   3.5000000e+01   1.0596793e+01
   3.9000000e+01   4.3000000e+01  -1.1586517e+01
   4.0000000e+01   4.4000000e+01  -1.9326546e+00
   4.0000000e+01   3.6000000e+01   1.6921941e+00
   4.1000000e+01   3.7000000e+01   1.0315548e+01
   4.1000000e+01   4.5000000e+01  -1.0883085e+01
   4.2000000e+01   4.6000000e+01  -2.4140104e+00
   4.2000000e+01   3.8000000e+01   3.2189618e+00
   4.3000000e+01   4.9000000e+01  -1.0075528e+01
   4.3000000e+01   3.9000000e+01   1.1586517e+01
   4.4000000e+01   4.7000000e+01  -2.1395715e+00
   4.4000000e+01   4.0000000e+01   1.9326546e+00
   4.5000000e+01   5.0000000e+01  -9.7575648e+00
   4.5000000e+01   4.1000000e+01   1.0883085e+01
   4.6000000e+01   4.8000000e+01  -1.9600786e+00
   4.6000000e+01   4.2000000e+01   2.4140104e+00
   4.7000000e+01   4.4000000e+01   2.1395715e+00
   4.7000000e+01   5.1000000e+01  -2.1162363e+00
   4.8000000e+01   4.6000000e+01   1.9600786e+00
   4.8000000e+01   5.2000000e+01  -1.6287233e+00
   4.9000000e+01   5.3000000e+01  -7.9353563e+00
   4.9000000e+01   4.3000000e+01   1.0075528e+01
   5.0000000e+01   5.4000000e+01  -8.4203708e+00
   5.0000000e+01   4.5000000e+01   9.7575648e+00
   5.1000000e+01   4.7000000e+01   2.1162363e+00
   5.1000000e+01   5.5000000e+01  -1.8480007e+00
   5.2000000e+01   4.8000000e+01   1.6287233e+00
   5.2000000e+01   5.6000000e+01  -1.7692607e+00
   5.3000000e+01   5.7000000e+01  -5.8626274e+00
   5.3000000e+01   4.9000000e+01   7.9353563e+00
   5.4000000e+01   6.1000000e+01  -6.0354838e+00
   5.4000000e+01   5.0000000e+01   8.4203708e+00
   5.5000000e+01   6.5000000e+01  -1.6667668e+00
   5.5000000e+01   5.1000000e+01   1.8480007e+00
   5.6000000e+01   6.6000000e+01  -1.6915808e+00
   5.6000000e+01   5.2000000e+01   1.7692607e+00
   5.7000000e+01   5.8000000e+01  -7.4640775e+00
   5.7000000e+01   5.3000000e+01   5.8626274e+00
   5.8000000e+01   5.9000000e+01  -1.2089465e+01
   5.8000000e+01   5.7000000e+01   7.4640775e+00
   5.9000000e+01   6.0000000e+01  -1.6012571e+01
   5.9000000e+01   5.8000000e+01   1.2089465e+01
   6.0000000e+01   7.8000000e+01   3.6716450e+00
   6.0000000e+01   5.9000000e+01   1.6012571e+01
   6.0000000e+01   8.2000000e+01   1.1276045e+01
   6.1000000e+01   6.2000000e+01  -7.5299191e+00
   6.1000000e+01   5.4000000e+01   6.0354838e+00
   6.2000000e+01   6.3000000e+01  -1.1909905e+01
   6.2000000e+01   6.1000000e+01   7.5299191e+00
   6.3000000e+01   6.4000000e+01  -1.5549273e+01
   6.3000000e+01   6.2000000e+01   1.1909905e+01
   6.4000000e+01   6.9000000e+01   3.6034936e+00
   6.4000000e+01   6.3000000e+01   1.5549273e+01
   6.4000000e+01   7.3000000e+01   1.0331915e+01
   6.5000000e+01   5.5000000e+01   1.6667668e+00
   6.5000000e+01   6.7000000e+01  -1.4597260e+00
   6.6000000e+01   5.6000000e+01   1.6915808e+00
   6.6000000e+01   6.8000000e+01  -1.4716199e+00
   6.7000000e+01   6.5000000e+01   1.4597260e+00
   6.7000000e+01   9.7000000e+01  -1.4336809e+00
   6.8000000e+01   6.6000000e+01   1.4716199e+00
   6.8000000e+01   9.8000000e+01  -1.4295211e+00
   6.9000000e+01   7.0000000e+01   2.2821289e-01
   6.9000000e+01   7.3000000e+01   5.2244849e-01
   6.9000000e+01   6.4000000e+01  -3.6034936e+00
   7.0000000e+01   7.1000000e+01   6.8949830e-02
   7.0000000e+01   6.9000000e+01  -2.2821289e-01
   7.1000000e+01   7.2000000e+01   1.4321309e-02
   7.1000000e+01   7.0000000e+01  -6.8949830e-02
   7.2000000e+01   7.1000000e+01  -1.4321309e-02
   7.3000000e+01   6.9000000e+01  -5.2244849e-01
   7.3000000e+01   7.4000000e+01  -4.1632086e-01
   7.3000000e+01   6.4000000e+01  -1.0331915e+01
   7.4000000e+01   7.3000000e+01   4.1632086e-01
   7.4000000e+01   7.5000000e+01  -3.4929031e-01
   7.5000000e+01   7.4000000e+01   3.4929031e-01
   7.5000000e+01   7.6000000e+01  -3.7787471e-01
   7.6000000e+01   7.5000000e+01   3.7787471e-01
   7.6000000e+01   7.7000000e+01  -3.9546055e-01
   7.7000000e+01   7.6000000e+01   3.9546055e-01
   7.7000000e+01   8.7000000e+01  -3.5223796e-01
   7.8000000e+01   7.9000000e+01   2.3379535e-01
   7.8000000e+01   8.2000000e+01   6.1342154e-01
   7.8000000e+01   6.0000000e+01  -3.6716450e+00
   7.9000000e+01   8.0000000e+01   6.9654558e-02
   7.9000000e+01   7.8000000e+01  -2.3379535e-01
   8.0000000e+01   8.1000000e+01   1.4610609e-02
   8.0000000e+01   7.9000000e+01  -6.9654558e-02
   8.1000000e+01   8.0000000e+01  -1.4610609e-02
   8.2000000e+01   7.8000000e+01  -6.1342154e-01
   8.2000000e+01   8.3000000e+01  -4.9866279e-01
   8.2000000e+01   6.0000000e+01  -1.1276045e+01
   8.3000000e+01   8.2000000e+01   4.9866279e-01
   8.3000000e+01   8.4000000e+01  -3.6499750e-01
   8.4000000e+01   8.3000000e+01   3.6499750e-01
   8.4000000e+01   8.5000000e+01  -3.7878708e-01
   8.5000000e+01   8.4000000e+01   3.7878708e-01
   8.5000000e+01   8.6000000e+01  -3.9568459e-01
   8.6000000e+01   8.5000000e+01   3.9568459e-01
   8.6000000e+01   9.2000000e+01  -3.5241563e-01
   8.7000000e+01   7.7000000e+01   3.5223796e-01
   8.7000000e+01   8.8000000e+01  -3.0179648e-01
   8.8000000e+01   8.7000000e+01   3.0179648e-01
   8.8000000e+01   8.9000000e+01  -2.4577774e-01
   8.9000000e+01   8.8000000e+01   2.4577774e-01
   8.9000000e+01   9.0000000e+01  -1.7439520e-01
   9.0000000e+01   8.9000000e+01   1.7439520e-01
   9.0000000e+01   1.1300000e+02  -1.0194814e-01
   9.1000000e+01   1.1400000e+02  -1.5868403e-02
   9.1000000e+01   1.1500000e+02  -4.3879088e-01
   9.1000000e+01   1.1200000e+02   6.8030129e-01
   9.2000000e+01   8.6000000e+01   3.5241563e-01
   9.2000000e+01   9.3000000e+01  -3.0220330e-01
   9.3000000e+01   9.2000000e+01   3.0220330e-01
   9.3000000e+01   9.4000000e+01  -2.4768461e-01
   9.4000000e+01   9.3000000e+01   2.4768461e-01
   9.4000000e+01   9.5000000e+01  -1.9122432e-01
   9.5000000e+01   9.4000000e+01   1.9122432e-01
   9.5000000e+01   1.0600000e+02  -1.3843473e-01
   9.6000000e+01   1.0700000e+02  -3.1995464e-02
   9.6000000e+01   1.0800000e+02  -4.2894415e-01
   9.6000000e+01   1.0500000e+02   8.6240503e-01
   9.7000000e+01   6.7000000e+01   1.4336809e+00
   9.7000000e+01   1.0100000e+02  -1.4322657e+00
   9.8000000e+01   6.8000000e+01   1.4295211e+00
   9.8000000e+01   1.0200000e+02  -1.4212954e+00
   9.9000000e+01   1.1600000e+02   1.1326636e-01
   1.0000000e+02   1.0900000e+02   9.5301264e-02
   1.0100000e+02   1.0300000e+02  -1.2760679e+00
   1.0100000e+02   9.7000000e+01   1.4322657e+00
   1.0200000e+02   1.1000000e+02  -1.2597311e+00
   1.0200000e+02   9.8000000e+01   1.4212954e+00
   1.0300000e+02   1.0100000e+02   1.2760679e+00
   1.0300000e+02   1.0400000e+02  -7.8828806e-01
   1.0400000e+02   1.0300000e+02   7.8828806e-01
   1.0400000e+02   1.0500000e+02  -1.0866897e+00
   1.0500000e+02   1.0400000e+02   1.0866897e+00
   1.0500000e+02   1.0700000e+02  -9.2350951e-01
   1.0500000e+02   9.6000000e+01  -8.6240503e-01
   1.0600000e+02   9.5000000e+01   1.3843473e-01
   1.0600000e+02   1.0700000e+02   1.2999450e-01
   1.0700000e+02   1.0600000e+02  -1.2999450e-01
   1.0700000e+02   9.6000000e+01   3.1995464e-02
   1.0700000e+02   1.0500000e+02   9.2350951e-01
   1.0800000e+02   9.6000000e+01   4.2894415e-01
   1.0800000e+02   1.0900000e+02  -2.0412024e-01
   1.0900000e+02   1.0800000e+02   2.0412024e-01
   1.0900000e+02   1.0000000e+02  -9.5301264e-02
   1.1000000e+02   1.0200000e+02   1.2597311e+00
   1.1000000e+02   1.1100000e+02  -8.3017446e-01
   1.1100000e+02   1.1000000e+02   8.3017446e-01
   1.1100000e+02   1.1200000e+02  -1.1195053e+00
   1.1200000e+02   1.1100000e+02   1.1195053e+00
   1.1200000e+02   1.1400000e+02  -7.3101613e-01
   1.1200000e+02   9.1000000e+01  -6.8030129e-01
   1.1300000e+02   9.0000000e+01   1.0194814e-01
   1.1300000e+02   1.1400000e+02   1.5589712e-01
   1.1400000e+02   1.1300000e+02  -1.5589712e-01
   1.1400000e+02   9.1000000e+01   1.5868403e-02
   1.1400000e+02   1.1200000e+02   7.3101613e-01
   1.1500000e+02   9.1000000e+01   4.3879088e-01
   1.1500000e+02   1.1600000e+02  -2.4156471e-01
   1.1600000e+02   1.1500000e+02   2.4156471e-01
   1.1600000e+02   9.9000000e+01  -1.1326636e-01
   0.0000000e+00   0.0000000e+00   0.0000000e+00
   0.0000000e+00   0.0000000e+00   0.0000000e+00
   0.0000000e+00   0.0000000e+00   0.0000000e+00
   0.0000000e+00   0.0000000e+00   0.0000000e+00
   0.0000000e+00   0.0000000e+00   0.0000000e+00
   0.0000000e+00   0.0000000e+00   0.0000000e+00
   0.0000000e+00   0.0000000e+00   0.0000000e+00
   0.0000000e+00   0.0000000e+00   0.0000000e+00
   0.0000000e+00   0.0000000e+00   0.0000000e+00
   0.0000000e+00   0.0000000e+00   0.0000000e+00
   0.0000000e+00   0.0000000e+00   0.0000000e+00
   0.0000000e+00   0.0000000e+00   0.0000000e+00
   0.0000000e+00   0.0000000e+00   0.0000000e+00
   0.0000000e+00   0.0000000e+00   0.0000000e+00
   0.0000000e+00   0.0000000e+00   0.0000000e+00
   0.0000000e+00   0.0000000e+00   0.0000000e+00
   0.0000000e+00   0.0000000e+00   0.0000000e+00
   0.0000000e+00   0.0000000e+00   0.0000000e+00
   0.0000000e+00   0.0000000e+00   0.0000000e+00
   0.0000000e+00   0.0000000e+00   0.0000000e+00
   0.0000000e+00   0.0000000e+00   0.0000000e+00
   0.0000000e+00   0.0000000e+00   0.0000000e+00
   0.0000000e+00   0.0000000e+00   0.0000000e+00
   0.0000000e+00   0.0000000e+00   0.0000000e+00
   0.0000000e+00   0.0000000e+00   0.0000000e+00
   0.0000000e+00   0.0000000e+00   0.0000000e+00
   0.0000000e+00   0.0000000e+00   0.0000000e+00
   0.0000000e+00   0.0000000e+00   0.0000000e+00
   0.0000000e+00   0.0000000e+00   0.0000000e+00
   0.0000000e+00   0.0000000e+00   0.0000000e+00
   0.0000000e+00   0.0000000e+00   0.0000000e+00
   0.0000000e+00   0.0000000e+00   0.0000000e+00
   0.0000000e+00   0.0000000e+00   0.0000000e+00
   0.0000000e+00   0.0000000e+00   0.0000000e+00
   0.0000000e+00   0.0000000e+00   0.0000000e+00
   0.0000000e+00   0.0000000e+00   0.0000000e+00
   0.0000000e+00   0.0000000e+00   0.0000000e+00
   0.0000000e+00   0.0000000e+00   0.0000000e+00
   0.0000000e+00   0.0000000e+00   0.0000000e+00
   0.0000000e+00   0.0000000e+00   0.0000000e+00
   0.0000000e+00   0.0000000e+00   0.0000000e+00
   0.0000000e+00   0.0000000e+00   0.0000000e+00
   0.0000000e+00   0.0000000e+00   0.0000000e+00
   0.0000000e+00   0.0000000e+00   0.0000000e+00
   0.0000000e+00   0.0000000e+00   0.0000000e+00
   0.0000000e+00   0.0000000e+00   0.0000000e+00
   0.0000000e+00   0.0000000e+00   0.0000000e+00
   0.0000000e+00   0.0000000e+00   0.0000000e+00
   0.0000000e+00   0.0000000e+00   0.0000000e+00
   0.0000000e+00   0.0000000e+00   0.0000000e+00
   0.0000000e+00   0.0000000e+00   0.0000000e+00
   0.0000000e+00   0.0000000e+00   0.0000000e+00
   0.0000000e+00   0.0000000e+00   0.0000000e+00
   0.0000000e+00   0.0000000e+00   0.0000000e+00
   0.0000000e+00   0.0000000e+00   0.0000000e+00
   0.0000000e+00   0.0000000e+00   0.0000000e+00
   0.0000000e+00   0.0000000e+00   0.0000000e+00
   0.0000000e+00   0.0000000e+00   0.0000000e+00
   0.0000000e+00   0.0000000e+00   0.0000000e+00
   0.0000000e+00   0.0000000e+00   0.0000000e+00
   0.0000000e+00   0.0000000e+00   0.0000000e+00
   0.0000000e+00   0.0000000e+00   0.0000000e+00
   0.0000000e+00   0.0000000e+00   0.0000000e+00
   0.0000000e+00   0.0000000e+00   0.0000000e+00
   0.0000000e+00   0.0000000e+00   0.0000000e+00
   0.0000000e+00   0.0000000e+00   0.0000000e+00
   0.0000000e+00   0.0000000e+00   0.0000000e+00
   0.0000000e+00   0.0000000e+00   0.0000000e+00
   0.0000000e+00   0.0000000e+00   0.0000000e+00
   0.0000000e+00   0.0000000e+00   0.0000000e+00
   0.0000000e+00   0.0000000e+00   0.0000000e+00
   0.0000000e+00   0.0000000e+00   0.0000000e+00
   0.0000000e+00   0.0000000e+00   0.0000000e+00
   0.0000000e+00   0.0000000e+00   0.0000000e+00
   0.0000000e+00   0.0000000e+00   0.0000000e+00
   0.0000000e+00   0.0000000e+00   0.0000000e+00
   0.0000000e+00   0.0000000e+00   0.0000000e+00
   0.0000000e+00   0.0000000e+00   0.0000000e+00
   0.0000000e+00   0.0000000e+00   0.0000000e+00
   0.0000000e+00   0.0000000e+00   0.0000000e+00
   0.0000000e+00   0.0000000e+00   0.0000000e+00
   0.0000000e+00   0.0000000e+00   0.0000000e+00
   0.0000000e+00   0.0000000e+00   0.0000000e+00
   0.0000000e+00   0.0000000e+00   0.0000000e+00
   0.0000000e+00   0.0000000e+00   0.0000000e+00
   0.0000000e+00   0.0000000e+00   0.0000000e+00
   0.0000000e+00   0.0000000e+00   0.0000000e+00
   0.0000000e+00   0.0000000e+00   0.0000000e+00
   0.0000000e+00   0.0000000e+00   0.0000000e+00
   0.0000000e+00   0.0000000e+00   0.0000000e+00
   0.0000000e+00   0.0000000e+00   0.0000000e+00
   0.0000000e+00   0.0000000e+00   0.0000000e+00
   0.0000000e+00   0.0000000e+00   0.0000000e+00
   0.0000000e+00   0.0000000e+00   0.0000000e+00
   0.0000000e+00   0.0000000e+00   0.0000000e+00
   0.0000000e+00   0.0000000e+00   0.0000000e+00
   0.0000000e+00   0.0000000e+00   0.0000000e+00
   0.0000000e+00   0.0000000e+00   0.0000000e+00
   0.0000000e+00   0.0000000e+00   0.0000000e+00
   0.0000000e+00   0.0000000e+00   0.0000000e+00
   0.0000000e+00   0.0000000e+00   0.0000000e+00
   0.0000000e+00   0.0000000e+00   0.0000000e+00
   0.0000000e+00   0.0000000e+00   0.0000000e+00
   0.0000000e+00   0.0000000e+00   0.0000000e+00
   0.0000000e+00   0.0000000e+00   0.0000000e+00
   0.0000000e+00   0.0000000e+00   0.0000000e+00
   0.0000000e+00   0.0000000e+00   0.0000000e+00
   0.0000000e+00   0.0000000e+00   0.0000000e+00
   0.0000000e+00   0.0000000e+00   0.0000000e+00
   0.0000000e+00   0.0000000e+00   0.0000000e+00
   0.0000000e+00   0.0000000e+00   0.0000000e+00
   0.0000000e+00   0.0000000e+00   0.0000000e+00
   0.0000000e+00   0.0000000e+00   0.0000000e+00
   0.0000000e+00   0.0000000e+00   0.0000000e+00
   0.0000000e+00   0.0000000e+00   0.0000000e+00
   0.0000000e+00   0.0000000e+00   0.0000000e+00
   0.0000000e+00   0.0000000e+00   0.0000000e+00
   0.0000000e+00   0.0000000e+00   0.0000000e+00
   0.0000000e+00   0.0000000e+00   0.0000000e+00
   0.0000000e+00   0.0000000e+00   0.0000000e+00
   0.0000000e+00   0.0000000e+00   0.0000000e+00
   0.0000000e+00   0.0000000e+00   0.0000000e+00
   0.0000000e+00   0.0000000e+00   0.0000000e+00
   0.0000000e+00   0.0000000e+00   0.0000000e+00
   0.0000000e+00   0.0000000e+00   0.0000000e+00
   0.0000000e+00   0.0000000e+00   0.0000000e+00
   0.0000000e+00   0.0000000e+00   0.0000000e+00
   0.0000000e+00   0.0000000e+00   0.0000000e+00
   0.0000000e+00   0.0000000e+00   0.0000000e+00
   0.0000000e+00   0.0000000e+00   0.0000000e+00
   0.0000000e+00   0.0000000e+00   0.0000000e+00
   0.0000000e+00   0.0000000e+00   0.0000000e+00
   0.0000000e+00   0.0000000e+00   0.0000000e+00
   0.0000000e+00   0.0000000e+00   0.0000000e+00
   0.0000000e+00   0.0000000e+00   0.0000000e+00
   0.0000000e+00   0.0000000e+00   0.0000000e+00
   0.0000000e+00   0.0000000e+00   0.0000000e+00
   0.0000000e+00   0.0000000e+00   0.0000000e+00
   0.0000000e+00   0.0000000e+00   0.0000000e+00
   0.0000000e+00   0.0000000e+00   0.0000000e+00
   0.0000000e+00   0.0000000e+00   0.0000000e+00
   0.0000000e+00   0.0000000e+00   0.0000000e+00
   0.0000000e+00   0.0000000e+00   0.0000000e+00
   0.0000000e+00   0.0000000e+00   0.0000000e+00
   0.0000000e+00   0.0000000e+00   0.0000000e+00
   0.0000000e+00   0.0000000e+00   0.0000000e+00
   0.0000000e+00   0.0000000e+00   0.0000000e+00
   0.0000000e+00   0.0000000e+00   0.0000000e+00
   0.0000000e+00   0.0000000e+00   0.0000000e+00
   0.0000000e+00   0.0000000e+00   0.0000000e+00
   0.0000000e+00   0.0000000e+00   0.0000000e+00
   0.0000000e+00   0.0000000e+00   0.0000000e+00
   0.0000000e+00   0.0000000e+00   0.0000000e+00
   0.0000000e+00   0.0000000e+00   0.0000000e+00
   0.0000000e+00   0.0000000e+00   0.0000000e+00
   0.0000000e+00   0.0000000e+00   0.0000000e+00
   0.0000000e+00   0.0000000e+00   0.0000000e+00
   0.0000000e+00   0.0000000e+00   0.0000000e+00
   0.0000000e+00   0.0000000e+00   0.0000000e+00
   0.0000000e+00   0.0000000e+00   0.0000000e+00
   0.0000000e+00   0.0000000e+00   0.0000000e+00
   0.0000000e+00   0.0000000e+00   0.0000000e+00
   0.0000000e+00   0.0000000e+00   0.0000000e+00
   0.0000000e+00   0.0000000e+00   0.0000000e+00
   0.0000000e+00   0.0000000e+00   0.0000000e+00
   0.0000000e+00   0.0000000e+00   0.0000000e+00
   0.0000000e+00   0.0000000e+00   0.0000000e+00
   0.0000000e+00   0.0000000e+00   0.0000000e+00
   0.0000000e+00   0.0000000e+00   0.0000000e+00
   0.0000000e+00   0.0000000e+00   0.0000000e+00
   0.0000000e+00   0.0000000e+00   0.0000000e+00
   0.0000000e+00   0.0000000e+00   0.0000000e+00
   0.0000000e+00   0.0000000e+00   0.0000000e+00
   0.0000000e+00   0.0000000e+00   0.0000000e+00
   0.0000000e+00   0.0000000e+00   0.0000000e+00
   0.0000000e+00   0.0000000e+00   0.0000000e+00
   0.0000000e+00   0.0000000e+00   0.0000000e+00
   0.0000000e+00   0.0000000e+00   0.0000000e+00
   0.0000000e+00   0.0000000e+00   0.0000000e+00
   0.0000000e+00   0.0000000e+00   0.0000000e+00
   0.0000000e+00   0.0000000e+00   0.0000000e+00
   0.0000000e+00   0.0000000e+00   0.0000000e+00
   0.0000000e+00   0.0000000e+00   0.0000000e+00
   0.0000000e+00   0.0000000e+00   0.0000000e+00
   0.0000000e+00   0.0000000e+00   0.0000000e+00
   0.0000000e+00   0.0000000e+00   0.0000000e+00
   0.0000000e+00   0.0000000e+00   0.0000000e+00
   0.0000000e+00   0.0000000e+00   0.0000000e+00
   0.0000000e+00   0.0000000e+00   0.0000000e+00
   0.0000000e+00   0.0000000e+00   0.0000000e+00
   0.0000000e+00   0.0000000e+00   0.0000000e+00
   0.0000000e+00   0.0000000e+00   0.0000000e+00
   0.0000000e+00   0.0000000e+00   0.0000000e+00
   0.0000000e+00   0.0000000e+00   0.0000000e+00
   0.0000000e+00   0.0000000e+00   0.0000000e+00
   0.0000000e+00   0.0000000e+00   0.0000000e+00
   0.0000000e+00   0.0000000e+00   0.0000000e+00
   0.0000000e+00   0.0000000e+00   0.0000000e+00
   0.0000000e+00   0.0000000e+00   0.0000000e+00
   0.0000000e+00   0.0000000e+00   0.0000000e+00
   0.0000000e+00   0.0000000e+00   0.0000000e+00
   0.0000000e+00   0.0000000e+00   0.0000000e+00
   0.0000000e+00   0.0000000e+00   0.0000000e+00
   0.0000000e+00   0.0000000e+00   0.0000000e+00
   0.0000000e+00   0.0000000e+00   0.0000000e+00
   0.0000000e+00   0.0000000e+00   0.0000000e+00
   0.0000000e+00   0.0000000e+00   0.0000000e+00
   0.0000000e+00   0.0000000e+00   0.0000000e+00
   0.0000000e+00   0.0000000e+00   0.0000000e+00
   0.0000000e+00   0.0000000e+00   0.0000000e+00
   0.0000000e+00   0.0000000e+00   0.0000000e+00
   0.0000000e+00   0.0000000e+00   0.0000000e+00
   0.0000000e+00   0.0000000e+00   0.0000000e+00
   0.0000000e+00   0.0000000e+00   0.0000000e+00
   0.0000000e+00   0.0000000e+00   0.0000000e+00
   0.0000000e+00   0.0000000e+00   0.0000000e+00
   0.0000000e+00   0.0000000e+00   0.0000000e+00
   0.0000000e+00   0.0000000e+00   0.0000000e+00
